/*--------------------------------*- C++ -*----------------------------------*\
  =========                 |
  \\      /  F ield         | OpenFOAM: The Open Source CFD Toolbox
   \\    /   O peration     | Website:  https://openfoam.org
    \\  /    A nd           | Version:  9
     \\/     M anipulation  |
\*---------------------------------------------------------------------------*/
FoamFile
{
    format      ascii;
    class       surfaceScalarField;
    location    "4.5";
    object      phi;
}
// * * * * * * * * * * * * * * * * * * * * * * * * * * * * * * * * * * * * * //

dimensions      [0 3 -1 0 0 0 0];

internalField   nonuniform List<scalar> 
4432
(
-1.22258e-07
1.22258e-07
-1.2527e-07
3.0121e-09
-8.89546e-08
-3.63144e-08
-4.5367e-08
-4.3587e-08
-3.23104e-09
-4.21372e-08
3.48013e-08
-3.80321e-08
6.93176e-08
-3.45154e-08
1.02538e-07
-3.32244e-08
1.38665e-07
-3.61292e-08
1.83368e-07
-4.47043e-08
2.42286e-07
-5.89192e-08
3.2125e-07
-7.89646e-08
4.31516e-07
-1.10266e-07
5.92062e-07
-1.60548e-07
8.26481e-07
-2.3442e-07
1.14144e-06
-3.14961e-07
1.38067e-06
-2.39229e-07
9.15522e-07
4.6515e-07
-2.23567e-07
1.13909e-06
-1.09441e-06
8.70846e-07
-1.13691e-06
4.25025e-08
-5.85141e-07
-5.51766e-07
-5.85141e-07
-6.27993e-08
1.85058e-07
-7.09104e-08
1.11239e-08
-4.78195e-08
-5.94059e-08
-1.22958e-08
-7.91096e-08
2.73278e-08
-8.17612e-08
6.70158e-08
-7.77247e-08
1.05649e-07
-7.31504e-08
1.44605e-07
-7.21831e-08
1.87123e-07
-7.86489e-08
2.37198e-07
-9.47802e-08
2.98206e-07
-1.19927e-07
3.72552e-07
-1.53312e-07
4.64222e-07
-2.01939e-07
5.7891e-07
-2.75238e-07
7.21613e-07
-3.77125e-07
8.78986e-07
-4.72333e-07
9.65863e-07
-3.26102e-07
6.76343e-07
7.54675e-07
9.80399e-08
1.7174e-06
-4.59684e-07
1.42857e-06
-6.35846e-07
2.18666e-07
-4.80201e-07
-7.07411e-07
-1.06534e-06
-2.65724e-08
2.11631e-07
-3.22827e-08
1.68347e-08
-1.82081e-08
-7.34815e-08
8.85659e-09
-1.06176e-07
4.21188e-08
-1.15024e-07
7.73818e-08
-1.12989e-07
1.13319e-07
-1.09086e-07
1.50783e-07
-1.09646e-07
1.92292e-07
-1.20156e-07
2.40788e-07
-1.43274e-07
2.98e-07
-1.77138e-07
3.63508e-07
-2.18821e-07
4.36204e-07
-2.74636e-07
5.1336e-07
-3.52397e-07
5.88645e-07
-4.52411e-07
6.40711e-07
-5.244e-07
6.35642e-07
-3.21032e-07
4.88635e-07
9.01684e-07
2.9102e-07
1.91502e-06
-6.94604e-09
1.72654e-06
-2.09855e-07
4.21572e-07
-2.38191e-07
-6.79078e-07
-1.30354e-06
-4.9094e-09
2.1654e-07
-7.39614e-09
1.93208e-08
2.51133e-09
-8.33899e-08
2.25373e-08
-1.26203e-07
4.81858e-08
-1.40671e-07
7.68417e-08
-1.41644e-07
1.07355e-07
-1.39596e-07
1.40292e-07
-1.42578e-07
1.77664e-07
-1.57524e-07
2.21725e-07
-1.87331e-07
2.72946e-07
-2.28356e-07
3.285e-07
-2.74374e-07
3.83478e-07
-3.29615e-07
4.29419e-07
-3.98339e-07
4.53848e-07
-4.76841e-07
4.35445e-07
-5.05998e-07
3.66337e-07
-2.51925e-07
3.6972e-07
8.983e-07
3.87405e-07
1.89733e-06
3.16239e-07
1.7977e-06
1.7872e-07
5.59083e-07
5.35132e-08
-5.5388e-07
-1.25003e-06
4.81045e-09
2.1173e-07
9.20407e-09
1.49259e-08
1.53173e-08
-8.95039e-08
2.79455e-08
-1.38832e-07
4.52203e-08
-1.57945e-07
6.59064e-08
-1.62328e-07
8.92627e-08
-1.62948e-07
1.15706e-07
-1.69016e-07
1.4692e-07
-1.88733e-07
1.84767e-07
-2.25172e-07
2.28851e-07
-2.72437e-07
2.74425e-07
-3.19945e-07
3.14047e-07
-3.69237e-07
3.35895e-07
-4.20188e-07
3.25985e-07
-4.66933e-07
2.68811e-07
-4.48826e-07
1.78202e-07
-1.61319e-07
2.65938e-07
8.1056e-07
4.2926e-07
1.734e-06
5.42026e-07
1.68493e-06
4.8481e-07
6.1629e-07
2.82036e-07
-3.51115e-07
-9.68003e-07
1.0664e-08
2.01065e-07
1.65667e-08
9.02185e-09
1.89538e-08
-9.18919e-08
2.37376e-08
-1.43618e-07
3.18821e-08
-1.66089e-07
4.36042e-08
-1.74049e-07
5.86099e-08
-1.77952e-07
7.7201e-08
-1.87605e-07
1.00838e-07
-2.12368e-07
1.31249e-07
-2.55581e-07
1.67603e-07
-3.08789e-07
2.03793e-07
-3.56136e-07
2.31124e-07
-3.96569e-07
2.36436e-07
-4.25501e-07
2.07939e-07
-4.38438e-07
1.39684e-07
-3.80571e-07
6.71574e-08
-8.87929e-08
1.75887e-07
7.01829e-07
4.35838e-07
1.47405e-06
6.61595e-07
1.45916e-06
6.49206e-07
6.28672e-07
4.25489e-07
-1.27402e-07
-5.42515e-07
1.40738e-08
1.86991e-07
1.63605e-08
6.73456e-09
1.31385e-08
-8.86711e-08
9.10749e-09
-1.39588e-07
7.33853e-09
-1.64321e-07
9.40075e-09
-1.76113e-07
1.53308e-08
-1.83884e-07
2.52444e-08
-1.97521e-07
4.03645e-08
-2.27491e-07
6.24779e-08
-2.77698e-07
9.07089e-08
-3.37024e-07
1.1825e-07
-3.8368e-07
1.36302e-07
-4.14625e-07
1.31822e-07
-4.21022e-07
9.71705e-08
-4.03786e-07
3.68753e-08
-3.20274e-07
-2.56378e-09
-4.9351e-08
1.18494e-07
5.80773e-07
4.07784e-07
1.18476e-06
6.71682e-07
1.19527e-06
7.00573e-07
5.99783e-07
4.99967e-07
7.32085e-08
-4.25419e-08
1.12854e-08
1.75705e-07
7.87346e-09
1.01457e-08
-1.18188e-09
-7.96179e-08
-1.55141e-08
-1.25259e-07
-2.80098e-08
-1.51828e-07
-3.59836e-08
-1.68142e-07
-3.9324e-08
-1.80547e-07
-3.82123e-08
-1.98636e-07
-3.20949e-08
-2.33612e-07
-1.89585e-08
-2.90838e-07
6.7038e-10
-3.56656e-07
1.99472e-08
-4.02959e-07
3.11303e-08
-4.25809e-07
2.20818e-08
-4.11974e-07
-1.0424e-08
-3.71279e-07
-5.36601e-08
-2.77036e-07
-5.88746e-08
-4.41341e-08
7.44213e-08
4.4748e-07
3.52878e-07
9.06304e-07
6.1456e-07
9.33588e-07
6.85486e-07
5.2886e-07
5.3553e-07
2.2317e-07
4.92993e-07
8.23273e-08
-8.23273e-08
1.07702e-06
-9.9469e-07
1.6885e-06
-6.11487e-07
1.90995e-06
-2.21445e-07
1.90156e-06
8.38686e-09
1.76197e-06
1.39595e-07
1.57289e-06
1.89099e-07
1.5436e-06
2.92981e-08
1.95804e-06
-4.14441e-07
2.49601e-06
-5.37973e-07
2.00773e-06
4.88277e-07
3.32626e-07
1.6751e-06
-1.6055e-06
1.93813e-06
-1.03875e-06
-5.66759e-07
1.44809e-06
-2.48684e-06
3.95844e-06
-2.51035e-06
5.86253e-06
-1.9041e-06
5.03908e-06
8.23456e-07
5.03907e-06
5.88819e-07
-6.71153e-07
1.09332e-06
-1.49918e-06
1.38065e-06
-8.98826e-07
1.49206e-06
-3.32842e-07
1.46383e-06
3.66269e-08
1.35438e-06
2.49053e-07
1.24016e-06
3.03322e-07
1.2199e-06
4.95658e-08
1.34531e-06
-5.39859e-07
1.4753e-06
-6.67972e-07
9.90559e-07
9.73023e-07
6.96896e-08
2.59595e-06
-4.14126e-07
2.42196e-06
3.92199e-07
-1.37309e-06
1.75665e-06
-3.85129e-06
3.33615e-06
-4.08984e-06
4.53992e-06
-3.10788e-06
4.37566e-06
9.87711e-07
9.41473e-06
8.3829e-07
-1.50945e-06
1.03297e-06
-1.69385e-06
1.14683e-06
-1.01269e-06
1.19737e-06
-3.83385e-07
1.15811e-06
7.58911e-08
1.05949e-06
3.4767e-07
9.56584e-07
4.06222e-07
8.75982e-07
1.30169e-07
8.37249e-07
-5.01131e-07
7.55257e-07
-5.85986e-07
3.92909e-07
1.33538e-06
1.05525e-07
2.88332e-06
3.03458e-07
2.22403e-06
9.6669e-07
-2.03632e-06
1.70159e-06
-4.58619e-06
2.6806e-06
-5.06885e-06
3.33284e-06
-3.76012e-06
3.14899e-06
1.17156e-06
1.25637e-05
7.91669e-07
-2.30113e-06
8.83293e-07
-1.78546e-06
9.25333e-07
-1.05474e-06
9.48103e-07
-4.06159e-07
9.08185e-07
1.15801e-07
8.1606e-07
4.39786e-07
6.99827e-07
5.22446e-07
5.63212e-07
2.66783e-07
3.99686e-07
-3.37609e-07
2.06703e-07
-3.93009e-07
8.90343e-08
1.45306e-06
2.37947e-07
2.7344e-06
7.53377e-07
1.70861e-06
1.13346e-06
-2.41639e-06
1.4685e-06
-4.92123e-06
1.99315e-06
-5.5935e-06
2.18617e-06
-3.95314e-06
1.85795e-06
1.49979e-06
1.44217e-05
6.07956e-07
-2.9091e-06
6.77538e-07
-1.85504e-06
7.04582e-07
-1.0818e-06
7.22529e-07
-4.24113e-07
6.88021e-07
1.50299e-07
6.0087e-07
5.26925e-07
4.75644e-07
6.47661e-07
3.04081e-07
4.38343e-07
5.25694e-08
-8.60977e-08
-1.91174e-07
-1.49272e-07
-9.09081e-08
1.3528e-06
3.31423e-07
2.31207e-06
9.51386e-07
1.08866e-06
1.07514e-06
-2.54013e-06
1.09423e-06
-4.94031e-06
1.24709e-06
-5.74635e-06
9.93423e-07
-3.69946e-06
5.05368e-07
1.98784e-06
1.4927e-05
3.80389e-07
-3.2895e-06
4.57808e-07
-1.93245e-06
4.92947e-07
-1.11695e-06
5.16485e-07
-4.47652e-07
4.9153e-07
1.75248e-07
4.1488e-07
6.0357e-07
2.9352e-07
7.69013e-07
1.14471e-07
6.17392e-07
-1.44048e-07
1.72424e-07
-3.874e-07
9.40754e-08
-1.85186e-07
1.1506e-06
3.75521e-07
1.75136e-06
9.31191e-07
5.32997e-07
8.66351e-07
-2.47528e-06
6.09198e-07
-4.68315e-06
4.31826e-07
-5.56897e-06
-2.19061e-07
-3.04858e-06
-9.64421e-07
2.73321e-06
1.39626e-05
1.42164e-07
-3.43167e-06
2.62423e-07
-2.05269e-06
3.02788e-07
-1.15731e-06
3.29521e-07
-4.74379e-07
3.16011e-07
1.88761e-07
2.59674e-07
6.59909e-07
1.59133e-07
8.69555e-07
-2.23638e-09
7.78764e-07
-2.34401e-07
4.04595e-07
-4.14503e-07
2.74174e-07
-1.83947e-07
9.20053e-07
3.73287e-07
1.19413e-06
7.80276e-07
1.26009e-07
5.69021e-07
-2.26402e-06
5.94679e-08
-4.1736e-06
-4.58154e-07
-5.05135e-06
-1.2462e-06
-2.26053e-06
-2.23984e-06
3.72685e-06
1.17228e-05
2.77419e-08
-3.45941e-06
1.35371e-07
-2.16031e-06
1.44848e-07
-1.16678e-06
1.58894e-07
-4.88422e-07
1.55628e-07
1.92029e-07
1.2882e-07
6.86721e-07
6.78024e-08
9.30574e-07
-5.53799e-08
9.01947e-07
-2.36561e-07
5.8578e-07
-3.42895e-07
3.80505e-07
-1.12846e-07
6.90006e-07
3.41831e-07
7.39453e-07
6.00724e-07
-1.32885e-07
2.5367e-07
-1.91697e-06
-4.77732e-07
-3.4422e-06
-1.32475e-06
-4.20434e-06
-2.07006e-06
-1.51522e-06
-2.81775e-06
4.47453e-06
8.90503e-06
4.9302e-08
1.26403e-07
1.61246e-08
4.33239e-08
-6.11019e-08
-2.39138e-09
-1.40186e-07
-4.61749e-08
-2.05594e-07
-8.64179e-08
-2.56504e-07
-1.1723e-07
-2.92955e-07
-1.44093e-07
-3.17834e-07
-1.73754e-07
-3.32465e-07
-2.18977e-07
-3.36712e-07
-2.86587e-07
-3.25611e-07
-3.67753e-07
-3.1466e-07
-4.13907e-07
-3.08139e-07
-4.3233e-07
-3.31972e-07
-3.88142e-07
-3.7809e-07
-3.25162e-07
-4.03188e-07
-2.51941e-07
-3.24258e-07
-1.23068e-07
-1.01132e-08
1.33329e-07
5.15268e-07
3.80915e-07
1.03305e-06
4.15801e-07
1.32185e-06
2.40051e-07
1.49184e-06
5.31749e-08
6.28013e-08
1.92203e-06
-7.50426e-08
2.01447e-07
-1.75665e-07
1.43943e-07
-2.88806e-07
1.10745e-07
-3.8834e-07
5.33536e-08
-4.79116e-07
4.35241e-09
-5.52478e-07
-4.38736e-08
-6.04654e-07
-9.19219e-08
-6.3867e-07
-1.39741e-07
-6.6757e-07
-1.9008e-07
-7.01013e-07
-2.53146e-07
-7.4492e-07
-3.23845e-07
-7.9228e-07
-3.66546e-07
-8.35035e-07
-3.89572e-07
-8.58126e-07
-3.65047e-07
-8.56466e-07
-3.26818e-07
-8.03614e-07
-3.0479e-07
-6.37015e-07
-2.89667e-07
-3.12648e-07
-1.91039e-07
1.34131e-07
-6.58651e-08
5.88856e-07
-3.89265e-08
9.14782e-07
-8.58772e-08
1.17329e-06
-2.05325e-07
-3.1279e-07
1.54889e-06
-4.13287e-07
6.14742e-07
-6.13723e-07
3.44383e-07
-8.12509e-07
3.09532e-07
-1.00583e-06
2.46669e-07
-1.16313e-06
1.6165e-07
-1.27402e-06
6.70039e-08
-1.33674e-06
-2.92276e-08
-1.31746e-06
-1.59032e-07
-1.28159e-06
-2.25973e-07
-1.2875e-06
-2.47246e-07
-1.36349e-06
-2.47875e-07
-1.43951e-06
-2.90542e-07
-1.48842e-06
-3.40662e-07
-1.42873e-06
-4.24738e-07
-1.27428e-06
-4.8127e-07
-1.0741e-06
-5.04958e-07
-8.91895e-07
-4.71866e-07
-6.04089e-07
-4.78834e-07
-1.87109e-07
-4.82834e-07
2.82909e-07
-5.08933e-07
7.40266e-07
-5.4322e-07
1.16359e-06
-6.28623e-07
-7.56273e-07
1.60709e-06
-1.23324e-07
7.38073e-07
-4.45166e-07
6.66144e-07
-8.63755e-07
7.28118e-07
-1.51856e-06
9.01494e-07
-1.79416e-06
4.3729e-07
-1.91082e-06
1.83713e-07
-2.34296e-06
4.02958e-07
-1.94347e-06
-5.58462e-07
-1.61932e-06
-5.50093e-07
-1.53047e-06
-3.36065e-07
-1.56028e-06
-2.18048e-07
-1.72305e-06
-1.27749e-07
-1.71694e-06
-3.46751e-07
-1.51642e-06
-6.2526e-07
-1.06307e-06
-9.34631e-07
-3.05521e-07
-1.26252e-06
-6.23714e-07
-1.53704e-07
-6.77544e-07
-4.25034e-07
-3.46141e-07
-8.14268e-07
9.10271e-08
-9.46129e-07
9.56583e-07
-1.4088e-06
1.88873e-06
-1.56077e-06
-6.3115e-07
1.76358e-06
-1.42099e-06
2.1591e-06
-1.68204e-06
9.27221e-07
-2.41776e-06
1.46382e-06
-3.46047e-06
1.94417e-06
-4.14926e-06
1.12602e-06
-4.63089e-06
6.65284e-07
-4.70736e-06
4.79356e-07
-4.71747e-06
-5.48398e-07
-4.42295e-06
-8.44653e-07
-3.71952e-06
-1.03954e-06
-2.91381e-06
-1.0238e-06
-1.85389e-06
-1.1877e-06
-9.78473e-07
-1.22218e-06
3.05484e-07
-1.90923e-06
1.93303e-06
-2.56219e-06
3.97706e-06
-3.30657e-06
3.96257e-06
-1.39219e-07
4.09494e-06
-5.57353e-07
4.65355e-06
-1.37287e-06
3.94648e-06
-2.3908e-07
4.35262e-06
-1.81497e-06
5.40553e-06
-2.61372e-06
2.8735e-06
1.90088e-06
2.2533e-07
1.93372e-06
3.41456e-07
8.11135e-07
8.57445e-07
9.47862e-07
2.06173e-06
7.39925e-07
2.12837e-06
1.05942e-06
1.21556e-06
1.57814e-06
9.78198e-07
7.16732e-07
-1.21444e-06
1.64425e-06
-2.78571e-06
7.26635e-07
-2.97138e-06
-8.53827e-07
-2.39858e-06
-1.59656e-06
-1.47336e-06
-2.11288e-06
-8.41712e-07
-1.85378e-06
-2.8189e-07
-2.46899e-06
-1.71648e-07
-2.67238e-06
-1.16116e-07
-3.36203e-06
1.59523e-06
-1.8505e-06
3.28933e-06
-2.25141e-06
5.09065e-06
-3.17418e-06
5.44636e-06
-5.94799e-07
3.9402e-06
-3.08774e-07
2.26887e-06
-9.42401e-07
5.21497e-06
-7.29621e-08
1.7259e-06
2.07772e-07
1.82672e-06
7.10294e-07
2.67088e-06
1.03677e-07
4.09229e-06
-6.81507e-07
4.77886e-06
3.72834e-07
4.67549e-06
1.68151e-06
3.22354e-06
2.16869e-06
2.59723e-06
2.27056e-06
1.55586e-06
1.76798e-06
6.35266e-07
6.6746e-08
1.25518e-07
-1.08682e-06
-2.21746e-07
-1.76562e-06
-3.1013e-07
-1.76538e-06
-1.01881e-06
-1.76028e-06
-2.19927e-06
-1.49186e-06
-3.32707e-06
-2.23409e-06
-2.36818e-06
-2.80927e-06
-8.42354e-07
-3.77717e-06
2.19693e-07
-4.23621e-06
1.22738e-06
-1.60258e-06
-1.11054e-07
1.02964e-06
-2.28775e-06
1.23463e-06
2.72025e-06
2.07554e-07
2.57083e-07
-4.91965e-08
1.23331e-06
-2.65831e-07
2.22863e-06
-8.9153e-07
2.51209e-06
-9.64864e-07
2.80069e-06
8.43283e-08
3.1278e-06
1.35447e-06
3.2773e-06
2.01925e-06
3.18298e-06
2.36491e-06
3.06417e-06
1.88681e-06
2.41534e-06
7.1558e-07
1.64243e-06
-3.13917e-07
8.01116e-07
-9.24314e-07
1.97389e-08
-9.84e-07
-9.22716e-07
-8.17779e-07
-1.86054e-06
-5.53992e-07
-3.1057e-06
-9.88862e-07
-4.05611e-06
-1.85881e-06
-4.11228e-06
-3.72098e-06
-3.59045e-06
-4.75807e-06
-2.65494e-06
-2.53827e-06
-1.94197e-06
3.16267e-07
-1.6471e-06
9.39394e-07
-2.1984e-07
1.29271e-06
4.92092e-07
-5.41193e-07
1.16269e-06
-9.36296e-07
1.46304e-06
-1.19177e-06
1.44129e-06
-9.43003e-07
1.54481e-06
-1.90869e-08
1.86434e-06
1.03504e-06
2.14492e-06
1.73875e-06
2.4583e-06
2.05158e-06
2.54835e-06
1.79679e-06
2.18787e-06
1.07607e-06
1.51469e-06
3.59267e-07
6.88177e-07
-9.77831e-08
-1.04267e-07
-1.9156e-07
-8.55255e-07
-6.67795e-08
-1.48212e-06
7.29075e-08
-2.16899e-06
-3.01898e-07
-2.82219e-06
-1.20549e-06
-3.69689e-06
-2.84617e-06
-4.38593e-06
-4.06892e-06
-3.77239e-06
-3.15171e-06
-2.38171e-06
-1.07441e-06
-9.77864e-07
-4.64527e-07
-1.83493e-06
6.37137e-07
6.10015e-07
-1.15117e-06
8.56714e-07
-1.18289e-06
7.80692e-07
-1.11566e-06
5.67536e-07
-7.29766e-07
5.19807e-07
2.87252e-08
6.96428e-07
8.58509e-07
9.62106e-07
1.47318e-06
1.2425e-06
1.7713e-06
1.37127e-06
1.66812e-06
1.17586e-06
1.27158e-06
7.01405e-07
8.33815e-07
7.06834e-08
5.33052e-07
-5.49923e-07
4.29151e-07
-1.05889e-06
4.42301e-07
-1.37863e-06
3.92752e-07
-1.65958e-06
-2.07943e-08
-1.9722e-06
-8.9267e-07
-2.64533e-06
-2.17285e-06
-3.58719e-06
-3.12688e-06
-3.73458e-06
-3.00412e-06
-2.758e-06
-2.05079e-06
-1.69658e-06
-1.52575e-06
-1.80599e-06
-1.72534e-06
4.19247e-07
-1.57037e-06
4.05391e-07
-1.16893e-06
1.52714e-07
-8.62894e-07
-1.44135e-07
-4.3283e-07
-2.99144e-07
1.83817e-07
-2.66174e-07
8.25615e-07
-1.20147e-07
1.32724e-06
5.69025e-08
1.59434e-06
1.42442e-07
1.58266e-06
2.67699e-08
1.38732e-06
-2.84788e-07
1.14544e-06
-7.09858e-07
9.58208e-07
-1.12171e-06
8.41103e-07
-1.42507e-06
7.4579e-07
-1.58658e-06
5.54404e-07
-1.70782e-06
1.00582e-07
-1.93547e-06
-6.64845e-07
-2.4542e-06
-1.65391e-06
-3.11519e-06
-2.46568e-06
-3.47613e-06
-2.64296e-06
-3.28549e-06
-2.24122e-06
-2.99443e-06
-1.81659e-06
-1.50561e-06
-3.2946e-06
1.1459e-07
-1.68489e-06
-6.7788e-08
-9.86474e-07
-3.90734e-07
-5.39867e-07
-7.26592e-07
-9.68862e-08
-9.49269e-07
4.06583e-07
-1.02587e-06
9.02301e-07
-9.9568e-07
1.29714e-06
-9.22315e-07
1.52106e-06
-8.98336e-07
1.55877e-06
-9.88948e-07
1.47801e-06
-1.19035e-06
1.34689e-06
-1.44404e-06
1.21197e-06
-1.67687e-06
1.074e-06
-1.83654e-06
9.05575e-07
-1.91632e-06
6.34319e-07
-1.99212e-06
1.76516e-07
-2.17574e-06
-4.81091e-07
-2.57302e-06
-1.25648e-06
-3.09776e-06
-1.94077e-06
-3.50327e-06
-2.23725e-06
-3.65252e-06
-2.09176e-06
-3.74885e-06
-1.72003e-06
-1.19271e-06
-4.06152e-06
-1.7821e-07
-1.50662e-06
-4.81652e-07
-6.8297e-07
-8.49566e-07
-1.71888e-07
-1.20167e-06
2.55289e-07
-1.46417e-06
6.69161e-07
-1.61226e-06
1.05048e-06
-1.66648e-06
1.35144e-06
-1.67667e-06
1.53134e-06
-1.70478e-06
1.58697e-06
-1.78086e-06
1.55419e-06
-1.9008e-06
1.46692e-06
-2.03326e-06
1.34451e-06
-2.14607e-06
1.1869e-06
-2.21446e-06
9.74072e-07
-2.24728e-06
6.67267e-07
-2.30017e-06
2.29541e-07
-2.44868e-06
-3.32454e-07
-2.75168e-06
-9.53353e-07
-3.17804e-06
-1.51428e-06
-3.5919e-06
-1.82325e-06
-3.89529e-06
-1.78822e-06
-4.14106e-06
-1.47412e-06
-9.15546e-07
-4.41809e-06
-4.11176e-07
-1.09542e-06
-8.16032e-07
-2.78076e-07
-1.22014e-06
2.32258e-07
-1.58405e-06
6.19254e-07
-1.8692e-06
9.5436e-07
-2.06066e-06
1.24201e-06
-2.17125e-06
1.4621e-06
-2.23506e-06
1.5952e-06
-2.28781e-06
1.63979e-06
-2.34637e-06
1.61283e-06
-2.41038e-06
1.53101e-06
-2.4686e-06
1.40281e-06
-2.50759e-06
1.22598e-06
-2.52221e-06
9.88776e-07
-2.52758e-06
6.72723e-07
-2.564e-06
2.66055e-07
-2.68088e-06
-2.1549e-07
-2.91304e-06
-7.21121e-07
-3.26419e-06
-1.16307e-06
-3.65303e-06
-1.43434e-06
-4.00035e-06
-1.44083e-06
-4.29317e-06
-1.18125e-06
-6.90019e-07
-4.51865e-06
-5.83115e-07
-5.12294e-07
-1.07433e-06
2.13169e-07
-1.51026e-06
6.68218e-07
-1.88473e-06
9.93746e-07
-2.18186e-06
1.25153e-06
-2.39636e-06
1.45654e-06
-2.53793e-06
1.60369e-06
-2.62762e-06
1.68493e-06
-2.68741e-06
1.69962e-06
-2.72994e-06
1.65539e-06
-2.75869e-06
1.5598e-06
-2.77207e-06
1.41624e-06
-2.76894e-06
1.2229e-06
-2.7542e-06
9.74074e-07
-2.74479e-06
6.63353e-07
-2.77052e-06
2.91822e-07
-2.86462e-06
-1.21352e-07
-3.05104e-06
-5.34688e-07
-3.32818e-06
-8.85925e-07
-3.66377e-06
-1.09873e-06
-3.99393e-06
-1.11066e-06
-4.26908e-06
-9.06104e-07
-5.20023e-07
-4.43908e-06
-7.06188e-07
1.93904e-07
-1.26348e-06
7.70492e-07
-1.72783e-06
1.1326e-06
-2.11105e-06
1.37699e-06
-2.41337e-06
1.55388e-06
-2.63698e-06
1.68017e-06
-2.79081e-06
1.75754e-06
-2.88948e-06
1.78361e-06
-2.94813e-06
1.75828e-06
-2.97742e-06
1.68469e-06
-2.98367e-06
1.56605e-06
-2.97113e-06
1.40371e-06
-2.9452e-06
1.19697e-06
-2.91547e-06
9.44358e-07
-2.89841e-06
6.46296e-07
-2.91659e-06
3.10003e-07
-2.99287e-06
-4.50849e-08
-3.1423e-06
-3.8527e-07
-3.36374e-06
-6.64514e-07
-3.63186e-06
-8.30626e-07
-3.90092e-06
-8.4161e-07
-4.12052e-06
-6.86524e-07
-3.90451e-07
-4.25013e-06
-7.86474e-07
9.80393e-07
-1.39302e-06
1.37708e-06
-1.87897e-06
1.61859e-06
-2.26835e-06
1.7664e-06
-2.57127e-06
1.85682e-06
-2.79554e-06
1.90446e-06
-2.95092e-06
1.91294e-06
-3.0494e-06
1.88211e-06
-3.10306e-06
1.81195e-06
-3.12195e-06
1.70358e-06
-3.11414e-06
1.55824e-06
-3.08708e-06
1.37664e-06
-3.04932e-06
1.1592e-06
-3.0121e-06
9.07128e-07
-2.99022e-06
6.24398e-07
-3.00083e-06
3.20602e-07
-3.0596e-06
1.3655e-08
-3.17535e-06
-2.6954e-07
-3.34481e-06
-4.95087e-07
-3.54803e-06
-6.2743e-07
-3.75021e-06
-6.39448e-07
-3.91222e-06
-5.24529e-07
-3.00711e-07
-4.00198e-06
-8.35373e-07
1.81579e-06
-1.47138e-06
2.01315e-06
-1.96986e-06
2.11713e-06
-2.36111e-06
2.15769e-06
-2.66086e-06
2.15661e-06
-2.88091e-06
2.12455e-06
-3.0323e-06
2.06435e-06
-3.12628e-06
1.97611e-06
-3.17382e-06
1.85951e-06
-3.18486e-06
1.71462e-06
-3.16844e-06
1.54183e-06
-3.13351e-06
1.34171e-06
-3.08979e-06
1.11547e-06
-3.04846e-06
8.6579e-07
-3.02222e-06
5.98143e-07
-3.02403e-06
3.22398e-07
-3.06444e-06
5.40538e-08
-3.14813e-06
-1.8587e-07
-3.27051e-06
-3.72722e-07
-3.41559e-06
-4.82366e-07
-3.55746e-06
-4.97582e-07
-3.66707e-06
-4.14924e-07
-2.47483e-07
-3.7203e-06
-8.57658e-07
2.67348e-06
-1.50447e-06
2.66004e-06
-2.00566e-06
2.61837e-06
-2.39294e-06
2.54502e-06
-2.68586e-06
2.44958e-06
-2.89864e-06
2.33737e-06
-3.04335e-06
2.20911e-06
-3.13125e-06
2.06405e-06
-3.17294e-06
1.90123e-06
-3.17834e-06
1.72005e-06
-3.15688e-06
1.52039e-06
-3.11794e-06
1.30278e-06
-3.07127e-06
1.06881e-06
-3.02719e-06
8.2172e-07
-2.99627e-06
5.67225e-07
-2.98824e-06
3.14369e-07
-3.01012e-06
7.59407e-08
-3.064e-06
-1.31995e-07
-3.14499e-06
-2.91728e-07
-3.24036e-06
-3.86984e-07
-3.33098e-06
-4.06953e-07
-3.39565e-06
-3.50234e-07
-2.26501e-07
-3.41661e-06
-8.55667e-07
3.52919e-06
-1.49653e-06
3.30098e-06
-1.98966e-06
3.11157e-06
-2.36654e-06
2.92195e-06
-2.64898e-06
2.73207e-06
-2.85228e-06
2.54072e-06
-2.98906e-06
2.34594e-06
-3.07059e-06
2.14563e-06
-3.10729e-06
1.93797e-06
-3.10892e-06
1.72172e-06
-3.08485e-06
1.49635e-06
-3.04424e-06
1.26222e-06
-2.9963e-06
1.0209e-06
-2.95012e-06
7.75569e-07
-2.91435e-06
5.31484e-07
-2.89629e-06
2.9633e-07
-2.90058e-06
8.02618e-08
-2.92785e-06
-1.04709e-07
-2.97351e-06
-2.46042e-07
-3.0276e-06
-3.32867e-07
-3.07599e-06
-3.58525e-07
-3.1033e-06
-3.22883e-07
-2.33281e-07
-3.09648e-06
-8.27376e-07
4.35662e-06
-1.44986e-06
3.92355e-06
-1.92388e-06
3.58565e-06
-2.28435e-06
3.28249e-06
-2.55284e-06
3.00062e-06
-2.74484e-06
2.73278e-06
-2.873e-06
2.47416e-06
-2.94838e-06
2.22107e-06
-2.98108e-06
1.97073e-06
-2.98051e-06
1.7212e-06
-2.9556e-06
1.47149e-06
-2.91496e-06
1.22162e-06
-2.86689e-06
9.72876e-07
-2.81925e-06
7.2797e-07
-2.77902e-06
4.91307e-07
-2.75171e-06
2.6906e-07
-2.7404e-06
6.8998e-08
-2.74496e-06
-1.00109e-07
-2.76142e-06
-2.29543e-07
-2.78207e-06
-3.1217e-07
-2.79648e-06
-3.44063e-07
-2.79346e-06
-3.25856e-07
-2.6332e-07
-2.76336e-06
-7.75792e-07
5.13246e-06
-1.36517e-06
4.51301e-06
-1.81137e-06
4.03192e-06
-2.14984e-06
3.62102e-06
-2.40099e-06
3.25184e-06
-2.57993e-06
2.91178e-06
-2.69888e-06
2.59316e-06
-2.7684e-06
2.29065e-06
-2.79801e-06
2.0004e-06
-2.79653e-06
1.71978e-06
-2.7722e-06
1.44722e-06
-2.73283e-06
1.18232e-06
-2.68573e-06
9.25835e-07
-2.63754e-06
6.79833e-07
-2.59389e-06
4.47712e-07
-2.55893e-06
2.34158e-07
-2.53477e-06
4.48849e-08
-2.52093e-06
-1.13895e-07
-2.51413e-06
-2.36286e-07
-2.50849e-06
-3.17765e-07
-2.49626e-06
-3.56228e-07
-2.46926e-06
-3.52798e-07
-3.12187e-07
-2.42034e-06
-7.0896e-07
5.84147e-06
-1.24816e-06
5.05228e-06
-1.65807e-06
4.44189e-06
-1.96841e-06
3.93142e-06
-2.1985e-06
3.48199e-06
-2.36241e-06
3.07576e-06
-2.47144e-06
2.70225e-06
-2.53526e-06
2.35452e-06
-2.56253e-06
2.02773e-06
-2.5612e-06
1.71851e-06
-2.53867e-06
1.42475e-06
-2.5018e-06
1.1455e-06
-2.45685e-06
8.8095e-07
-2.40936e-06
6.32399e-07
-2.36383e-06
4.02242e-07
-2.32343e-06
1.93813e-07
-2.2896e-06
1.11102e-08
-2.26179e-06
-1.41646e-07
-2.23737e-06
-2.60651e-07
-2.21186e-06
-3.43226e-07
-2.17951e-06
-3.88512e-07
-2.1343e-06
-3.97959e-07
-3.75566e-07
-2.07086e-06
-6.2982e-07
6.47133e-06
-1.10739e-06
5.52991e-06
-1.47102e-06
4.80558e-06
-1.74662e-06
4.20707e-06
-1.95164e-06
3.68707e-06
-2.09844e-06
3.22262e-06
-2.19675e-06
2.80061e-06
-2.25491e-06
2.41273e-06
-2.28042e-06
2.05329e-06
-2.28017e-06
1.71831e-06
-2.26053e-06
1.40516e-06
-2.22734e-06
1.11237e-06
-2.18585e-06
8.39511e-07
-2.14056e-06
5.87165e-07
-2.09505e-06
3.56788e-07
-2.05173e-06
1.50547e-07
-2.01161e-06
-2.89557e-08
-1.97417e-06
-1.79034e-07
-1.93733e-06
-2.97437e-07
-1.8977e-06
-3.82802e-07
-1.85101e-06
-4.35143e-07
-1.79278e-06
-4.56136e-07
-4.4931e-07
-1.71898e-06
-5.41049e-07
7.01242e-06
-9.48117e-07
5.93703e-06
-1.25662e-06
5.11413e-06
-1.49112e-06
4.44162e-06
-1.66739e-06
3.86338e-06
-1.79525e-06
3.35052e-06
-1.88215e-06
2.88755e-06
-1.93468e-06
2.4653e-06
-1.95892e-06
2.07757e-06
-1.96055e-06
1.71997e-06
-1.9448e-06
1.38946e-06
-1.91647e-06
1.08408e-06
-1.8798e-06
8.02882e-07
-1.83836e-06
5.45773e-07
-1.79493e-06
3.13408e-07
-1.75132e-06
1.06991e-07
-1.70826e-06
-7.19725e-08
-1.66526e-06
-2.21986e-07
-1.62072e-06
-3.41926e-07
-1.57208e-06
-4.31392e-07
-1.51616e-06
-4.91016e-07
-1.44959e-06
-5.22647e-07
-5.29494e-07
-1.36935e-06
-4.45663e-07
7.45812e-06
-7.74835e-07
6.26625e-06
-1.0204e-06
5.35974e-06
-1.20838e-06
4.62963e-06
-1.35321e-06
4.00825e-06
-1.46098e-06
3.45831e-06
-1.5361e-06
2.96271e-06
-1.58312e-06
2.51235e-06
-1.60655e-06
2.10103e-06
-1.61077e-06
1.72422e-06
-1.59984e-06
1.37857e-06
-1.5775e-06
1.06178e-06
-1.54701e-06
7.72425e-07
-1.51108e-06
5.09888e-07
-1.4718e-06
2.74168e-07
-1.43048e-06
6.57154e-08
-1.3876e-06
-1.14807e-07
-1.34276e-06
-2.66783e-07
-1.29471e-06
-3.89923e-07
-1.24154e-06
-4.8452e-07
-1.18085e-06
-5.51652e-07
-1.11014e-06
-5.93307e-07
-6.12482e-07
-1.0271e-06
-3.45233e-07
7.80338e-06
-5.91238e-07
6.5123e-06
-7.66725e-07
5.53526e-06
-9.04693e-07
4.76763e-06
-1.0173e-06
4.12089e-06
-1.10466e-06
3.5457e-06
-1.16798e-06
3.02605e-06
-1.20967e-06
2.55406e-06
-1.23272e-06
2.1241e-06
-1.24018e-06
1.7317e-06
-1.23493e-06
1.37336e-06
-1.21964e-06
1.04652e-06
-1.19663e-06
7.49442e-07
-1.1678e-06
4.81099e-07
-1.13461e-06
2.41016e-07
-1.09794e-06
2.90892e-08
-1.05808e-06
-1.54626e-07
-1.01468e-06
-3.10146e-07
-9.66781e-07
-4.37779e-07
-9.12941e-07
-5.38316e-07
-8.51379e-07
-6.13166e-07
-7.80208e-07
-6.64428e-07
-6.94967e-07
-6.97672e-07
-2.3105e-07
8.03445e-06
-3.90157e-07
6.67144e-06
-4.99749e-07
5.64488e-06
-5.88398e-07
4.8563e-06
-6.69066e-07
4.20158e-06
-7.36212e-07
3.61287e-06
-7.87724e-07
3.07759e-06
-8.24254e-07
2.59061e-06
-8.47304e-07
2.14718e-06
-8.58595e-07
1.74301e-06
-8.59826e-07
1.37461e-06
-8.52575e-07
1.0393e-06
-8.38237e-07
7.35134e-07
-8.17964e-07
4.6086e-07
-7.92615e-07
2.15703e-07
-7.62696e-07
-7.91352e-10
-7.28316e-07
-1.88966e-07
-6.89163e-07
-3.4926e-07
-6.44513e-07
-4.82388e-07
-5.93292e-07
-5.89494e-07
-5.34179e-07
-6.72234e-07
-4.65753e-07
-7.32807e-07
-7.74005e-07
-3.86667e-07
-8.83262e-08
8.1228e-06
-1.64025e-07
6.74716e-06
-2.19675e-07
5.70055e-06
-2.68528e-07
4.90517e-06
-3.18378e-07
4.25145e-06
-3.65363e-07
3.65987e-06
-4.04998e-07
3.11724e-06
-4.36548e-07
2.62218e-06
-4.6004e-07
2.17068e-06
-4.75805e-07
1.75879e-06
-4.84301e-07
1.38313e-06
-4.86026e-07
1.04105e-06
-4.81462e-07
7.30597e-07
-4.71029e-07
4.50458e-07
-4.5504e-07
1.99749e-07
-4.33651e-07
-2.2144e-08
-4.06815e-07
-2.15765e-07
-3.74248e-07
-3.81789e-07
-3.35418e-07
-5.21182e-07
-2.89548e-07
-6.35325e-07
-2.35674e-07
-7.26067e-07
-1.72725e-07
-7.95714e-07
-8.47034e-07
-9.96528e-08
8.21811e-08
8.04063e-06
7.97205e-08
6.74963e-06
6.99394e-08
5.71034e-06
5.16704e-08
4.92345e-06
2.79476e-08
4.27518e-06
4.68995e-10
3.68736e-06
-2.79187e-08
3.14564e-06
-5.52351e-08
2.64951e-06
-7.9996e-08
2.19546e-06
-1.01106e-07
1.77992e-06
-1.17768e-07
1.39981e-06
-1.29408e-07
1.05271e-06
-1.35631e-07
7.36845e-07
-1.36162e-07
4.51018e-07
-1.30809e-07
1.94426e-07
-1.19408e-07
-3.35124e-08
-1.01777e-07
-2.33363e-07
-7.76681e-08
-4.05866e-07
-4.67152e-08
-5.52102e-07
-8.40247e-09
-6.73604e-07
3.79478e-08
-7.72382e-07
9.31424e-08
-8.50873e-07
-9.11878e-07
1.58022e-07
2.45921e-07
7.79472e-06
3.26293e-07
6.66926e-06
3.59946e-07
5.67669e-06
3.68802e-07
4.9146e-06
3.67382e-07
4.2766e-06
3.56611e-07
3.69813e-06
3.37169e-07
3.16508e-06
3.12218e-07
2.67447e-06
2.8466e-07
2.22303e-06
2.56936e-07
1.80766e-06
2.31021e-07
1.42574e-06
2.0848e-07
1.07527e-06
1.90521e-07
7.54824e-07
1.78054e-07
4.63509e-07
1.71731e-07
2.00776e-07
1.71999e-07
-3.37525e-08
1.79148e-07
-2.40485e-07
1.9338e-07
-4.20071e-07
2.14883e-07
-5.7358e-07
2.43928e-07
-7.02622e-07
2.80944e-07
-8.09371e-07
3.26542e-07
-8.96443e-07
-9.66746e-07
3.81437e-07
3.86873e-07
7.40784e-06
5.57466e-07
6.49866e-06
6.38599e-07
5.59555e-06
6.7807e-07
4.87512e-06
6.97582e-07
4.25709e-06
6.98863e-07
3.69685e-06
6.84562e-07
3.17939e-06
6.59061e-07
2.69997e-06
6.26529e-07
2.25556e-06
5.90561e-07
1.84363e-06
5.5414e-07
1.46217e-06
5.19684e-07
1.10974e-06
4.89109e-07
7.85414e-07
4.63882e-07
4.88754e-07
4.45063e-07
2.19616e-07
4.33343e-07
-2.20116e-08
4.29098e-07
-2.36219e-07
4.32452e-07
-4.23407e-07
4.43394e-07
-5.84503e-07
4.61927e-07
-7.21136e-07
4.88246e-07
-8.35671e-07
5.2282e-07
-9.30998e-07
-1.01023e-06
5.6632e-07
5.02658e-07
6.90518e-06
7.60968e-07
6.24034e-06
9.00489e-07
5.45602e-06
9.75951e-07
4.79965e-06
1.01295e-06
4.22008e-06
1.02151e-06
3.68829e-06
1.0081e-06
3.19279e-06
9.78752e-07
2.72932e-06
9.38815e-07
2.2955e-06
8.92847e-07
1.8896e-06
8.44644e-07
1.51038e-06
7.97314e-07
1.15707e-06
7.53353e-07
8.29385e-07
7.14698e-07
5.27422e-07
6.82762e-07
2.51566e-07
6.58458e-07
2.30645e-09
6.42227e-07
-2.19975e-07
6.34092e-07
-4.15261e-07
6.33792e-07
-5.84192e-07
6.41007e-07
-7.28341e-07
6.55681e-07
-8.50334e-07
6.78195e-07
-9.53501e-07
-1.04129e-06
7.09265e-07
6.09399e-07
6.29577e-06
9.52127e-07
5.89759e-06
1.1482e-06
5.25993e-06
1.25525e-06
4.69258e-06
1.30595e-06
4.16938e-06
1.31769e-06
3.67653e-06
1.30135e-06
3.20913e-06
1.26508e-06
2.76558e-06
1.21547e-06
2.34511e-06
1.1579e-06
1.94717e-06
1.09681e-06
1.57148e-06
1.03582e-06
1.21807e-06
9.77869e-07
8.87336e-07
9.25282e-07
5.80015e-07
8.79781e-07
2.97075e-07
8.42498e-07
3.95976e-08
8.13949e-07
-1.9142e-07
7.94049e-07
-3.95357e-07
7.82222e-07
-5.72362e-07
7.77717e-07
-7.23831e-07
7.80174e-07
-8.52787e-07
7.89954e-07
-9.63278e-07
-1.05927e-06
8.07932e-07
7.2161e-07
5.57415e-06
1.14372e-06
5.47547e-06
1.38503e-06
5.0186e-06
1.51422e-06
4.56337e-06
1.57197e-06
4.11162e-06
1.58194e-06
3.66655e-06
1.55882e-06
3.23223e-06
1.51283e-06
2.81157e-06
1.45161e-06
2.40632e-06
1.38119e-06
2.01758e-06
1.30644e-06
1.64622e-06
1.2313e-06
1.2932e-06
1.159e-06
9.59634e-07
1.09215e-06
6.46869e-07
1.03276e-06
3.5647e-07
9.82206e-07
9.01511e-08
9.4116e-07
-1.50372e-07
9.09465e-07
-3.63664e-07
8.86172e-07
-5.49072e-07
8.69902e-07
-7.07563e-07
8.59889e-07
-8.42776e-07
8.56584e-07
-9.59975e-07
-1.06387e-06
8.6118e-07
8.50157e-07
4.72398e-06
1.34477e-06
4.98083e-06
1.61577e-06
4.74759e-06
1.75323e-06
4.42589e-06
1.80844e-06
4.0564e-06
1.81035e-06
3.66463e-06
1.77637e-06
3.26619e-06
1.7181e-06
2.86984e-06
1.64383e-06
2.48057e-06
1.5599e-06
2.1015e-06
1.47125e-06
1.73486e-06
1.38191e-06
1.38254e-06
1.2952e-06
1.04633e-06
1.21392e-06
7.28151e-07
1.14034e-06
4.30048e-07
1.07619e-06
1.54303e-07
1.02242e-06
-9.6614e-08
9.78991e-07
-3.20237e-07
9.44554e-07
-5.14643e-07
9.16765e-07
-6.79779e-07
8.94256e-07
-8.20273e-07
8.77786e-07
-9.4351e-07
-1.05519e-06
8.69101e-07
1.00724e-06
3.71673e-06
1.56511e-06
4.42294e-06
1.84398e-06
4.46871e-06
1.97179e-06
4.29807e-06
2.01279e-06
4.01538e-06
1.99962e-06
3.67779e-06
1.95086e-06
3.31494e-06
1.8784e-06
2.94229e-06
1.79049e-06
2.56847e-06
1.69318e-06
2.1988e-06
1.59115e-06
1.83689e-06
1.48815e-06
1.48553e-06
1.38738e-06
1.1471e-06
1.29166e-06
8.23864e-07
1.20353e-06
5.18173e-07
1.12517e-06
2.32661e-07
1.05813e-06
-2.95789e-08
1.0028e-06
-2.64924e-07
9.57649e-07
-4.69498e-07
9.1876e-07
-6.40898e-07
8.8382e-07
-7.85341e-07
8.54338e-07
-9.14036e-07
-1.03381e-06
8.32947e-07
1.20811e-06
2.50861e-06
1.81298e-06
3.81806e-06
2.06889e-06
4.21279e-06
2.16595e-06
4.20099e-06
2.18072e-06
4.00061e-06
2.1462e-06
3.7123e-06
2.07993e-06
3.3812e-06
1.99275e-06
3.02947e-06
1.8919e-06
2.66931e-06
1.78254e-06
2.30814e-06
1.66858e-06
1.95084e-06
1.5532e-06
1.60091e-06
1.43919e-06
1.2611e-06
1.32924e-06
9.33807e-07
1.22605e-06
6.21357e-07
1.13234e-06
3.26362e-07
1.05064e-06
5.21155e-08
9.82536e-07
-1.96828e-07
9.26854e-07
-4.13827e-07
8.77215e-07
-5.91268e-07
8.29818e-07
-7.37953e-07
7.87767e-07
-8.71993e-07
-1.00099e-06
7.5494e-07
1.48212e-06
1.02648e-06
2.09066e-06
3.2095e-06
2.2805e-06
4.02295e-06
2.32575e-06
4.15573e-06
2.30505e-06
4.0213e-06
2.24594e-06
3.77139e-06
2.16219e-06
3.46495e-06
2.06199e-06
3.12965e-06
1.95069e-06
2.7806e-06
1.83199e-06
2.42684e-06
1.70864e-06
2.07417e-06
1.58299e-06
1.72656e-06
1.45719e-06
1.38689e-06
1.33357e-06
1.05743e-06
1.21476e-06
7.40156e-07
1.10393e-06
4.37192e-07
1.00476e-06
1.51271e-07
9.21165e-07
-1.1324e-07
8.54257e-07
-3.46929e-07
7.93665e-07
-5.30684e-07
7.33473e-07
-6.77769e-07
6.79861e-07
-8.18389e-07
-9.59206e-07
6.38065e-07
1.73089e-06
-7.04415e-07
2.32616e-06
2.61423e-06
2.44016e-06
3.90894e-06
2.4305e-06
4.16538e-06
2.37527e-06
4.07653e-06
2.29492e-06
3.85173e-06
2.19811e-06
3.56175e-06
2.08958e-06
3.23817e-06
1.97227e-06
2.8979e-06
1.8482e-06
2.5509e-06
1.71896e-06
2.20341e-06
1.58594e-06
1.85957e-06
1.45056e-06
1.52226e-06
1.31451e-06
1.19348e-06
1.17997e-06
8.74691e-07
1.05001e-06
5.67148e-07
9.28931e-07
2.72345e-07
8.22931e-07
-7.24883e-09
7.41997e-07
-2.66003e-07
6.69004e-07
-4.57697e-07
5.94989e-07
-6.0376e-07
5.32292e-07
-7.55698e-07
-9.13081e-07
4.8616e-07
1.63167e-06
-2.33609e-06
2.48985e-06
1.75604e-06
2.54219e-06
3.8566e-06
2.47001e-06
4.23756e-06
2.38703e-06
4.1595e-06
2.29547e-06
3.94328e-06
2.19449e-06
3.66273e-06
2.08464e-06
3.34801e-06
1.96679e-06
3.01575e-06
1.84178e-06
2.67591e-06
1.71035e-06
2.33482e-06
1.57324e-06
1.99669e-06
1.43115e-06
1.66434e-06
1.28496e-06
1.33966e-06
1.13584e-06
1.02381e-06
9.85737e-07
7.17246e-07
8.38358e-07
4.19719e-07
6.9615e-07
1.34954e-07
5.89744e-07
-1.59603e-07
4.99439e-07
-3.67395e-07
4.10443e-07
-5.14767e-07
3.46495e-07
-6.91752e-07
-8.71702e-07
3.05112e-07
8.70283e-07
2.02657e-06
2.34578e-06
2.38668e-06
2.34395e-06
2.26841e-06
2.17535e-06
2.07008e-06
1.95496e-06
1.83127e-06
1.69977e-06
1.56096e-06
1.41509e-06
1.26222e-06
1.10218e-06
9.34535e-07
7.57754e-07
5.75085e-07
3.89192e-07
2.43998e-07
1.66392e-07
1.25901e-07
1.04281e-07
1.9216e-06
4.49255e-10
1.98946e-06
-6.78554e-08
2.117e-06
-1.2753e-07
-2.40858e-07
2.35784e-06
1.69095e-06
-1.416e-07
1.76252e-06
-1.39422e-07
1.80077e-06
-1.65779e-07
-2.29807e-07
1.78971e-06
1.81637e-06
-3.50859e-07
2.00196e-06
-3.25001e-07
2.11688e-06
-2.80707e-07
-2.18315e-07
2.10539e-06
1.98897e-06
-5.76281e-07
2.63142e-06
-9.67575e-07
3.09245e-06
-7.41907e-07
-1.70892e-07
3.04496e-06
1.72133e-06
-3.96423e-07
3.09123e-06
-2.33729e-06
4.06415e-06
-1.71482e-06
-1.61562e-07
4.05482e-06
-2.97902e-07
-1.72036e-07
-1.35581e-07
-2.49983e-06
-4.63257e-08
-1.8042e-06
3.47102e-08
-2.42644e-07
9.20541e-07
-8.84919e-07
2.98915e-07
-1.87815e-06
-1.15964e-07
-1.38926e-06
5.75067e-07
-6.56291e-07
1.87017e-06
-1.46244e-06
1.58089e-06
-1.58887e-06
9.57489e-07
-7.65816e-07
7.71914e-07
7.6071e-07
3.67542e-07
-1.19287e-06
-3.29039e-07
-8.92304e-07
-8.64151e-07
-2.3067e-07
5.46725e-07
-6.38885e-07
-2.20319e-06
-7.14838e-07
-2.65112e-06
-4.44258e-07
-2.86578e-06
-1.58694e-08
4.17503e-07
-2.73644e-06
-3.56104e-06
-4.48204e-07
-3.79948e-06
-2.05679e-07
-3.89634e-06
8.11328e-08
3.64944e-07
-3.84366e-06
-4.22807e-06
-2.81504e-07
-4.35516e-06
-7.84777e-08
-4.41004e-06
1.36131e-07
3.43274e-07
-4.38829e-06
-4.52078e-06
-1.7874e-07
-4.58956e-06
-9.64135e-09
-4.61316e-06
1.59805e-07
3.20935e-07
-4.59077e-06
-4.58101e-06
-1.16371e-07
-4.61278e-06
2.21397e-08
-4.61093e-06
1.57987e-07
2.86206e-07
-4.57618e-06
-4.47833e-06
-7.71462e-08
-4.48962e-06
3.34189e-08
-4.47317e-06
1.41536e-07
2.43444e-07
-4.4304e-06
-4.27441e-06
-5.28897e-08
-4.27483e-06
3.38234e-08
-4.25205e-06
1.18748e-07
1.99058e-07
-4.20767e-06
-4.01428e-06
-4.06139e-08
-4.00709e-06
2.66245e-08
-3.98108e-06
9.27309e-08
1.55611e-07
-3.93763e-06
-3.72171e-06
-3.92046e-08
-3.70766e-06
1.25861e-08
-3.67869e-06
6.37678e-08
1.12785e-07
-3.63586e-06
-3.40796e-06
-4.7829e-08
-3.38722e-06
-8.14077e-09
-3.35473e-06
3.12974e-08
6.93275e-08
-3.31126e-06
-3.07873e-06
-6.55433e-08
-3.05149e-06
-3.5348e-08
-3.015e-06
-5.17036e-09
2.4126e-08
-2.96977e-06
-2.73764e-06
-9.12226e-08
-2.7044e-06
-6.85489e-08
-2.66381e-06
-4.57376e-08
-2.34463e-08
-2.61621e-06
-2.38795e-06
-1.23562e-07
-2.34952e-06
-1.06942e-07
-2.30515e-06
-9.00776e-08
-7.34776e-08
-2.25509e-06
-2.03325e-06
-1.61119e-07
-1.99069e-06
-1.49469e-07
-1.94324e-06
-1.37494e-07
-1.25595e-07
-1.89109e-06
-1.67768e-06
-2.02373e-07
-1.63222e-06
-1.94896e-07
-1.58265e-06
-1.87024e-07
-1.79084e-07
-1.52913e-06
-1.32588e-06
-2.45794e-07
-1.27884e-06
-2.41904e-07
-1.22828e-06
-2.37554e-07
-2.33015e-07
-1.17431e-06
-9.82951e-07
-2.89898e-07
-9.35659e-07
-2.89164e-07
-8.85271e-07
-2.87907e-07
-2.86356e-07
-8.31897e-07
-6.54235e-07
-3.33293e-07
-6.07969e-07
-3.35398e-07
-5.58921e-07
-3.36921e-07
-3.38057e-07
-5.07189e-07
-3.4521e-07
-3.74712e-07
-3.01154e-07
-3.79426e-07
-2.54543e-07
-3.83501e-07
-3.87108e-07
-2.05463e-07
-6.13003e-08
-4.13032e-07
-2.0515e-08
-4.20187e-07
2.26641e-08
-4.26653e-07
-4.32584e-07
6.81647e-08
1.92304e-07
-4.47289e-07
2.28897e-07
-4.56761e-07
2.67775e-07
-4.65509e-07
-4.73669e-07
3.0888e-07
4.10845e-07
-4.76679e-07
4.4248e-07
-4.88382e-07
4.76328e-07
-4.99339e-07
-5.09678e-07
5.12353e-07
5.90221e-07
-5.0057e-07
6.16292e-07
-5.14444e-07
6.44537e-07
-5.27573e-07
-5.40074e-07
6.74944e-07
7.27201e-07
-5.18502e-07
7.47273e-07
-5.34513e-07
7.69512e-07
-5.49803e-07
-5.64484e-07
7.93929e-07
8.19626e-07
-5.30198e-07
8.33451e-07
-5.48338e-07
8.49464e-07
-5.65812e-07
-5.82719e-07
8.67704e-07
8.66548e-07
-5.35572e-07
8.74081e-07
-5.55873e-07
8.83859e-07
-5.75589e-07
-5.94803e-07
8.95945e-07
8.68282e-07
-5.34761e-07
8.69714e-07
-5.57309e-07
8.73497e-07
-5.79372e-07
-6.01011e-07
8.79705e-07
8.26355e-07
-5.28178e-07
8.22179e-07
-5.53138e-07
8.20518e-07
-5.77712e-07
-6.01924e-07
8.21431e-07
7.43387e-07
-5.16632e-07
7.3451e-07
-5.44266e-07
7.28363e-07
-5.71567e-07
-5.98512e-07
7.2495e-07
6.22987e-07
-5.01561e-07
6.10915e-07
-5.32197e-07
6.01785e-07
-5.62439e-07
-5.92221e-07
5.95493e-07
4.69937e-07
-4.85344e-07
4.56991e-07
-5.19255e-07
4.47052e-07
-5.52501e-07
-5.85015e-07
4.39845e-07
2.91207e-07
-4.71441e-07
2.80476e-07
-5.08526e-07
2.72408e-07
-5.44434e-07
-5.79186e-07
2.66578e-07
9.78362e-08
9.31215e-08
8.97251e-08
8.73437e-08
8.13818e-07
-1.91539e-06
1.75443e-07
-1.52195e-06
-1.00104e-07
-8.91241e-07
-2.19649e-07
-3.68884e-07
-1.97387e-07
1.69759e-07
-1.10123e-07
5.99451e-07
-4.49429e-08
8.65389e-07
-8.76005e-08
9.44602e-07
-2.48723e-07
7.46905e-07
-2.94664e-07
4.26444e-07
8.67428e-08
3.08601e-07
6.54996e-07
1.71203e-07
7.42375e-07
-2.20262e-07
-3.52012e-07
-8.22576e-07
-2.43872e-06
-1.35549e-06
-4.88858e-06
-1.75448e-06
-6.06141e-06
-3.42389e-07
-4.87343e-06
3.28655e-06
4.03161e-06
8.54553e-07
-9.80228e-07
4.28447e-08
-7.10232e-07
-5.06462e-07
-3.41928e-07
-8.20398e-07
-5.4947e-08
-8.42677e-07
1.92037e-07
-6.4053e-07
3.97304e-07
-2.77346e-07
5.02205e-07
1.2242e-07
5.44833e-07
4.03566e-07
4.65757e-07
5.4388e-07
2.86124e-07
6.72378e-07
1.80097e-07
7.27229e-07
1.16346e-07
3.905e-07
1.1646e-07
-6.87851e-07
2.55767e-07
-2.51482e-06
4.7147e-07
-4.64446e-06
3.75162e-07
-5.40272e-06
4.15864e-07
-3.23274e-06
1.11658e-06
7.98865e-07
1.29103e-06
-1.65867e-07
2.35293e-07
3.45513e-07
-5.58591e-07
4.51972e-07
-1.05237e-06
4.38848e-07
-1.14773e-06
2.8741e-07
-8.72792e-07
1.22379e-07
-3.18496e-07
-5.2081e-08
4.09321e-07
-1.8298e-07
1.10492e-06
-2.29842e-07
1.47271e-06
-8.16751e-08
1.52524e-06
1.27556e-07
1.26184e-06
3.79734e-07
6.68667e-07
7.09608e-07
-1.2312e-07
1.04753e-06
-1.12048e-06
1.4688e-06
-2.60359e-06
1.85824e-06
-3.2679e-06
1.08016e-06
-1.41078e-06
-7.40556e-07
-6.11914e-07
1.7455e-06
1.13356e-06
5.43823e-07
1.54712e-06
-3.43617e-07
1.33939e-06
-1.16553e-06
1.26071e-06
-1.42913e-06
5.50977e-07
-6.67774e-07
-6.38977e-07
-8.6211e-08
-6.33635e-07
5.19691e-07
-7.88871e-07
1.0789e-06
-7.89032e-07
1.40629e-06
-4.09056e-07
1.39528e-06
1.38591e-07
1.01967e-06
7.5537e-07
3.07525e-07
1.42178e-06
-4.21188e-07
1.77628e-06
-4.22725e-07
1.47038e-06
-8.64032e-07
2.29958e-06
-1.9327e-06
2.14884e-06
-2.49864e-06
-1.74622e-07
-3.11058e-06
1.60362e-06
3.58479e-06
1.05166e-07
3.04563e-06
-1.26629e-06
2.71089e-06
-3.95301e-06
3.94742e-06
-3.74642e-06
3.44442e-07
-1.04239e-06
-3.34294e-06
2.91315e-07
-1.9673e-06
7.61867e-07
-1.25941e-06
9.44014e-07
-9.71193e-07
1.07937e-06
-5.44437e-07
1.26123e-06
-4.33097e-08
1.52273e-06
4.93821e-07
2.07741e-06
8.67039e-07
3.48807e-06
3.65552e-07
6.44265e-06
-1.48427e-06
7.69068e-06
1.05148e-06
6.39062e-06
3.44882e-06
3.57578e-06
2.64013e-06
4.65216e-07
-4.16105e-07
3.75833e-06
-1.66795e-09
2.63121e-06
5.13983e-07
2.19526e-06
1.21782e-06
3.24363e-06
2.30391e-06
-7.41584e-07
1.71098e-06
-2.74997e-06
1.00189e-06
-1.25818e-06
4.9904e-07
-7.5656e-07
1.37126e-07
-6.09298e-07
4.87181e-08
-4.56056e-07
2.99511e-07
-2.94121e-07
8.11346e-07
-1.80122e-08
1.49634e-06
1.82065e-07
2.21439e-06
-3.52483e-07
2.1173e-06
-1.38718e-06
3.34985e-06
-1.81088e-07
5.13071e-06
1.66793e-06
3.90325e-06
3.86753e-06
4.36847e-06
-2.00245e-07
3.30239e-06
7.85348e-07
1.64571e-06
1.88413e-06
1.09657e-06
4.45771e-06
6.70133e-07
4.88201e-06
-1.16582e-06
2.8499e-06
-7.17826e-07
8.74913e-07
7.16797e-07
-4.18408e-07
5.36703e-07
-1.07672e-06
4.89307e-08
-1.12825e-06
-4.04624e-07
-6.16374e-07
-8.06082e-07
1.1621e-07
-7.50659e-07
5.91384e-07
-2.93154e-07
6.89645e-08
1.69919e-07
-1.23359e-06
-8.46303e-08
-1.22573e-07
-1.2921e-06
1.70055e-06
-1.55199e-07
2.24227e-06
3.32578e-06
6.61072e-06
7.4293e-07
3.32023e-06
9.16589e-07
1.47211e-06
1.46363e-06
5.496e-07
2.40322e-06
-2.69399e-07
1.55977e-06
-3.22273e-07
-2.84332e-07
1.12636e-06
-1.65703e-06
2.08952e-06
-2.79379e-06
1.67345e-06
-3.31198e-06
5.67095e-07
-2.98814e-06
-7.28499e-07
-2.14521e-06
-1.64903e-06
-1.16131e-06
-1.73457e-06
-2.67484e-07
-1.18699e-06
9.07444e-08
-1.88332e-07
6.82901e-08
-6.22024e-08
3.56963e-07
-1.5808e-06
4.51513e-07
-2.49753e-07
8.37059e-07
2.94022e-06
7.44777e-06
-1.63438e-07
2.84484e-06
-4.40826e-07
1.74959e-06
-8.10174e-07
9.19056e-07
-1.44084e-06
3.61355e-07
-2.44541e-06
6.82393e-07
-3.18982e-06
1.87084e-06
-3.75949e-06
2.6592e-06
-4.26629e-06
2.18023e-06
-4.33771e-06
6.38498e-07
-3.66444e-06
-1.40179e-06
-2.91746e-06
-2.39603e-06
-2.11006e-06
-2.54198e-06
-1.2728e-06
-2.02425e-06
-6.27163e-07
-8.33972e-07
-1.69612e-07
-5.19767e-07
-5.87536e-07
-1.1629e-06
-8.60711e-07
2.34015e-08
-6.6533e-07
2.74482e-06
6.78244e-06
-2.05941e-06
2.16792e-06
-2.22737e-06
1.91768e-06
-2.73935e-06
1.43116e-06
-3.46539e-06
1.08748e-06
-4.09711e-06
1.31417e-06
-4.35286e-06
2.12659e-06
-4.46431e-06
2.77062e-06
-4.53336e-06
2.24921e-06
-4.10347e-06
2.08553e-07
-3.61254e-06
-1.89276e-06
-3.42484e-06
-2.58375e-06
-3.37665e-06
-2.5902e-06
-3.00613e-06
-2.39478e-06
-2.21318e-06
-1.62692e-06
-1.52264e-06
-1.2103e-06
-1.58483e-06
-1.10072e-06
-1.53601e-06
-2.54291e-08
-1.01829e-06
2.22709e-06
5.76414e-06
-3.43171e-06
1.75609e-06
-3.46718e-06
1.9533e-06
-3.83048e-06
1.79456e-06
-4.27733e-06
1.53438e-06
-4.51119e-06
1.54807e-06
-4.44547e-06
2.06087e-06
-4.25876e-06
2.58387e-06
-4.0063e-06
1.99672e-06
-3.56263e-06
-2.35167e-07
-3.64733e-06
-1.80808e-06
-4.2138e-06
-2.01729e-06
-4.59759e-06
-2.20641e-06
-4.37709e-06
-2.61527e-06
-3.66381e-06
-2.3402e-06
-3.1219e-06
-1.7522e-06
-3.01778e-06
-1.20482e-06
-2.67306e-06
-3.70157e-07
-1.60833e-06
1.16236e-06
4.15581e-06
-4.1458e-06
1.5137e-06
-4.09449e-06
1.90208e-06
-4.24179e-06
1.94193e-06
-4.36752e-06
1.66013e-06
-4.35217e-06
1.53273e-06
-4.12981e-06
1.83848e-06
-3.72131e-06
2.17535e-06
-3.33338e-06
1.60876e-06
-3.38457e-06
-1.84e-07
-4.00596e-06
-1.18671e-06
-4.79436e-06
-1.22888e-06
-5.02166e-06
-1.97909e-06
-4.86874e-06
-2.76817e-06
-4.57406e-06
-2.63488e-06
-4.4642e-06
-1.86207e-06
-4.62896e-06
-1.04006e-06
-4.5228e-06
-4.76317e-07
-3.31672e-06
-4.3729e-08
8.39083e-07
-4.39882e-06
1.32181e-06
-4.25093e-06
1.75423e-06
-4.18592e-06
1.87695e-06
-4.14396e-06
1.61816e-06
-4.04059e-06
1.42934e-06
-3.78291e-06
1.58076e-06
-3.37871e-06
1.77111e-06
-3.09623e-06
1.32625e-06
-3.44222e-06
1.61963e-07
-4.12672e-06
-5.0222e-07
-4.55591e-06
-7.9969e-07
-4.80722e-06
-1.72778e-06
-4.94233e-06
-2.63305e-06
-5.1629e-06
-2.4143e-06
-5.4664e-06
-1.55857e-06
-5.79089e-06
-7.15571e-07
-5.83342e-06
-4.33793e-07
-4.48486e-06
-1.3923e-06
-3.64578e-06
-4.38385e-06
1.1295e-06
-4.16087e-06
1.53127e-06
-3.95551e-06
1.67159e-06
-3.85563e-06
1.51826e-06
-3.7621e-06
1.33578e-06
-3.57153e-06
1.39015e-06
-3.28994e-06
1.48948e-06
-3.11362e-06
1.1499e-06
-3.37673e-06
4.25051e-07
-3.75717e-06
-1.21787e-07
-4.0018e-06
-5.55065e-07
-4.38298e-06
-1.34661e-06
-4.90752e-06
-2.10851e-06
-5.4448e-06
-1.87702e-06
-5.83237e-06
-1.17101e-06
-5.9639e-06
-5.84057e-07
-5.66991e-06
-7.27788e-07
-3.98692e-06
-3.07531e-06
-7.63272e-06
-4.23859e-06
9.37694e-07
-3.99269e-06
1.28537e-06
-3.75128e-06
1.43017e-06
-3.60394e-06
1.37091e-06
-3.53288e-06
1.2647e-06
-3.40818e-06
1.26542e-06
-3.18311e-06
1.26439e-06
-3.04941e-06
1.01617e-06
-3.159e-06
5.34633e-07
-3.36158e-06
8.07809e-08
-3.54571e-06
-3.70937e-07
-3.90642e-06
-9.85906e-07
-4.53408e-06
-1.48086e-06
-5.0034e-06
-1.4077e-06
-5.18383e-06
-9.90597e-07
-5.05629e-06
-7.11614e-07
-4.52355e-06
-1.26055e-06
-3.13751e-06
-4.46137e-06
-1.07702e-05
-4.02864e-06
7.58662e-07
-3.79663e-06
1.05335e-06
-3.56786e-06
1.2014e-06
-3.40238e-06
1.20541e-06
-3.29463e-06
1.15694e-06
-3.166e-06
1.13678e-06
-2.99214e-06
1.09052e-06
-2.87065e-06
8.94658e-07
-2.88587e-06
5.49854e-07
-2.97637e-06
1.71273e-07
-3.11039e-06
-2.36909e-07
-3.38476e-06
-7.11546e-07
-3.77776e-06
-1.08786e-06
-4.03462e-06
-1.15085e-06
-3.98434e-06
-1.0409e-06
-3.57728e-06
-1.11869e-06
-2.83689e-06
-2.00095e-06
-2.05166e-06
-5.24662e-06
-1.28219e-05
-3.77512e-06
5.96147e-07
-3.56579e-06
8.44018e-07
-3.35325e-06
9.88869e-07
-3.1777e-06
1.02986e-06
-3.03825e-06
1.0175e-06
-2.89475e-06
9.93273e-07
-2.73481e-06
9.30584e-07
-2.60889e-06
7.68744e-07
-2.56091e-06
5.01872e-07
-2.57033e-06
1.80701e-07
-2.62623e-06
-1.81005e-07
-2.75925e-06
-5.78527e-07
-2.92268e-06
-9.24435e-07
-2.94222e-06
-1.13132e-06
-2.67786e-06
-1.30526e-06
-2.08211e-06
-1.71446e-06
-1.2409e-06
-2.84219e-06
-7.04011e-07
-5.78354e-06
-1.35259e-05
-3.4866e-06
4.46889e-07
-3.29617e-06
6.53595e-07
-3.09628e-06
7.88986e-07
-2.91509e-06
8.48686e-07
-2.75449e-06
8.56908e-07
-2.59512e-06
8.33913e-07
-2.43172e-06
7.672e-07
-2.29064e-06
6.27682e-07
-2.19452e-06
4.05767e-07
-2.13687e-06
1.23066e-07
-2.11002e-06
-2.07847e-07
-2.11263e-06
-5.7591e-07
-2.09471e-06
-9.4235e-07
-1.93883e-06
-1.28721e-06
-1.54349e-06
-1.70061e-06
-8.75389e-07
-2.38258e-06
-4.5254e-08
-3.67234e-06
5.67453e-07
-6.39627e-06
-1.29585e-05
-3.17e-06
3.05642e-07
-2.99258e-06
4.76199e-07
-2.8013e-06
5.97729e-07
-2.61597e-06
6.63376e-07
-2.44068e-06
6.81634e-07
-2.26778e-06
6.61035e-07
-2.09572e-06
5.95165e-07
-1.93651e-06
4.68486e-07
-1.80274e-06
2.72024e-07
-1.69218e-06
1.25227e-08
-1.59729e-06
-3.02721e-07
-1.50463e-06
-6.68552e-07
-1.37181e-06
-1.07516e-06
-1.12306e-06
-1.53597e-06
-6.93101e-07
-2.13058e-06
-6.3832e-08
-3.01186e-06
6.95706e-07
-4.4319e-06
1.20303e-06
-6.90361e-06
-1.17555e-05
-2.83193e-06
1.67819e-07
-2.66239e-06
3.06698e-07
-2.47665e-06
4.12018e-07
-2.28832e-06
4.75061e-07
-2.10298e-06
4.96325e-07
-1.91926e-06
4.77338e-07
-1.73719e-06
4.13124e-07
-1.56249e-06
2.9381e-07
-1.40208e-06
1.11645e-07
-1.25554e-06
-1.33995e-07
-1.11604e-06
-4.42194e-07
-9.69312e-07
-8.15265e-07
-7.84916e-07
-1.25954e-06
-5.18077e-07
-1.8028e-06
-1.34845e-07
-2.51381e-06
3.60163e-07
-3.50688e-06
8.8207e-07
-4.95382e-06
1.11828e-06
-7.13984e-06
-1.06372e-05
-2.47866e-06
3.03009e-08
-2.31339e-06
1.41472e-07
-2.13104e-06
2.29708e-07
-1.94143e-06
2.85476e-07
-1.75003e-06
3.04964e-07
-1.55846e-06
2.85799e-07
-1.36821e-06
2.22902e-07
-1.18301e-06
1.08638e-07
-1.00721e-06
-6.41197e-08
-8.4145e-07
-2.99726e-07
-6.81182e-07
-6.02435e-07
-5.1657e-07
-9.79855e-07
-3.29432e-07
-1.44667e-06
-9.78545e-08
-2.03437e-06
1.88171e-07
-2.79983e-06
5.09635e-07
-3.82834e-06
7.86445e-07
-5.23063e-06
7.99805e-07
-7.15321e-06
-9.8374e-06
-2.1163e-06
-1.08448e-07
-1.95328e-06
-2.15042e-08
-1.77338e-06
4.98548e-08
-1.58386e-06
9.59923e-08
-1.38984e-06
1.1098e-07
-1.1943e-06
9.03047e-08
-9.99887e-07
2.85206e-08
-8.10111e-07
-8.11041e-08
-6.28747e-07
-2.45451e-07
-4.5772e-07
-4.7072e-07
-2.96084e-07
-7.6404e-07
-1.39762e-07
-1.13615e-06
1.82846e-08
-1.60469e-06
1.83717e-07
-2.19979e-06
3.52605e-07
-2.96871e-06
5.01359e-07
-3.97709e-06
5.75899e-07
-5.30517e-06
4.72898e-07
-7.05021e-06
-9.3645e-06
-1.7509e-06
-2.48599e-07
-1.5895e-06
-1.82858e-07
-1.41206e-06
-1.27534e-07
-1.22415e-06
-9.18742e-08
-1.03047e-06
-8.26594e-08
-8.34704e-07
-1.05414e-07
-6.40366e-07
-1.6578e-07
-4.51433e-07
-2.70002e-07
-2.72179e-07
-4.2467e-07
-1.06257e-07
-6.36608e-07
4.37701e-08
-9.14034e-07
1.76161e-07
-1.26851e-06
2.88944e-07
-1.71745e-06
3.76767e-07
-2.28759e-06
4.26476e-07
-3.01841e-06
4.14856e-07
-3.96547e-06
3.15323e-07
-5.20563e-06
1.35077e-07
-6.86996e-06
-9.22942e-06
-1.3884e-06
-3.89288e-07
-1.22902e-06
-3.42185e-07
-1.05477e-06
-3.01733e-07
-8.70081e-07
-2.76512e-07
-6.79287e-07
-2.73406e-07
-4.86445e-07
-2.98211e-07
-2.9571e-07
-3.56474e-07
-1.11722e-07
-4.53953e-07
6.03511e-08
-5.96708e-07
2.1513e-07
-7.91352e-07
3.46991e-07
-1.04586e-06
4.49506e-07
-1.371e-06
5.14174e-07
-1.78209e-06
5.28111e-07
-2.30151e-06
4.71658e-07
-2.96194e-06
3.19341e-07
-3.81314e-06
5.59882e-08
-4.94227e-06
-2.3826e-07
-6.57571e-06
-9.46768e-06
-1.03458e-06
-5.28977e-07
-8.78329e-07
-4.98383e-07
-7.0843e-07
-4.71578e-07
-5.28571e-07
-4.56325e-07
-3.42769e-07
-4.5916e-07
-1.55247e-07
-4.85688e-07
2.93842e-08
-5.41065e-07
2.05897e-07
-6.30429e-07
3.68319e-07
-7.59095e-07
5.09883e-07
-9.32882e-07
6.22805e-07
-1.15875e-06
6.97632e-07
-1.44579e-06
7.22082e-07
-1.80652e-06
6.79351e-07
-2.25876e-06
5.46505e-07
-2.82908e-06
2.954e-07
-3.56202e-06
-9.26379e-08
-4.55423e-06
-5.39135e-07
-6.12921e-06
-1.00068e-05
-6.95082e-07
-6.65748e-07
-5.43452e-07
-6.49959e-07
-3.79291e-07
-6.35687e-07
-2.05755e-07
-6.29815e-07
-2.65887e-08
-6.38279e-07
1.53937e-07
-6.66171e-07
3.31e-07
-7.18091e-07
4.99001e-07
-7.98397e-07
6.51437e-07
-9.115e-07
7.80761e-07
-1.06218e-06
8.78116e-07
-1.25608e-06
9.3284e-07
-1.50049e-06
9.31743e-07
-1.8054e-06
8.58276e-07
-2.18527e-06
6.92126e-07
-2.66291e-06
4.10678e-07
-3.28056e-06
-2.35323e-11
-4.14352e-06
-4.51348e-07
-5.67788e-06
-1.04582e-05
-3.75356e-07
-7.9754e-07
-2.30008e-07
-7.95256e-07
-7.30175e-08
-7.92629e-07
9.28469e-08
-7.95637e-07
2.64109e-07
-8.09499e-07
4.36622e-07
-8.38645e-07
6.05508e-07
-8.86944e-07
7.65067e-07
-9.57928e-07
9.08643e-07
-1.05505e-06
1.0285e-06
-1.182e-06
1.11565e-06
-1.34321e-06
1.15969e-06
-1.54451e-06
1.14862e-06
-1.79431e-06
1.06902e-06
-2.10565e-06
9.07255e-07
-2.50113e-06
6.53854e-07
-3.02715e-06
3.19769e-07
-3.80943e-06
-2.85855e-08
-5.32952e-06
-1.04867e-05
-8.06559e-08
-9.22308e-07
5.67446e-08
-9.32612e-07
2.05177e-07
-9.41018e-07
3.62219e-07
-9.52642e-07
5.24675e-07
-9.71918e-07
6.88603e-07
-1.00254e-06
8.49284e-07
-1.0476e-06
1.00115e-06
-1.10977e-06
1.1377e-06
-1.19158e-06
1.25145e-06
-1.29573e-06
1.33389e-06
-1.42563e-06
1.37556e-06
-1.58616e-06
1.36635e-06
-1.78508e-06
1.29625e-06
-2.03554e-06
1.15707e-06
-2.36194e-06
9.46241e-07
-2.81632e-06
6.73487e-07
-3.53667e-06
3.50127e-07
-5.00616e-06
-1.01366e-05
1.84035e-07
-1.03814e-06
3.11925e-07
-1.06046e-06
4.50545e-07
-1.0796e-06
5.97787e-07
-1.09985e-06
7.50778e-07
-1.12488e-06
9.05872e-07
-1.15761e-06
1.05865e-06
-1.20035e-06
1.20385e-06
-1.25496e-06
1.33535e-06
-1.32307e-06
1.44614e-06
-1.40651e-06
1.52838e-06
-1.50785e-06
1.57364e-06
-1.63141e-06
1.57337e-06
-1.7848e-06
1.51972e-06
-1.98189e-06
1.40692e-06
-2.24913e-06
1.23268e-06
-2.64207e-06
9.96003e-07
-3.29999e-06
6.71892e-07
-4.68205e-06
-9.46472e-06
4.14115e-07
-1.14335e-06
5.31103e-07
-1.17742e-06
6.58816e-07
-1.20729e-06
7.95462e-07
-1.23648e-06
9.38512e-07
-1.26791e-06
1.08469e-06
-1.30377e-06
1.22997e-06
-1.34562e-06
1.36953e-06
-1.39451e-06
1.49772e-06
-1.45125e-06
1.60806e-06
-1.51684e-06
1.69333e-06
-1.59311e-06
1.74579e-06
-1.68386e-06
1.75762e-06
-1.79662e-06
1.72156e-06
-1.94582e-06
1.63139e-06
-2.15895e-06
1.48076e-06
-2.49143e-06
1.25452e-06
-3.07376e-06
8.91552e-07
-4.31907e-06
-8.57317e-06
6.05521e-07
-1.2365e-06
7.10444e-07
-1.28232e-06
8.26351e-07
-1.32317e-06
9.51766e-07
-1.36188e-06
1.08453e-06
-1.40065e-06
1.22177e-06
-1.441e-06
1.35993e-06
-1.48377e-06
1.49468e-06
-1.52925e-06
1.6209e-06
-1.57746e-06
1.73259e-06
-1.62852e-06
1.82294e-06
-1.68346e-06
1.88445e-06
-1.74536e-06
1.90918e-06
-1.82134e-06
1.88913e-06
-1.92576e-06
1.81616e-06
-2.08598e-06
1.67951e-06
-2.35478e-06
1.45311e-06
-2.84736e-06
1.03896e-06
-3.90493e-06
-7.5342e-06
7.54932e-07
-1.31647e-06
8.46899e-07
-1.37427e-06
9.50324e-07
-1.42658e-06
1.06403e-06
-1.47557e-06
1.18624e-06
-1.52284e-06
1.31452e-06
-1.56926e-06
1.44579e-06
-1.61503e-06
1.57628e-06
-1.65974e-06
1.70139e-06
-1.70256e-06
1.81558e-06
-1.74271e-06
1.91225e-06
-1.78013e-06
1.98365e-06
-1.81676e-06
2.02095e-06
-1.85863e-06
2.01439e-06
-1.9192e-06
1.95339e-06
-2.02497e-06
1.82501e-06
-2.2264e-06
1.60356e-06
-2.62591e-06
1.19152e-06
-3.49289e-06
-6.34268e-06
8.5999e-07
-1.38252e-06
9.3843e-07
-1.4527e-06
1.02894e-06
-1.51708e-06
1.13064e-06
-1.57726e-06
1.24207e-06
-1.63427e-06
1.36126e-06
-1.68845e-06
1.48567e-06
-1.73944e-06
1.6121e-06
-1.78616e-06
1.73653e-06
-1.82699e-06
1.85388e-06
-1.86005e-06
1.95761e-06
-1.88386e-06
2.03942e-06
-1.89856e-06
2.08882e-06
-1.90803e-06
2.09295e-06
-1.92333e-06
2.0367e-06
-1.96871e-06
1.90261e-06
-2.0923e-06
1.6658e-06
-2.38909e-06
1.25565e-06
-3.08274e-06
-5.08703e-06
9.19514e-07
-1.43432e-06
9.84221e-07
-1.51741e-06
1.06168e-06
-1.59453e-06
1.1512e-06
-1.66678e-06
1.25168e-06
-1.73474e-06
1.36156e-06
-1.79832e-06
1.47885e-06
-1.85673e-06
1.60102e-06
-1.90833e-06
1.72472e-06
-1.9507e-06
1.84544e-06
-1.98077e-06
1.95688e-06
-1.99529e-06
2.05012e-06
-1.9918e-06
2.11263e-06
-1.97053e-06
2.12712e-06
-1.93781e-06
2.07059e-06
-1.91218e-06
1.91353e-06
-1.93524e-06
1.61657e-06
-2.09212e-06
1.1033e-06
-2.56947e-06
-3.98372e-06
9.33669e-07
-1.47204e-06
9.84859e-07
-1.56859e-06
1.04941e-06
-1.65908e-06
1.12679e-06
-1.74415e-06
1.21612e-06
-1.82407e-06
1.31629e-06
-1.89848e-06
1.42587e-06
-1.96631e-06
1.54307e-06
-2.02553e-06
1.66542e-06
-2.07304e-06
1.78927e-06
-2.10462e-06
1.909e-06
-2.11502e-06
2.01574e-06
-2.09854e-06
2.09557e-06
-2.05035e-06
2.12715e-06
-1.96939e-06
2.07899e-06
-1.86401e-06
1.90689e-06
-1.76313e-06
1.55195e-06
-1.73718e-06
9.30396e-07
-1.94792e-06
-3.05332e-06
9.04079e-07
-1.49641e-06
9.4244e-07
-1.60695e-06
9.94585e-07
-1.71122e-06
1.06e-06
-1.80956e-06
1.13799e-06
-1.90206e-06
1.22783e-06
-1.98831e-06
1.32867e-06
-2.06716e-06
1.43956e-06
-2.13642e-06
1.55909e-06
-2.19257e-06
1.68494e-06
-2.23046e-06
1.81294e-06
-2.24301e-06
1.93555e-06
-2.22114e-06
2.03939e-06
-2.15419e-06
2.10173e-06
-2.03171e-06
2.08577e-06
-1.84805e-06
1.93645e-06
-1.6138e-06
1.58171e-06
-1.38242e-06
9.44411e-07
-1.31061e-06
-2.1089e-06
8.3386e-07
-1.50884e-06
8.60602e-07
-1.6337e-06
9.01176e-07
-1.7518e-06
9.54966e-07
-1.86335e-06
1.0214e-06
-1.9685e-06
1.10005e-06
-2.06696e-06
1.19065e-06
-2.15776e-06
1.29308e-06
-2.23885e-06
1.40718e-06
-2.30667e-06
1.53234e-06
-2.35562e-06
1.66671e-06
-2.37738e-06
1.80566e-06
-2.36008e-06
1.93908e-06
-2.28761e-06
2.04679e-06
-2.13941e-06
2.09146e-06
-1.89271e-06
2.01029e-06
-1.53263e-06
1.71368e-06
-1.08581e-06
1.09896e-06
-6.95883e-07
-1.00994e-06
7.27613e-07
-1.51151e-06
7.44486e-07
-1.65057e-06
7.74653e-07
-1.78196e-06
8.17316e-07
-1.90602e-06
8.71939e-07
-2.02312e-06
9.38331e-07
-2.13335e-06
1.0167e-06
-2.23613e-06
1.10769e-06
-2.32984e-06
1.21234e-06
-2.41132e-06
1.33193e-06
-2.4752e-06
1.46748e-06
-2.51292e-06
1.61867e-06
-2.51128e-06
1.78143e-06
-2.45036e-06
1.94292e-06
-2.3009e-06
2.07179e-06
-2.02157e-06
2.10189e-06
-1.56273e-06
1.91679e-06
-9.00697e-07
1.33985e-06
-1.18936e-07
3.29921e-07
5.91385e-07
-1.5074e-06
6.00626e-07
-1.65981e-06
6.21814e-07
-1.80315e-06
6.53955e-07
-1.93816e-06
6.9652e-07
-2.06568e-06
7.49468e-07
-2.1863e-06
8.13314e-07
-2.29998e-06
8.89216e-07
-2.40574e-06
9.7911e-07
-2.50121e-06
1.08584e-06
-2.58193e-06
1.21322e-06
-2.64029e-06
1.3657e-06
-2.66375e-06
1.54716e-06
-2.63181e-06
1.75706e-06
-2.51078e-06
1.97985e-06
-2.24436e-06
2.15923e-06
-1.7421e-06
2.15401e-06
-8.95468e-07
1.67474e-06
3.60338e-07
2.00467e-06
4.32649e-07
-1.50021e-06
4.36801e-07
-1.66397e-06
4.50547e-07
-1.8169e-06
4.72827e-07
-1.96044e-06
5.03148e-07
-2.096e-06
5.41537e-07
-2.22469e-06
5.88588e-07
-2.34703e-06
6.4559e-07
-2.46274e-06
7.14768e-07
-2.57038e-06
7.99663e-07
-2.66682e-06
9.05699e-07
-2.74632e-06
1.04091e-06
-2.79896e-06
1.21657e-06
-2.80747e-06
1.44673e-06
-2.74094e-06
1.74284e-06
-2.54046e-06
2.08663e-06
-2.08588e-06
2.34669e-06
-1.15552e-06
2.123e-06
5.84035e-07
4.12767e-06
2.60333e-07
-1.49396e-06
2.61823e-07
-1.66546e-06
2.69515e-07
-1.82459e-06
2.82557e-07
-1.97348e-06
3.00583e-07
-2.11403e-06
3.23629e-07
-2.24773e-06
3.52145e-07
-2.37554e-06
3.87111e-07
-2.49771e-06
4.30266e-07
-2.61354e-06
4.84539e-07
-2.72109e-06
5.5482e-07
-2.8166e-06
6.49306e-07
-2.89344e-06
7.81701e-07
-2.93986e-06
9.74633e-07
-2.93386e-06
1.2652e-06
-2.83103e-06
1.70567e-06
-2.52635e-06
2.27862e-06
-1.72847e-06
2.52996e-06
3.32703e-07
6.65763e-06
8.48521e-08
8.5232e-08
8.77251e-08
9.19829e-08
9.78652e-08
1.05382e-07
1.14691e-07
1.26144e-07
1.40382e-07
1.58538e-07
1.82653e-07
2.16557e-07
2.67746e-07
3.51181e-07
4.96586e-07
7.67219e-07
1.31924e-06
2.06625e-06
)
;

boundaryField
{
    leftWall
    {
        type            calculated;
        value           uniform 0;
    }
    rightWall
    {
        type            calculated;
        value           uniform 0;
    }
    lowerWall
    {
        type            calculated;
        value           uniform 0;
    }
    atmosphere
    {
        type            calculated;
        value           nonuniform List<scalar> 
46
(
-3.20637e-06
5.99751e-07
3.53739e-06
4.19665e-06
4.20223e-06
4.01882e-06
3.75579e-06
3.45328e-06
3.13087e-06
2.7996e-06
2.46632e-06
2.1355e-06
1.8102e-06
1.49254e-06
1.18385e-06
8.84893e-07
5.96497e-07
3.17619e-07
2.6287e-08
-2.22201e-07
-4.37162e-07
-6.51264e-07
-8.50085e-07
-4.64998e-07
-5.03812e-07
-5.41037e-07
-5.76804e-07
-1.49147e-06
-1.66584e-06
-1.82708e-06
-1.97774e-06
-2.11991e-06
-2.25525e-06
-2.38485e-06
-2.50916e-06
-2.62777e-06
-2.73925e-06
-2.84072e-06
-2.92735e-06
-2.99105e-06
-3.0173e-06
-2.97643e-06
-2.79698e-06
-2.28049e-06
-4.14303e-07
8.72387e-06
)
;
    }
    defaultFaces
    {
        type            empty;
        value           nonuniform List<scalar> 0();
    }
}


// ************************************************************************* //
