/*--------------------------------*- C++ -*----------------------------------*\
  =========                 |
  \\      /  F ield         | OpenFOAM: The Open Source CFD Toolbox
   \\    /   O peration     | Website:  https://openfoam.org
    \\  /    A nd           | Version:  9
     \\/     M anipulation  |
\*---------------------------------------------------------------------------*/
FoamFile
{
    format      ascii;
    class       surfaceScalarField;
    location    "0.93";
    object      phi;
}
// * * * * * * * * * * * * * * * * * * * * * * * * * * * * * * * * * * * * * //

dimensions      [0 3 -1 0 0 0 0];

internalField   nonuniform List<scalar> 
4432
(
-9.47858e-07
9.47858e-07
-3.79956e-06
2.8517e-06
-6.87387e-06
3.07432e-06
-9.92363e-06
3.04976e-06
-1.29251e-05
3.00144e-06
-1.58103e-05
2.88525e-06
-1.85006e-05
2.69026e-06
-2.09139e-05
2.41329e-06
-2.29591e-05
2.04522e-06
-2.45249e-05
1.56579e-06
-2.54709e-05
9.46005e-07
-2.56379e-05
1.67022e-07
-2.49292e-05
-7.08689e-07
-2.34043e-05
-1.52496e-06
-2.11394e-05
-2.26487e-06
-1.82032e-05
-2.93625e-06
-1.45526e-05
-3.65058e-06
-1.01947e-05
-4.35787e-06
-5.17319e-06
-5.0215e-06
1.25414e-07
-5.2986e-06
4.70952e-06
-4.5841e-06
5.45356e-06
-7.44044e-07
5.45356e-06
-2.47303e-06
3.42089e-06
-5.66145e-06
6.04012e-06
-9.001e-06
6.41387e-06
-1.22828e-05
6.33158e-06
-1.54247e-05
6.14328e-06
-1.83306e-05
5.79117e-06
-2.09163e-05
5.276e-06
-2.31018e-05
4.59871e-06
-2.47968e-05
3.74026e-06
-2.59016e-05
2.67063e-06
-2.63379e-05
1.38227e-06
-2.6099e-05
-7.18801e-08
-2.52167e-05
-1.59102e-06
-2.36851e-05
-3.05659e-06
-2.15034e-05
-4.44648e-06
-1.86656e-05
-5.77406e-06
-1.52756e-05
-7.04065e-06
-1.14363e-05
-8.19709e-06
-7.22914e-06
-9.22869e-06
-2.80052e-06
-9.72723e-06
1.05332e-06
-8.43794e-06
3.06182e-06
-2.75255e-06
8.51538e-06
-3.18884e-06
6.60973e-06
-6.31804e-06
9.16932e-06
-9.56707e-06
9.66289e-06
-1.27753e-05
9.53982e-06
-1.58203e-05
9.18826e-06
-1.86147e-05
8.58561e-06
-2.1087e-05
7.74824e-06
-2.31679e-05
6.67964e-06
-2.47781e-05
5.35039e-06
-2.583e-05
3.7226e-06
-2.6253e-05
1.80524e-06
-2.60168e-05
-3.08044e-07
-2.51366e-05
-2.4713e-06
-2.36248e-05
-4.56831e-06
-2.14919e-05
-6.5794e-06
-1.87751e-05
-8.49093e-06
-1.56179e-05
-1.01978e-05
-1.22045e-05
-1.16104e-05
-8.63132e-06
-1.28019e-05
-4.94941e-06
-1.34091e-05
-1.51202e-06
-1.18753e-05
9.10233e-07
-5.17481e-06
9.42562e-06
-3.52222e-06
1.01319e-05
-6.67287e-06
1.232e-05
-9.87164e-06
1.28617e-05
-1.30128e-05
1.2681e-05
-1.59773e-05
1.21528e-05
-1.86902e-05
1.12986e-05
-2.10908e-05
1.01488e-05
-2.31175e-05
8.70632e-06
-2.46964e-05
6.92926e-06
-2.57427e-05
4.76898e-06
-2.61809e-05
2.24338e-06
-2.59695e-05
-5.1941e-07
-2.51108e-05
-3.33006e-06
-2.36244e-05
-6.05468e-06
-2.15258e-05
-8.67802e-06
-1.88727e-05
-1.1144e-05
-1.58709e-05
-1.31997e-05
-1.27907e-05
-1.46906e-05
-9.74191e-06
-1.58507e-05
-6.65634e-06
-1.64947e-05
-3.60839e-06
-1.49233e-05
-9.17105e-07
-7.86609e-06
8.50852e-06
-3.68207e-06
1.3814e-05
-6.8951e-06
1.5533e-05
-1.00715e-05
1.6038e-05
-1.31576e-05
1.57671e-05
-1.60564e-05
1.50515e-05
-1.87069e-05
1.3949e-05
-2.1059e-05
1.2501e-05
-2.30591e-05
1.07064e-05
-2.46377e-05
8.50791e-06
-2.57093e-05
5.8405e-06
-2.61887e-05
2.7228e-06
-2.60216e-05
-6.86517e-07
-2.52006e-05
-4.15104e-06
-2.37441e-05
-7.51112e-06
-2.16597e-05
-1.07624e-05
-1.90111e-05
-1.37926e-05
-1.60752e-05
-1.61356e-05
-1.32366e-05
-1.75293e-05
-1.06271e-05
-1.84601e-05
-8.04836e-06
-1.90735e-05
-5.37898e-06
-1.75926e-05
-2.57477e-06
-1.06703e-05
5.93374e-06
-3.76203e-06
1.75761e-05
-7.03325e-06
1.88042e-05
-1.01921e-05
1.91969e-05
-1.32298e-05
1.88048e-05
-1.60741e-05
1.78958e-05
-1.86779e-05
1.65528e-05
-2.1002e-05
1.4825e-05
-2.30011e-05
1.27055e-05
-2.46108e-05
1.01176e-05
-2.57415e-05
6.97127e-06
-2.62946e-05
3.27585e-06
-2.61987e-05
-7.82443e-07
-2.54364e-05
-4.91334e-06
-2.40203e-05
-8.92716e-06
-2.19332e-05
-1.28496e-05
-1.92237e-05
-1.65021e-05
-1.6252e-05
-1.91073e-05
-1.35583e-05
-2.0223e-05
-1.13229e-05
-2.06955e-05
-9.19808e-06
-2.11983e-05
-6.89396e-06
-1.98968e-05
-4.07638e-06
-1.34879e-05
1.85736e-06
-3.79934e-06
2.13754e-05
-7.10163e-06
2.21065e-05
-1.02348e-05
2.23301e-05
-1.32263e-05
2.17963e-05
-1.60252e-05
2.06948e-05
-1.8597e-05
1.91246e-05
-2.0913e-05
1.7141e-05
-2.29379e-05
1.47304e-05
-2.46125e-05
1.17922e-05
-2.58423e-05
8.201e-06
-2.65096e-05
3.94313e-06
-2.65218e-05
-7.702e-07
-2.58496e-05
-5.58553e-06
-2.4497e-05
-1.02798e-05
-2.24028e-05
-1.49437e-05
-1.9571e-05
-1.93338e-05
-1.64449e-05
-2.22334e-05
-1.37792e-05
-2.28887e-05
-1.18652e-05
-2.26095e-05
-1.01763e-05
-2.28872e-05
-8.21964e-06
-2.18534e-05
-5.29745e-06
-1.64101e-05
-3.44009e-06
-3.79394e-06
2.51693e-05
-7.09765e-06
2.54102e-05
-1.01915e-05
2.54239e-05
-1.31356e-05
2.47404e-05
-1.5897e-05
2.34562e-05
-1.84511e-05
2.16787e-05
-2.07796e-05
1.94695e-05
-2.28584e-05
1.68092e-05
-2.46362e-05
1.35701e-05
-2.60124e-05
9.57717e-06
-2.68455e-05
4.77627e-06
-2.7017e-05
-5.98693e-07
-2.64802e-05
-6.12236e-06
-2.52339e-05
-1.15261e-05
-2.31585e-05
-1.70191e-05
-2.01616e-05
-2.23307e-05
-1.67225e-05
-2.56726e-05
-1.39119e-05
-2.56994e-05
-1.22785e-05
-2.42428e-05
-1.10537e-05
-2.41121e-05
-9.48543e-06
-2.34216e-05
-6.47454e-06
-1.9421e-05
-9.91463e-06
5.37789e-06
-5.37789e-06
-1.28274e-05
1.82053e-05
-3.56799e-05
2.28525e-05
-5.45542e-05
1.88742e-05
-6.42889e-05
9.73472e-06
-6.36026e-05
-6.86294e-07
-5.56829e-05
-7.91973e-06
-4.40808e-05
-1.16021e-05
-3.15876e-05
-1.24932e-05
-2.24098e-05
-9.1778e-06
-1.97617e-05
-2.64808e-06
-2.14953e-05
1.73363e-06
-2.32516e-05
1.75627e-06
-2.23926e-05
-8.59006e-07
-1.77414e-05
-4.65125e-06
-1.03509e-05
-7.39043e-06
-2.18716e-06
-8.16377e-06
4.11993e-06
-6.30709e-06
4.11994e-06
-1.00924e-05
4.71455e-06
-3.06492e-05
3.8762e-05
-4.99022e-05
4.21055e-05
-6.03507e-05
2.93227e-05
-6.32448e-05
1.26288e-05
-6.12932e-05
-2.63784e-06
-5.44081e-05
-1.48049e-05
-4.41127e-05
-2.18975e-05
-3.30118e-05
-2.3594e-05
-2.44549e-05
-1.77347e-05
-2.12418e-05
-5.86117e-06
-2.15019e-05
1.99373e-06
-2.18694e-05
2.12374e-06
-2.03165e-05
-2.41193e-06
-1.6756e-05
-8.2117e-06
-1.16782e-05
-1.24682e-05
-6.1776e-06
-1.36644e-05
-9.03039e-07
-1.15817e-05
3.2169e-06
-1.85697e-05
2.32842e-05
-3.68022e-05
5.69946e-05
-4.9773e-05
5.50763e-05
-5.63396e-05
3.58893e-05
-5.89287e-05
1.52179e-05
-5.74014e-05
-4.16518e-06
-5.14398e-05
-2.07664e-05
-4.27124e-05
-3.06249e-05
-3.29353e-05
-3.33711e-05
-2.45466e-05
-2.61234e-05
-2.05694e-05
-9.83832e-06
-2.02191e-05
1.64339e-06
-1.99086e-05
1.81325e-06
-1.80517e-05
-4.26886e-06
-1.48133e-05
-1.14501e-05
-1.10506e-05
-1.62309e-05
-7.91248e-06
-1.68025e-05
-4.74876e-06
-1.47454e-05
-1.53186e-06
-2.20767e-05
4.53609e-05
-3.72955e-05
7.22134e-05
-4.69732e-05
6.47541e-05
-5.26045e-05
4.15206e-05
-5.48685e-05
1.74819e-05
-5.32312e-05
-5.80251e-06
-4.79959e-05
-2.60017e-05
-4.07036e-05
-3.79172e-05
-3.22676e-05
-4.18071e-05
-2.42564e-05
-3.41346e-05
-1.94719e-05
-1.46228e-05
-1.8346e-05
5.17444e-07
-1.75026e-05
9.69882e-07
-1.53009e-05
-6.47053e-06
-1.20513e-05
-1.46997e-05
-9.22286e-06
-1.90594e-05
-7.9702e-06
-1.80552e-05
-6.34515e-06
-1.63704e-05
-7.87701e-06
-2.26865e-05
6.80475e-05
-3.4899e-05
8.44259e-05
-4.22549e-05
7.21099e-05
-4.75494e-05
4.68151e-05
-5.0527e-05
2.04596e-05
-4.91255e-05
-7.20401e-06
-4.422e-05
-3.09073e-05
-3.79085e-05
-4.42287e-05
-3.07137e-05
-4.9002e-05
-2.35321e-05
-4.13162e-05
-1.86537e-05
-1.95012e-05
-1.64625e-05
-1.67375e-06
-1.47645e-05
-7.28125e-07
-1.20629e-05
-9.17216e-06
-8.84876e-06
-1.79138e-05
-6.9861e-06
-2.0922e-05
-6.90911e-06
-1.81321e-05
-6.64484e-06
-1.66347e-05
-1.45219e-05
-2.19391e-05
8.99866e-05
-3.09631e-05
9.34499e-05
-3.60105e-05
7.71573e-05
-4.10234e-05
5.1828e-05
-4.57196e-05
2.51558e-05
-4.46904e-05
-8.23325e-06
-3.95511e-05
-3.60466e-05
-3.41668e-05
-4.9613e-05
-2.84696e-05
-5.46992e-05
-2.23316e-05
-4.74542e-05
-1.75208e-05
-2.43121e-05
-1.45152e-05
-4.6793e-06
-1.1836e-05
-3.40734e-06
-8.88758e-06
-1.21206e-05
-6.11229e-06
-2.06891e-05
-4.63181e-06
-2.24025e-05
-4.94836e-06
-1.78156e-05
-5.76804e-06
-1.5815e-05
-2.02899e-05
-2.0932e-05
0.000110919
-2.65477e-05
9.90655e-05
-2.91402e-05
7.97499e-05
-3.44491e-05
5.71369e-05
-4.15276e-05
3.22343e-05
-4.0178e-05
-9.5828e-06
-3.32448e-05
-4.29798e-05
-2.87135e-05
-5.41443e-05
-2.54764e-05
-5.79363e-05
-2.06989e-05
-5.22317e-05
-1.53473e-05
-2.96637e-05
-1.15675e-05
-8.45918e-06
-8.54827e-06
-6.42652e-06
-5.74556e-06
-1.49233e-05
-3.32344e-06
-2.31112e-05
-1.57271e-06
-2.41533e-05
-8.71855e-07
-1.85164e-05
-1.88788e-06
-1.4799e-05
-2.21778e-05
-2.061e-05
0.000131529
-2.27462e-05
0.000101202
-2.21489e-05
7.91526e-05
-3.10653e-05
6.60532e-05
-3.63691e-05
3.75382e-05
-3.17569e-05
-1.4195e-05
-2.34435e-05
-5.12932e-05
-2.03424e-05
-5.72455e-05
-2.05343e-05
-5.77443e-05
-1.68575e-05
-5.59084e-05
-9.49038e-06
-3.70308e-05
-5.5696e-06
-1.238e-05
-3.63481e-06
-8.36131e-06
-1.52308e-06
-1.7035e-05
8.05462e-07
-2.54398e-05
4.02471e-06
-2.73725e-05
8.24799e-06
-2.27397e-05
6.75296e-06
-1.33039e-05
-1.54248e-05
-7.82379e-06
3.29931e-05
-1.47796e-05
3.2366e-05
-2.12055e-05
3.18499e-05
-2.72964e-05
3.08313e-05
-3.3067e-05
2.92268e-05
-3.84889e-05
2.71006e-05
-4.35533e-05
2.45339e-05
-4.82547e-05
2.15106e-05
-5.25242e-05
1.78396e-05
-5.61369e-05
1.31898e-05
-5.86902e-05
7.32957e-06
-5.98414e-05
5.5257e-07
-5.93754e-05
-6.58837e-06
-5.73379e-05
-1.35637e-05
-5.32511e-05
-2.11059e-05
-4.63805e-05
-2.92013e-05
-3.73698e-05
-3.46833e-05
-2.97488e-05
-3.33203e-05
-2.71962e-05
-2.67954e-05
-2.6606e-05
-2.47023e-05
-2.56425e-05
-2.43851e-05
-2.05518e-05
-2.45116e-05
-1.93774e-05
-1.1089e-05
-6.89546e-06
3.98886e-05
-1.33404e-05
3.88109e-05
-1.93912e-05
3.79007e-05
-2.52616e-05
3.67017e-05
-3.09734e-05
3.49386e-05
-3.65077e-05
3.26349e-05
-4.19066e-05
2.99328e-05
-4.72692e-05
2.68732e-05
-5.26419e-05
2.32123e-05
-5.78349e-05
1.83828e-05
-6.23231e-05
1.18177e-05
-6.5416e-05
3.64548e-06
-6.69329e-05
-5.07139e-06
-6.68884e-05
-1.36082e-05
-6.46445e-05
-2.33498e-05
-5.67968e-05
-3.70491e-05
-4.33036e-05
-4.81765e-05
-3.16655e-05
-4.49584e-05
-3.03512e-05
-2.81097e-05
-3.41846e-05
-2.0869e-05
-4.28537e-05
-1.57159e-05
-4.75234e-05
-1.9842e-05
-1.21646e-05
-5.47363e-05
-4.82445e-06
4.4713e-05
-1.0327e-05
4.43134e-05
-1.58222e-05
4.33959e-05
-2.14922e-05
4.23717e-05
-2.72848e-05
4.07313e-05
-3.31258e-05
3.84758e-05
-3.90438e-05
3.58508e-05
-4.52029e-05
3.30322e-05
-5.18759e-05
2.98854e-05
-5.91221e-05
2.56289e-05
-6.672e-05
1.94156e-05
-7.42463e-05
1.11718e-05
-8.08462e-05
1.52852e-06
-8.54263e-05
-9.0281e-06
-8.6339e-05
-2.24371e-05
-7.97667e-05
-4.36213e-05
-6.51249e-05
-6.28183e-05
-4.79166e-05
-6.21667e-05
-3.98035e-05
-3.62228e-05
-4.71039e-05
-1.35686e-05
-6.13937e-05
-1.42611e-06
-6.99123e-05
-1.13234e-05
-3.22057e-06
-7.88562e-05
-1.75439e-06
4.64674e-05
-5.6311e-06
4.81901e-05
-1.03202e-05
4.8085e-05
-1.57371e-05
4.77885e-05
-2.17148e-05
4.6709e-05
-2.81336e-05
4.48947e-05
-3.47976e-05
4.25147e-05
-4.16592e-05
3.98938e-05
-4.93666e-05
3.75928e-05
-5.87765e-05
3.50387e-05
-7.13412e-05
3.19804e-05
-9.01144e-05
2.9945e-05
-0.000112641
2.40552e-05
-0.000126799
5.12981e-06
-0.000130226
-1.90106e-05
-0.000122248
-5.1599e-05
-0.000108951
-7.61151e-05
-8.68822e-05
-8.42355e-05
-6.0442e-05
-6.2663e-05
-4.54608e-05
-2.85498e-05
-5.50714e-05
8.18473e-06
-6.83695e-05
1.97466e-06
3.31717e-06
-7.49073e-05
1.34222e-06
4.51252e-05
1.80228e-07
4.93521e-05
-4.02877e-06
5.2294e-05
-9.37501e-06
5.31348e-05
-1.58068e-05
5.31408e-05
-2.34085e-05
5.24964e-05
-3.13721e-05
5.04783e-05
-3.84981e-05
4.70199e-05
-4.55531e-05
4.46478e-05
-5.52884e-05
4.4774e-05
-7.77535e-05
5.44455e-05
-0.000122758
7.49498e-05
-0.000155941
5.72381e-05
-0.000160035
9.22396e-06
-0.000157253
-2.17934e-05
-0.000152119
-5.67323e-05
-0.000145691
-8.25437e-05
-0.000133863
-9.60628e-05
-9.9542e-05
-9.69844e-05
-6.31778e-05
-6.49141e-05
-4.54141e-05
-9.57899e-06
-5.77216e-05
1.42821e-05
6.25141e-06
-6.06559e-05
-6.5572e-06
5.16824e-05
-7.04521e-07
4.34995e-05
-3.78977e-06
5.53793e-05
-8.65704e-06
5.80021e-05
-1.45975e-05
5.90812e-05
-2.27411e-05
6.06401e-05
-3.18648e-05
5.9602e-05
-4.12148e-05
5.63699e-05
-5.31303e-05
5.65633e-05
-7.25745e-05
6.42181e-05
-0.000103549
8.54198e-05
-0.00013471
0.000106111
-0.000147306
6.98341e-05
-0.000156367
1.8285e-05
-0.000161074
-1.70858e-05
-0.000163575
-5.42313e-05
-0.00016329
-8.28293e-05
-0.000159911
-9.94412e-05
-0.000150617
-0.000106279
-0.000113605
-0.000101926
-6.25667e-05
-6.0617e-05
-4.0445e-05
-7.83954e-06
1.48049e-05
-4.89985e-05
-6.86904e-06
5.85515e-05
-1.0248e-05
4.68786e-05
-1.40106e-05
5.9142e-05
-1.97219e-05
6.37134e-05
-2.57645e-05
6.51239e-05
-3.06992e-05
6.55748e-05
-3.58188e-05
6.47216e-05
-4.37108e-05
6.42621e-05
-5.50597e-05
6.79121e-05
-6.99515e-05
7.91098e-05
-8.35527e-05
9.90211e-05
-8.98369e-05
0.000112395
-0.00010472
8.47172e-05
-0.000121658
3.52229e-05
-0.000140712
1.96838e-06
-0.000165942
-2.90018e-05
-0.00016931
-7.94609e-05
-0.000168864
-9.98871e-05
-0.000166155
-0.000108988
-0.000158781
-0.0001093
-0.000119156
-0.000100241
-6.32661e-05
-6.37299e-05
-1.62075e-05
-3.22538e-05
-4.96975e-06
6.35213e-05
-1.36102e-05
5.55191e-05
-1.86127e-05
6.41446e-05
-2.25289e-05
6.76296e-05
-2.61615e-05
6.87565e-05
-2.95364e-05
6.89497e-05
-3.3955e-05
6.91402e-05
-4.06969e-05
7.10038e-05
-4.96683e-05
7.68836e-05
-5.92009e-05
8.86424e-05
-6.50009e-05
0.000104821
-6.6409e-05
0.000113803
-7.88315e-05
9.71398e-05
-0.000105364
6.17553e-05
-0.000132399
2.90039e-05
-0.000152314
-9.08735e-06
-0.000165861
-6.5914e-05
-0.000168145
-9.76028e-05
-0.000166816
-0.000110317
-0.000163224
-0.000112893
-0.000155119
-0.000108347
-0.000121723
-9.7126e-05
-7.70629e-05
-6.08673e-05
-3.08637e-06
6.66077e-05
-1.16e-05
6.40329e-05
-1.56608e-05
6.82055e-05
-1.83089e-05
7.02778e-05
-2.07457e-05
7.11933e-05
-2.36025e-05
7.18065e-05
-2.75151e-05
7.3053e-05
-3.27911e-05
7.62798e-05
-3.89303e-05
8.30228e-05
-4.43289e-05
9.40409e-05
-4.66962e-05
0.000107188
-4.72869e-05
0.000114394
-5.51386e-05
0.000104992
-7.38491e-05
8.04658e-05
-9.49422e-05
5.00971e-05
-0.00011549
1.14607e-05
-0.000143049
-3.8355e-05
-0.000159386
-8.12663e-05
-0.000161143
-0.000108559
-0.000158605
-0.000115431
-0.000153115
-0.000113837
-0.00014392
-0.000106321
-9.27833e-05
-0.0001282
-1.14975e-06
6.77576e-05
-6.65053e-06
6.95338e-05
-9.67127e-06
7.12263e-05
-1.16731e-05
7.22797e-05
-1.35568e-05
7.3077e-05
-1.58202e-05
7.40701e-05
-1.87301e-05
7.59629e-05
-2.2185e-05
7.97347e-05
-2.55169e-05
8.63548e-05
-2.74852e-05
9.60092e-05
-2.70229e-05
0.000106726
-2.56875e-05
0.000113058
-2.88454e-05
0.000108149
-3.91681e-05
9.07885e-05
-5.356e-05
6.44891e-05
-7.20243e-05
2.9925e-05
-9.95188e-05
-1.08606e-05
-0.000128991
-5.17944e-05
-0.000148514
-8.90357e-05
-0.000152529
-0.000111415
-0.000148256
-0.00011811
-0.000142372
-0.000112205
-0.000101363
-0.000133793
2.25658e-07
6.7532e-05
-2.19701e-06
7.19566e-05
-3.80075e-06
7.28302e-05
-4.97052e-06
7.34496e-05
-6.11956e-06
7.4226e-05
-7.48921e-06
7.54398e-05
-9.1123e-06
7.7586e-05
-1.07021e-05
8.13245e-05
-1.15757e-05
8.72284e-05
-1.0797e-05
9.52304e-05
-7.8402e-06
0.000103769
-3.97086e-06
0.000109189
-2.68804e-06
0.000106867
-6.48337e-06
9.45839e-05
-1.53222e-05
7.33279e-05
-2.97747e-05
4.43775e-05
-5.10807e-05
1.04454e-05
-7.88333e-05
-2.40418e-05
-0.000110899
-5.69696e-05
-0.000134618
-8.76968e-05
-0.000145811
-0.000106917
-0.000140359
-0.000117657
-0.000109314
-0.000132408
1.10626e-06
6.64258e-05
9.40799e-07
7.21221e-05
8.73226e-07
7.28978e-05
8.20819e-07
7.3502e-05
6.872e-07
7.43597e-05
4.38302e-07
7.56887e-05
1.99699e-07
7.78246e-05
3.36986e-07
8.11873e-05
1.47e-06
8.60954e-05
4.31588e-06
9.23845e-05
9.18773e-06
9.88974e-05
1.51952e-05
0.000103182
1.99679e-05
0.000102094
2.10542e-05
9.34976e-05
1.71924e-05
7.71898e-05
7.42913e-06
5.41407e-05
-8.7483e-06
2.66229e-05
-3.07295e-05
-2.06062e-06
-5.78896e-05
-2.98095e-05
-9.06542e-05
-5.49321e-05
-0.000123069
-7.4502e-05
-0.000144729
-9.59973e-05
-0.000110611
-0.000143432
1.76508e-06
6.46608e-05
3.05793e-06
7.08293e-05
4.2723e-06
7.16835e-05
5.36754e-06
7.24068e-05
6.35433e-06
7.3373e-05
7.30267e-06
7.47405e-05
8.40766e-06
7.67196e-05
1.0039e-05
7.9556e-05
1.27312e-05
8.34031e-05
1.70368e-05
8.80788e-05
2.31764e-05
9.27578e-05
3.05506e-05
9.58074e-05
3.75308e-05
9.51134e-05
4.20577e-05
8.89706e-05
4.24541e-05
7.67935e-05
3.75105e-05
5.90843e-05
2.67305e-05
3.7403e-05
1.0657e-05
1.40128e-05
-9.93923e-06
-9.2133e-06
-3.38795e-05
-3.09918e-05
-5.70624e-05
-5.13191e-05
-7.92301e-05
-7.38296e-05
-9.51318e-05
-9.47094e-05
2.23442e-06
6.24264e-05
4.43468e-06
6.86292e-05
6.60505e-06
6.95131e-05
8.69261e-06
7.03192e-05
1.07238e-05
7.13418e-05
1.27917e-05
7.26726e-05
1.50918e-05
7.44196e-05
1.79473e-05
7.67006e-05
2.17876e-05
7.95627e-05
2.70345e-05
8.2832e-05
3.38612e-05
8.59311e-05
4.18818e-05
8.77867e-05
4.99918e-05
8.70034e-05
5.6619e-05
8.23434e-05
6.02119e-05
7.32006e-05
5.95506e-05
5.97456e-05
5.40528e-05
4.29007e-05
4.39926e-05
2.40731e-05
3.02022e-05
4.57708e-06
1.39637e-05
-1.47534e-05
-3.24281e-06
-3.41125e-05
-2.20916e-05
-5.49808e-05
-7.60036e-05
-4.12197e-05
2.54109e-06
5.98853e-05
5.30572e-06
6.58646e-05
8.13924e-06
6.66796e-05
1.09872e-05
6.74712e-05
1.38694e-05
6.84598e-05
1.68649e-05
6.9677e-05
2.01323e-05
7.11523e-05
2.39218e-05
7.2911e-05
2.85546e-05
7.49297e-05
3.43389e-05
7.70477e-05
4.14087e-05
7.88613e-05
4.95243e-05
7.96711e-05
5.79545e-05
7.85732e-05
6.55785e-05
7.47194e-05
7.11689e-05
6.76102e-05
7.3673e-05
5.72415e-05
7.24734e-05
4.41003e-05
6.75525e-05
2.89941e-05
5.93988e-05
1.27309e-05
4.87551e-05
-4.10962e-06
3.61945e-05
-2.1552e-05
2.11668e-05
-3.99531e-05
-5.8273e-05
3.43595e-06
2.73055e-06
5.71548e-05
5.84196e-06
6.27531e-05
9.10587e-06
6.34157e-05
1.24787e-05
6.40983e-05
1.59754e-05
6.49631e-05
1.96548e-05
6.59976e-05
2.36291e-05
6.7178e-05
2.80716e-05
6.84683e-05
3.32022e-05
6.97991e-05
3.92293e-05
7.10207e-05
4.62457e-05
7.18449e-05
5.41015e-05
7.18152e-05
6.23207e-05
7.0354e-05
7.01388e-05
6.69013e-05
7.66615e-05
6.10875e-05
8.10623e-05
5.28407e-05
8.27661e-05
4.23965e-05
8.15602e-05
3.01999e-05
7.75563e-05
1.67348e-05
7.10614e-05
2.38531e-06
6.21795e-05
-1.267e-05
5.05377e-05
-2.83113e-05
-4.36575e-05
3.59222e-05
2.84097e-06
5.43139e-05
6.15388e-06
5.94402e-05
9.67388e-06
5.98956e-05
1.33698e-05
6.04025e-05
1.72563e-05
6.10765e-05
2.13766e-05
6.18773e-05
2.5804e-05
6.27507e-05
3.06465e-05
6.36258e-05
3.60383e-05
6.44073e-05
4.21044e-05
6.49547e-05
4.88956e-05
6.50538e-05
5.63092e-05
6.44015e-05
6.40333e-05
6.26298e-05
7.15567e-05
5.9378e-05
7.82541e-05
5.43901e-05
8.35102e-05
4.75846e-05
8.68377e-05
3.90689e-05
8.79479e-05
2.90896e-05
8.67383e-05
1.79443e-05
8.3211e-05
5.91259e-06
7.73006e-05
-6.7597e-06
6.87587e-05
-1.97695e-05
-3.24208e-05
5.7522e-05
2.8996e-06
5.14143e-05
6.31299e-06
5.60268e-05
9.96125e-06
5.62474e-05
1.38222e-05
5.65416e-05
1.79116e-05
5.69872e-05
2.22625e-05
5.75265e-05
2.69216e-05
5.80916e-05
3.19496e-05
5.85979e-05
3.74168e-05
5.89402e-05
4.33833e-05
5.89882e-05
4.98619e-05
5.85751e-05
5.67706e-05
5.74928e-05
6.38966e-05
5.55037e-05
7.0896e-05
5.23786e-05
7.73374e-05
4.79486e-05
8.27743e-05
4.21478e-05
8.68171e-05
3.50261e-05
8.9178e-05
2.67287e-05
8.96686e-05
1.74537e-05
8.81591e-05
7.42195e-06
8.45148e-05
-3.11535e-06
7.85607e-05
-1.38154e-05
-2.41209e-05
7.02609e-05
2.92243e-06
4.84918e-05
6.36539e-06
5.25839e-05
1.00492e-05
5.25636e-05
1.39575e-05
5.26334e-05
1.81065e-05
5.28383e-05
2.25229e-05
5.31102e-05
2.72368e-05
5.33777e-05
3.2279e-05
5.35556e-05
3.76777e-05
5.35416e-05
4.34481e-05
5.32178e-05
4.95733e-05
5.24499e-05
5.5978e-05
5.10881e-05
6.25067e-05
4.8975e-05
6.89209e-05
4.59643e-05
7.49204e-05
4.19492e-05
8.01829e-05
3.68852e-05
8.44069e-05
3.0802e-05
8.73397e-05
2.37959e-05
8.87809e-05
1.60125e-05
8.85663e-05
7.63658e-06
8.65469e-05
-1.09605e-06
8.25906e-05
-9.85916e-06
-1.81983e-05
7.66679e-05
2.91859e-06
4.55732e-05
6.34115e-06
4.91613e-05
9.99387e-06
4.8911e-05
1.38648e-05
4.87625e-05
1.79696e-05
4.87335e-05
2.23306e-05
4.87492e-05
2.69682e-05
4.87402e-05
3.18962e-05
4.86276e-05
3.71184e-05
4.83194e-05
4.26231e-05
4.7713e-05
4.83742e-05
4.66988e-05
5.42981e-05
4.51643e-05
6.02723e-05
4.30006e-05
6.61233e-05
4.01133e-05
7.16362e-05
3.64362e-05
7.65761e-05
3.19452e-05
8.07128e-05
2.66653e-05
8.38379e-05
2.06707e-05
8.57712e-05
1.40792e-05
8.63562e-05
7.05154e-06
8.54579e-05
-1.97798e-07
8.29746e-05
-7.37598e-06
-1.41064e-05
7.88827e-05
2.89419e-06
4.2679e-05
6.26067e-06
4.57949e-05
9.83477e-06
4.53369e-05
1.36088e-05
4.49886e-05
1.75975e-05
4.47447e-05
2.18198e-05
4.45269e-05
2.62903e-05
4.42697e-05
3.10141e-05
4.39037e-05
3.59831e-05
4.33505e-05
4.11722e-05
4.25238e-05
4.6536e-05
4.13349e-05
5.20032e-05
3.9697e-05
5.74717e-05
3.7532e-05
6.2808e-05
3.4777e-05
6.78522e-05
3.1392e-05
7.24295e-05
2.73679e-05
7.63635e-05
2.27312e-05
7.94879e-05
1.75463e-05
8.16517e-05
1.19154e-05
8.27216e-05
5.98161e-06
8.2586e-05
-6.2198e-08
8.11677e-05
-5.95769e-06
-1.13895e-05
7.84507e-05
2.85293e-06
3.98261e-05
6.13742e-06
4.25105e-05
9.59931e-06
4.1875e-05
1.32355e-05
4.13524e-05
1.70605e-05
4.09198e-05
2.109e-05
4.04974e-05
2.53351e-05
4.00246e-05
2.97969e-05
3.94419e-05
3.44626e-05
3.86847e-05
3.93031e-05
3.76833e-05
4.42713e-05
3.63666e-05
4.93004e-05
3.46679e-05
5.43031e-05
3.25293e-05
5.91721e-05
2.9908e-05
6.37834e-05
2.67806e-05
6.80032e-05
2.31481e-05
7.16949e-05
1.90395e-05
7.47267e-05
1.45144e-05
7.69769e-05
9.66523e-06
7.83372e-05
4.62139e-06
7.87209e-05
-4.45919e-07
7.80694e-05
-5.30621e-06
-9.69661e-06
7.63765e-05
2.79616e-06
3.703e-05
5.97949e-06
3.93272e-05
9.30585e-06
3.85487e-05
1.27773e-05
3.78809e-05
1.64084e-05
3.72888e-05
2.02126e-05
3.66933e-05
2.41985e-05
3.60387e-05
2.83653e-05
3.52751e-05
3.26999e-05
3.43502e-05
3.7174e-05
3.32092e-05
4.17436e-05
3.1797e-05
4.63491e-05
3.00624e-05
5.09154e-05
2.79629e-05
5.53544e-05
2.5469e-05
5.9567e-05
2.2568e-05
6.34476e-05
1.92675e-05
6.68887e-05
1.55984e-05
6.97861e-05
1.16171e-05
7.20426e-05
7.40871e-06
7.35731e-05
3.0909e-06
7.43086e-05
-1.1815e-06
7.4212e-05
-5.20962e-06
-8.76624e-06
7.32816e-05
2.72379e-06
3.43062e-05
5.79111e-06
3.626e-05
8.96611e-06
3.53737e-05
1.22562e-05
3.45909e-05
1.5676e-05
3.3869e-05
1.92376e-05
3.31316e-05
2.29478e-05
3.23285e-05
2.68052e-05
3.14176e-05
3.07977e-05
3.03576e-05
3.49004e-05
2.91064e-05
3.90751e-05
2.76223e-05
4.32703e-05
2.58671e-05
4.7423e-05
2.38102e-05
5.146e-05
2.1432e-05
5.53007e-05
1.87272e-05
5.88604e-05
1.57078e-05
6.20532e-05
1.24056e-05
6.47958e-05
8.87443e-06
6.70112e-05
5.19331e-06
6.86324e-05
1.46962e-06
6.9608e-05
-2.15712e-06
6.99121e-05
-5.51367e-06
-8.40382e-06
6.95497e-05
2.63538e-06
3.16709e-05
5.57443e-06
3.33209e-05
8.58749e-06
3.23607e-05
1.16866e-05
3.14918e-05
1.48869e-05
3.06687e-05
1.81992e-05
2.98193e-05
2.16291e-05
2.88987e-05
2.5175e-05
2.78716e-05
2.88267e-05
2.67059e-05
3.25633e-05
2.53697e-05
3.63531e-05
2.38325e-05
4.01534e-05
2.20668e-05
4.3912e-05
2.00515e-05
4.7569e-05
1.7775e-05
5.10587e-05
1.52375e-05
5.43125e-05
1.2454e-05
5.72612e-05
9.45687e-06
5.9838e-05
6.29759e-06
6.19814e-05
3.0498e-06
6.36393e-05
-1.8831e-07
6.47731e-05
-3.29086e-06
6.53653e-05
-6.10584e-06
-8.46357e-06
6.5425e-05
2.53105e-06
2.91399e-05
5.33113e-06
3.05209e-05
8.17513e-06
2.95168e-05
1.10786e-05
2.85884e-05
1.40569e-05
2.76903e-05
1.71201e-05
2.67562e-05
2.02727e-05
2.57461e-05
2.35134e-05
2.46309e-05
2.68336e-05
2.33856e-05
3.02168e-05
2.19866e-05
3.36371e-05
2.04121e-05
3.70604e-05
1.86434e-05
4.04445e-05
1.66673e-05
4.37412e-05
1.44783e-05
4.68974e-05
1.20813e-05
4.98577e-05
9.49371e-06
5.25665e-05
6.74808e-06
5.49701e-05
3.89391e-06
5.70198e-05
1.0001e-06
5.86744e-05
-1.84289e-06
5.99052e-05
-4.52172e-06
6.07006e-05
-6.90126e-06
-8.83443e-06
6.10714e-05
2.4119e-06
2.6728e-05
5.06335e-06
2.78695e-05
7.73336e-06
2.68468e-05
1.04396e-05
2.58823e-05
1.31973e-05
2.49326e-05
1.60157e-05
2.39379e-05
1.88986e-05
2.28632e-05
2.1845e-05
2.16845e-05
2.48481e-05
2.03824e-05
2.78949e-05
1.89398e-05
3.09652e-05
1.73417e-05
3.40321e-05
1.55764e-05
3.70626e-05
1.36367e-05
4.00185e-05
1.15224e-05
4.28576e-05
9.24208e-06
4.5536e-05
6.81532e-06
4.80093e-05
4.2748e-06
5.02348e-05
1.66834e-06
5.2174e-05
-9.39104e-07
5.37948e-05
-3.46374e-06
5.50754e-05
-5.80242e-06
5.60084e-05
-7.83422e-06
-9.43051e-06
5.66044e-05
2.28e-06
2.4448e-05
4.77412e-06
2.53754e-05
7.26655e-06
2.43544e-05
9.77552e-06
2.33733e-05
1.2316e-05
2.23921e-05
1.48962e-05
2.13577e-05
1.75195e-05
2.02398e-05
2.01851e-05
1.90187e-05
2.28881e-05
1.76794e-05
2.56182e-05
1.62096e-05
2.836e-05
1.45998e-05
3.10932e-05
1.28431e-05
3.37922e-05
1.09377e-05
3.64275e-05
8.88707e-06
3.89666e-05
6.70305e-06
4.13749e-05
4.40691e-06
4.36181e-05
2.03165e-06
4.56627e-05
-3.76325e-07
4.74787e-05
-2.75514e-06
4.90416e-05
-5.02665e-06
5.03349e-05
-7.09568e-06
5.13536e-05
-8.85298e-06
-1.01846e-05
5.21077e-05
2.13786e-06
2.23102e-05
4.46712e-06
2.30462e-05
6.77918e-06
2.20423e-05
9.09189e-06
2.10605e-05
1.14194e-05
2.00646e-05
1.37689e-05
1.90081e-05
1.61436e-05
1.7865e-05
1.85431e-05
1.66191e-05
2.09638e-05
1.52587e-05
2.33979e-05
1.37754e-05
2.58341e-05
1.21634e-05
2.82571e-05
1.04201e-05
3.06476e-05
8.54707e-06
3.29835e-05
6.55118e-06
3.52401e-05
4.44646e-06
3.73914e-05
2.25564e-06
3.94111e-05
1.19264e-08
4.1274e-05
-2.23924e-06
4.29576e-05
-4.4387e-06
4.44433e-05
-6.51233e-06
4.57191e-05
-8.37151e-06
4.67821e-05
-9.91604e-06
-1.10435e-05
4.7641e-05
1.98789e-06
2.03223e-05
4.14617e-06
2.08879e-05
6.2757e-06
1.99128e-05
8.39346e-06
1.89427e-05
1.05124e-05
1.79456e-05
1.26392e-05
1.68813e-05
1.47765e-05
1.57276e-05
1.69247e-05
1.44709e-05
1.9081e-05
1.31023e-05
2.124e-05
1.16163e-05
2.33934e-05
1.001e-05
2.55299e-05
8.28366e-06
2.76353e-05
6.44165e-06
2.96933e-05
4.49322e-06
3.16857e-05
2.45403e-06
3.35935e-05
3.4777e-07
3.53977e-05
-1.79228e-06
3.70801e-05
-3.92159e-06
3.86242e-05
-5.98287e-06
4.00172e-05
-7.9053e-06
4.12509e-05
-9.60524e-06
4.23242e-05
-1.09894e-05
-1.1964e-05
4.32448e-05
1.83208e-06
1.84902e-05
3.81459e-06
1.89053e-05
5.76002e-06
1.79672e-05
7.68433e-06
1.70184e-05
9.59937e-06
1.60306e-05
1.15111e-05
1.49695e-05
1.34224e-05
1.38163e-05
1.53337e-05
1.25596e-05
1.72434e-05
1.11926e-05
1.91477e-05
9.71194e-06
2.10406e-05
8.11698e-06
2.29139e-05
6.41038e-06
2.47572e-05
4.59839e-06
2.65585e-05
2.69183e-06
2.83051e-05
7.07389e-07
2.99837e-05
-1.33084e-06
3.15811e-05
-3.38974e-06
3.30851e-05
-5.42558e-06
3.44848e-05
-7.38266e-06
3.57723e-05
-9.19279e-06
3.69431e-05
-1.07761e-05
3.79981e-05
-1.20445e-05
-1.29106e-05
3.89446e-05
1.67167e-06
1.68185e-05
3.47479e-06
1.71022e-05
5.23518e-06
1.62068e-05
6.96788e-06
1.52857e-05
8.68374e-06
1.43147e-05
1.03884e-05
1.32649e-05
1.20846e-05
1.21201e-05
1.37732e-05
1.08709e-05
1.54535e-05
9.51227e-06
1.7123e-05
8.04243e-06
1.87772e-05
6.46276e-06
2.04098e-05
4.77773e-06
2.20132e-05
2.99503e-06
2.35786e-05
1.12633e-06
2.50974e-05
-8.11382e-07
2.65606e-05
-2.79414e-06
2.79601e-05
-4.78933e-06
2.92887e-05
-6.75415e-06
3.05403e-05
-8.63439e-06
3.17115e-05
-1.0364e-05
3.28015e-05
-1.18662e-05
3.38136e-05
-1.30566e-05
-1.38525e-05
3.47555e-05
1.50713e-06
1.53114e-05
3.12821e-06
1.54811e-05
4.70343e-06
1.46315e-05
6.24702e-06
1.37421e-05
7.76905e-06
1.27927e-05
9.2748e-06
1.17591e-05
1.07671e-05
1.06278e-05
1.22472e-05
9.39083e-06
1.37149e-05
8.0445e-06
1.51687e-05
6.58861e-06
1.6605e-05
5.02638e-06
1.80187e-05
3.36406e-06
1.94033e-05
1.61037e-06
2.07525e-05
-2.22928e-07
2.20603e-05
-2.11926e-06
2.33216e-05
-4.05545e-06
2.4532e-05
-5.99979e-06
2.56885e-05
-7.91064e-06
2.67893e-05
-9.73533e-06
2.7835e-05
-1.14098e-05
2.88285e-05
-1.28597e-05
2.97756e-05
-1.40038e-05
-1.47629e-05
3.0686e-05
1.33835e-06
1.3973e-05
2.77571e-06
1.40437e-05
4.16689e-06
1.32403e-05
5.52518e-06
1.23838e-05
6.85979e-06
1.1458e-05
8.17559e-06
1.04433e-05
9.47538e-06
9.32798e-06
1.07607e-05
8.10544e-06
1.20322e-05
6.77296e-06
1.32888e-05
5.33197e-06
1.45274e-05
3.78782e-06
1.57426e-05
2.14886e-06
1.69283e-05
4.24586e-07
1.80794e-05
-1.37404e-06
1.9192e-05
-3.2319e-06
2.02636e-05
-5.12716e-06
2.12933e-05
-7.0295e-06
2.22813e-05
-8.89868e-06
2.32296e-05
-1.06836e-05
2.4142e-05
-1.23223e-05
2.5025e-05
-1.37427e-05
2.58877e-05
-1.48666e-05
-1.5617e-05
2.67418e-05
1.16521e-06
1.28078e-05
2.4187e-06
1.27901e-05
3.62904e-06
1.20299e-05
4.80785e-06
1.12049e-05
5.96302e-06
1.03027e-05
7.09873e-06
9.30748e-06
8.21767e-06
8.20904e-06
9.32186e-06
7.00123e-06
1.04126e-05
5.68218e-06
1.14896e-05
4.25504e-06
1.25493e-05
2.72817e-06
1.3585e-05
1.11311e-06
1.45898e-05
-5.80195e-07
1.55588e-05
-2.34312e-06
1.649e-05
-4.16312e-06
1.73833e-05
-6.02047e-06
1.82402e-05
-7.88647e-06
1.90639e-05
-9.72237e-06
1.9859e-05
-1.14788e-05
2.06322e-05
-1.30956e-05
2.13931e-05
-1.45036e-05
2.21537e-05
-1.56272e-05
-1.6392e-05
2.29286e-05
9.88832e-07
1.1819e-05
2.06094e-06
1.17179e-05
3.09671e-06
1.09941e-05
4.10459e-06
1.0197e-05
5.09021e-06
9.31703e-06
6.0566e-06
8.34109e-06
7.00627e-06
7.25941e-06
7.94191e-06
6.06563e-06
8.86605e-06
4.7581e-06
9.77922e-06
3.34194e-06
1.06772e-05
1.83025e-06
1.15504e-05
2.39981e-07
1.23892e-05
-1.419e-06
1.31893e-05
-3.14326e-06
1.39506e-05
-4.92446e-06
1.46755e-05
-6.74531e-06
1.53676e-05
-8.57859e-06
1.6032e-05
-1.03868e-05
1.66752e-05
-1.2122e-05
1.73059e-05
-1.37264e-05
1.79357e-05
-1.51334e-05
1.85792e-05
-1.62707e-05
-1.70666e-05
1.92539e-05
8.12742e-07
1.10062e-05
1.71038e-06
1.08201e-05
2.58213e-06
1.01224e-05
3.43086e-06
9.34824e-06
4.25873e-06
8.48917e-06
5.06721e-06
7.53267e-06
5.8586e-06
6.4681e-06
6.63657e-06
5.28773e-06
7.40558e-06
3.98917e-06
8.16814e-06
2.57947e-06
8.91896e-06
1.0795e-06
9.64278e-06
-4.83793e-07
1.03261e-05
-2.10233e-06
1.09663e-05
-3.78341e-06
1.15664e-05
-5.52457e-06
1.21315e-05
-7.31042e-06
1.26671e-05
-9.1142e-06
1.31791e-05
-1.08989e-05
1.36748e-05
-1.26177e-05
1.41634e-05
-1.4215e-05
1.46573e-05
-1.56273e-05
1.51727e-05
-1.67861e-05
-1.76229e-05
1.57289e-05
6.43559e-07
1.03625e-05
1.38066e-06
1.0083e-05
2.10431e-06
9.39872e-06
2.80903e-06
8.6435e-06
3.49272e-06
7.8055e-06
4.15512e-06
6.87033e-06
4.79815e-06
5.82511e-06
5.42652e-06
4.65941e-06
6.04766e-06
3.36809e-06
6.6681e-06
1.95909e-06
7.28162e-06
4.66042e-07
7.86302e-06
-1.06517e-06
8.39429e-06
-2.63358e-06
8.87785e-06
-4.26697e-06
9.32249e-06
-5.96922e-06
9.73621e-06
-7.72415e-06
1.01252e-05
-9.50326e-06
1.04951e-05
-1.12688e-05
1.08518e-05
-1.29746e-05
1.12039e-05
-1.45672e-05
1.15631e-05
-1.59865e-05
1.19453e-05
-1.71684e-05
-1.80481e-05
1.23705e-05
4.92598e-07
9.86985e-06
1.09304e-06
9.48256e-06
1.69016e-06
8.80155e-06
2.26874e-06
8.06489e-06
2.82316e-06
7.25109e-06
3.35161e-06
6.34191e-06
3.85491e-06
5.32183e-06
4.33783e-06
4.17651e-06
4.81156e-06
2.8944e-06
5.29073e-06
1.47997e-06
5.76825e-06
-1.14504e-08
6.20245e-06
-1.49934e-06
6.57463e-06
-3.00574e-06
6.89924e-06
-4.59157e-06
7.19307e-06
-6.26305e-06
7.46577e-06
-7.99687e-06
7.72198e-06
-9.75949e-06
7.96452e-06
-1.15113e-05
8.19688e-06
-1.3207e-05
8.42495e-06
-1.47953e-05
8.65833e-06
-1.62199e-05
8.91116e-06
-1.74212e-05
-1.83387e-05
9.2018e-06
3.83457e-07
9.48637e-06
8.81555e-07
8.98445e-06
1.3757e-06
8.30735e-06
1.84578e-06
7.59481e-06
2.2861e-06
6.81079e-06
2.69332e-06
5.9347e-06
3.06475e-06
4.95041e-06
3.40128e-06
3.84001e-06
3.71646e-06
2.57926e-06
4.04628e-06
1.15019e-06
4.36859e-06
-3.33711e-07
4.63062e-06
-1.76133e-06
4.82403e-06
-3.19911e-06
4.98568e-06
-4.75319e-06
5.13818e-06
-6.41554e-06
5.28689e-06
-8.14558e-06
5.43059e-06
-9.90322e-06
5.56723e-06
-1.1648e-05
5.69638e-06
-1.33362e-05
5.82061e-06
-1.49195e-05
5.94638e-06
-1.63457e-05
6.08452e-06
-1.75593e-05
-1.85042e-05
6.25002e-06
3.61848e-07
9.12453e-06
7.88578e-07
8.55771e-06
1.19414e-06
7.90178e-06
1.57032e-06
7.21868e-06
1.91393e-06
6.46723e-06
2.21768e-06
5.63099e-06
2.47049e-06
4.69764e-06
2.65973e-06
3.65083e-06
2.78459e-06
2.45447e-06
2.93602e-06
9.98825e-07
3.03551e-06
-4.33154e-07
3.0649e-06
-1.79066e-06
3.05637e-06
-3.19055e-06
3.06845e-06
-4.76524e-06
3.10697e-06
-6.45403e-06
3.1613e-06
-8.19992e-06
3.2213e-06
-9.96323e-06
3.27981e-06
-1.17065e-05
3.33314e-06
-1.33895e-05
3.38108e-06
-1.49675e-05
3.42683e-06
-1.63914e-05
3.47699e-06
-1.76095e-05
-1.85686e-05
3.54142e-06
3.92494e-07
7.72309e-07
1.11577e-06
1.43249e-06
1.71837e-06
1.96026e-06
2.13735e-06
2.21807e-06
2.14351e-06
1.85341e-06
1.52587e-06
1.26407e-06
1.13004e-06
1.07164e-06
1.05433e-06
1.05694e-06
1.06701e-06
1.07773e-06
1.08584e-06
1.09034e-06
1.09193e-06
1.09273e-06
1.0961e-06
-8.05736e-06
-3.03166e-06
-1.30808e-05
5.02341e-06
-3.28025e-05
1.97217e-05
3.70397e-05
-6.98422e-05
-6.22741e-05
4.50618e-06
-7.17931e-05
1.45424e-05
-7.90947e-05
2.70233e-05
3.7419e-05
-7.9474e-05
-8.22278e-05
7.87775e-06
-8.30173e-05
1.53319e-05
-7.9099e-05
2.31051e-05
2.86498e-05
-7.03298e-05
-7.47795e-05
7.75002e-06
-7.16093e-05
1.21617e-05
-6.51237e-05
1.66194e-05
2.01111e-05
-5.6585e-05
-5.92435e-05
6.33763e-06
-5.61552e-05
9.07342e-06
-5.09525e-05
1.14167e-05
1.35594e-05
-4.44008e-05
-4.80214e-05
5.36045e-06
-4.43001e-05
5.35215e-06
-4.01948e-05
7.3114e-06
8.76551e-06
-3.54009e-05
-3.21141e-05
5.22072e-06
-3.56743e-05
8.91232e-06
-3.4283e-05
5.92014e-06
4.44646e-06
-2.99639e-05
-3.61159e-05
-1.95307e-05
-1.91374e-05
-8.06618e-06
-9.78538e-06
-3.43185e-06
-3.36699e-06
-1.97189e-06
-0.000110423
-3.73073e-05
-9.03151e-05
-2.81743e-05
-7.05474e-05
-2.31996e-05
-2.32842e-05
-5.06302e-05
-0.000129269
-4.18313e-05
-0.000120252
-3.71912e-05
-0.000110428
-3.30234e-05
-3.06658e-05
-0.000103046
-0.000127309
-4.693e-05
-0.000121337
-4.31635e-05
-0.000115478
-3.8882e-05
-3.67851e-05
-0.000109359
-0.000135184
-5.51782e-05
-0.000122999
-5.53482e-05
-0.000111379
-5.05019e-05
-4.38981e-05
-0.000104266
-9.81843e-05
-5.17035e-05
-0.000100814
-5.27182e-05
-0.000101603
-4.97129e-05
-4.52206e-05
-0.000100281
-5.13285e-05
-4.15947e-05
-6.0066e-05
-4.39806e-05
-6.47508e-05
-4.50281e-05
-4.54667e-05
-6.45047e-05
-5.4857e-06
-3.26731e-05
-1.41132e-05
-3.53532e-05
-2.17592e-05
-3.73822e-05
-3.89549e-05
-2.82711e-05
2.84586e-05
-2.52095e-05
2.09156e-05
-2.78102e-05
1.36222e-05
-3.00889e-05
-3.20702e-05
6.73756e-06
5.15259e-05
-1.92135e-05
4.52421e-05
-2.15264e-05
3.88521e-05
-2.36988e-05
-2.57306e-05
3.25125e-05
6.56529e-05
-1.46055e-05
6.068e-05
-1.65536e-05
5.54276e-05
-1.84464e-05
-2.02865e-05
4.99835e-05
7.32519e-05
-1.11894e-05
6.94716e-05
-1.27734e-05
6.53623e-05
-1.4337e-05
-1.5889e-05
6.09648e-05
7.64252e-05
-8.73187e-06
7.36444e-05
-9.99266e-06
7.05526e-05
-1.12451e-05
-1.25017e-05
6.71652e-05
7.67366e-05
-7.01771e-06
7.47522e-05
-8.00835e-06
7.24998e-05
-8.99269e-06
-9.98466e-06
6.99827e-05
7.52298e-05
-5.871e-06
7.38638e-05
-6.64242e-06
7.22767e-05
-7.40554e-06
-8.17433e-06
7.04663e-05
7.25655e-05
-5.15488e-06
7.16739e-05
-5.75093e-06
7.06037e-05
-6.33527e-06
-6.92099e-06
6.93504e-05
6.91591e-05
-4.76435e-06
6.86293e-05
-5.22107e-06
6.79563e-05
-5.66229e-06
-6.09971e-06
6.7135e-05
6.52796e-05
-4.61895e-06
6.50238e-05
-4.96531e-06
6.46539e-05
-5.29234e-06
-5.6102e-06
6.41643e-05
6.11093e-05
-4.65688e-06
6.10599e-05
-4.91589e-06
6.09194e-05
-5.15188e-06
-5.37344e-06
6.06826e-05
5.67779e-05
-4.83038e-06
5.68824e-05
-5.02038e-06
5.69144e-05
-5.18384e-06
-5.3278e-06
5.68687e-05
5.23797e-05
-5.10232e-06
5.25974e-05
-5.2381e-06
5.27575e-05
-5.34397e-06
-5.4255e-06
5.28552e-05
4.79821e-05
-5.44344e-06
4.82812e-05
-5.53725e-06
4.85351e-05
-5.59787e-06
-5.62957e-06
4.87392e-05
4.36316e-05
-5.83033e-06
4.3987e-05
-5.89263e-06
4.43077e-05
-5.91855e-06
-5.91122e-06
4.45893e-05
3.9358e-05
-6.24383e-06
3.97493e-05
-6.28385e-06
4.01152e-05
-6.28446e-06
-6.24778e-06
4.04517e-05
3.51794e-05
-6.6678e-06
3.55895e-05
-6.69392e-06
3.59828e-05
-6.67784e-06
-6.62086e-06
3.63559e-05
3.11063e-05
-7.08815e-06
3.15204e-05
-7.10805e-06
3.1926e-05
-7.08342e-06
-7.01481e-06
3.23199e-05
2.71457e-05
-7.49203e-06
2.75503e-05
-7.51274e-06
2.79541e-05
-7.48724e-06
-7.41538e-06
2.83547e-05
2.33038e-05
-7.86721e-06
2.3686e-05
-7.89496e-06
2.40743e-05
-7.87563e-06
-7.80842e-06
2.44674e-05
1.95885e-05
-8.20189e-06
1.99353e-05
-8.24176e-06
2.02943e-05
-8.23461e-06
-8.17907e-06
2.06649e-05
1.60121e-05
-8.48506e-06
1.63108e-05
-8.54052e-06
1.66261e-05
-8.54993e-06
-8.51151e-06
1.69586e-05
1.25933e-05
-8.70777e-06
1.28329e-05
-8.78014e-06
1.30912e-05
-8.80823e-06
-8.79003e-06
1.33697e-05
9.35914e-06
-8.8651e-06
9.53233e-06
-8.95332e-06
9.72359e-06
-8.99948e-06
-9.00153e-06
9.9351e-06
6.34347e-06
-8.95855e-06
6.44946e-06
-9.0593e-06
6.57019e-06
-9.1202e-06
-9.1393e-06
6.70797e-06
3.58106e-06
-8.99818e-06
3.62847e-06
-9.10671e-06
3.68545e-06
-9.17716e-06
-9.2077e-06
3.75387e-06
1.1011e-06
1.10867e-06
1.1195e-06
1.13425e-06
-5.35048e-05
0.000115191
-4.22064e-05
8.99033e-05
-3.77761e-05
7.47223e-05
-5.05783e-05
7.88554e-05
-4.82182e-05
3.5178e-05
-3.65233e-05
-2.58899e-05
-3.13671e-05
-5.64494e-05
-2.21153e-05
-6.64972e-05
-1.76902e-05
-6.21695e-05
-9.35964e-07
-7.26626e-05
2.41635e-05
-6.21303e-05
2.76839e-05
-1.59004e-05
1.95069e-05
-1.84301e-07
1.94602e-05
-1.69883e-05
2.65323e-05
-3.25118e-05
3.95416e-05
-4.03818e-05
5.1344e-05
-3.45421e-05
4.0658e-05
-2.61793e-06
2.52332e-05
-5.73064e-05
9.30236e-05
-4.00837e-05
7.26807e-05
-3.37111e-05
6.83496e-05
-2.6335e-05
7.14793e-05
-1.56348e-05
2.44778e-05
-1.37378e-05
-2.77868e-05
-1.34095e-05
-5.67777e-05
-9.35753e-06
-7.05492e-05
2.19058e-07
-7.1746e-05
1.47915e-05
-8.72351e-05
3.69113e-05
-8.42501e-05
6.65122e-05
-4.55013e-05
6.7034e-05
-7.06189e-07
5.8412e-05
-8.36627e-06
5.53206e-05
-2.94204e-05
5.52791e-05
-4.03403e-05
5.60044e-05
-3.52674e-05
4.43841e-05
9.00234e-06
6.96173e-05
-4.97909e-05
7.24846e-05
-3.70013e-05
5.98911e-05
-2.40704e-05
5.54188e-05
-8.07166e-06
5.54806e-05
6.61911e-07
1.57442e-05
-6.5752e-07
-2.64674e-05
-1.60735e-06
-5.58279e-05
-1.67632e-07
-7.19889e-05
6.52543e-06
-7.84391e-05
1.67049e-05
-9.74146e-05
2.87688e-05
-9.6314e-05
4.8425e-05
-6.51574e-05
5.83757e-05
-1.06569e-05
5.98429e-05
-9.83351e-06
5.48897e-05
-2.44671e-05
4.68134e-05
-3.2264e-05
3.79713e-05
-2.64253e-05
2.2098e-05
2.48756e-05
9.17153e-05
-3.78985e-05
5.37982e-05
-2.61693e-05
4.81618e-05
-1.37867e-05
4.30362e-05
2.97188e-06
3.8722e-05
7.65692e-06
1.10591e-05
6.8002e-06
-2.56107e-05
6.70732e-06
-5.5735e-05
7.16156e-06
-7.24431e-05
1.11034e-05
-8.23809e-05
1.8407e-05
-0.000104718
2.53254e-05
-0.000103232
3.39626e-05
-7.37947e-05
4.59101e-05
-2.26044e-05
5.58134e-05
-1.97368e-05
5.58353e-05
-2.4489e-05
4.50496e-05
-2.14783e-05
2.29784e-05
-4.35411e-06
-6.35866e-06
5.42126e-05
8.53566e-05
-2.77347e-05
3.7132e-05
-1.50801e-05
3.55072e-05
-3.95036e-06
3.19065e-05
8.71217e-06
2.60595e-05
1.36141e-05
6.15727e-06
1.42871e-05
-2.62837e-05
1.49517e-05
-5.63997e-05
1.36083e-05
-7.10997e-05
1.69207e-05
-8.56933e-05
2.18876e-05
-0.000109685
2.4976e-05
-0.000106321
2.75035e-05
-7.63222e-05
4.18438e-05
-3.69447e-05
5.51416e-05
-3.30346e-05
6.11174e-05
-3.04649e-05
5.76252e-05
-1.79861e-05
2.95582e-05
2.37129e-05
-8.9341e-06
9.27049e-05
7.64225e-05
-2.19897e-05
2.37208e-05
-9.36212e-06
2.28797e-05
3.02715e-06
1.95172e-05
1.60641e-05
1.30225e-05
2.28914e-05
-6.69957e-07
2.59078e-05
-2.93001e-05
2.7117e-05
-5.76089e-05
1.8642e-05
-6.26247e-05
2.45762e-05
-9.16275e-05
2.71799e-05
-0.000112289
2.69872e-05
-0.000106128
2.46109e-05
-7.39459e-05
3.90729e-05
-5.14066e-05
5.05396e-05
-4.45013e-05
5.75685e-05
-3.74938e-05
5.70538e-05
-1.74714e-05
3.61618e-05
4.46049e-05
7.15589e-06
0.000121711
8.35784e-05
-1.70647e-05
1.08215e-05
-4.00831e-06
9.8233e-06
1.13408e-05
4.16812e-06
2.7424e-05
-3.06075e-06
4.1568e-05
-1.48139e-05
4.80744e-05
-3.58065e-05
3.20894e-05
-4.16239e-05
3.07872e-05
-6.13225e-05
3.44216e-05
-9.52619e-05
3.44781e-05
-0.000112345
2.94103e-05
-0.00010106
2.34605e-05
-6.79961e-05
3.22626e-05
-6.02088e-05
3.88236e-05
-5.10623e-05
4.17492e-05
-4.04195e-05
3.6127e-05
-1.18492e-05
4.86043e-06
7.58715e-05
-9.18953e-06
0.000135761
7.43889e-05
9.5933e-06
-7.43676e-07
1.72248e-05
2.19178e-06
3.30483e-05
-1.16554e-05
5.04035e-05
-2.04159e-05
6.96104e-05
-3.40207e-05
7.27341e-05
-3.89303e-05
5.59401e-05
-2.48298e-05
5.34317e-05
-5.88141e-05
4.91533e-05
-9.09835e-05
3.99544e-05
-0.000103146
2.52907e-05
-8.63965e-05
1.86916e-05
-6.1397e-05
2.22855e-05
-6.38026e-05
2.35078e-05
-5.22846e-05
1.1251e-05
-2.81627e-05
-1.24763e-05
1.18781e-05
-4.67946e-05
0.00011019
-2.92685e-05
0.000118235
4.51205e-05
-9.22067e-06
-4.21532e-05
1.46675e-05
-2.16964e-05
2.66083e-05
-2.35962e-05
3.48771e-05
-2.86848e-05
4.40132e-05
-4.31569e-05
5.0122e-05
-4.50391e-05
6.60031e-05
-4.07108e-05
6.61305e-05
-5.89415e-05
6.07937e-05
-8.56468e-05
3.79453e-05
-8.0298e-05
1.4227e-05
-6.26782e-05
8.91645e-06
-5.60864e-05
1.16445e-05
-6.65307e-05
-6.85316e-06
-3.37869e-05
-3.33941e-05
-1.62175e-06
-7.12768e-05
4.97609e-05
-7.70345e-05
0.000115947
-4.69257e-05
8.8126e-05
-1.80526e-06
-8.27898e-05
-6.24098e-05
-5.74167e-05
-4.70695e-05
-3.46403e-05
-4.63724e-05
-1.33866e-05
-4.99385e-05
2.55665e-06
-5.91001e-05
1.94202e-05
-6.19027e-05
4.17899e-05
-6.30806e-05
5.21037e-05
-6.92552e-05
3.43075e-05
-6.78506e-05
2.07015e-05
-6.6692e-05
7.53788e-06
-4.95146e-05
-8.00763e-07
-4.77477e-05
-2.57568e-05
-4.15747e-05
-5.49988e-05
-4.54483e-06
-8.3816e-05
2.71954e-05
-0.000104802
7.07472e-05
-8.58328e-05
9.6978e-05
-4.51371e-05
4.74303e-05
-4.69423e-05
-9.20742e-05
-7.96942e-05
-6.87035e-05
-7.04402e-05
-4.76805e-05
-6.73953e-05
-2.87539e-05
-6.88652e-05
-1.39748e-05
-7.38792e-05
5.42829e-07
-7.64203e-05
1.36987e-05
-7.62365e-05
1.91557e-05
-7.47123e-05
1.1152e-05
-5.98469e-05
-5.6343e-07
-5.49765e-05
-1.12625e-05
-3.88155e-05
-3.26768e-05
-2.63335e-05
-6.24183e-05
-1.18331e-05
-8.54546e-05
1.84914e-05
-0.000104169
4.59097e-05
-0.000103255
6.98331e-05
-7.27879e-05
6.65112e-05
-3.40441e-05
8.68652e-06
-8.09865e-05
-8.91832e-05
-9.4777e-05
-7.17214e-05
-8.7902e-05
-5.43488e-05
-8.47679e-05
-3.82995e-05
-8.49146e-05
-2.4912e-05
-8.72666e-05
-1.31924e-05
-8.81399e-05
-2.66364e-06
-8.67652e-05
-8.44874e-06
-6.89272e-05
-1.27647e-05
-5.55309e-05
-2.20428e-05
-4.56985e-05
-3.6176e-05
-2.46822e-05
-5.71355e-05
-5.37398e-06
-8.06434e-05
1.16748e-05
-9.56565e-05
3.35046e-05
-9.99003e-05
5.01535e-05
-8.55777e-05
5.55104e-05
-5.42515e-05
3.51851e-05
-2.30698e-05
-2.24952e-05
-0.000104056
-8.70191e-05
-0.000108039
-7.25553e-05
-0.000102366
-5.79993e-05
-9.9324e-05
-4.33527e-05
-9.95611e-05
-2.92214e-05
-0.000101398
-2.16311e-05
-9.57302e-05
-3.05514e-05
-7.7845e-05
-3.63482e-05
-6.31304e-05
-3.98289e-05
-5.20502e-05
-4.84483e-05
-3.7079e-05
-6.18304e-05
-1.13001e-05
-7.5864e-05
8.65962e-06
-8.8439e-05
2.42499e-05
-9.28885e-05
3.7954e-05
-8.65378e-05
4.38029e-05
-6.73958e-05
3.63683e-05
-3.99138e-05
7.70302e-06
-1.49366e-05
-4.74724e-05
-0.000118993
-6.67047e-05
-0.000105839
-6.69346e-05
-0.000102136
-5.96441e-05
-0.000106614
-5.31975e-05
-0.000106008
-5.18215e-05
-0.000102774
-5.37788e-05
-9.3773e-05
-5.499e-05
-7.66337e-05
-5.70542e-05
-6.10662e-05
-6.27946e-05
-4.63097e-05
-7.2153e-05
-2.77206e-05
-7.9154e-05
-4.29903e-06
-8.4584e-05
1.40896e-05
-8.73127e-05
2.69785e-05
-8.34927e-05
3.41341e-05
-7.17341e-05
3.20442e-05
-5.26676e-05
1.73018e-05
-3.01397e-05
-1.48249e-05
-9.44819e-06
-6.81639e-05
-0.000128441
-3.81238e-05
-9.59862e-05
-4.14074e-05
-9.88523e-05
-4.44676e-05
-0.000103554
-4.75963e-05
-0.000102879
-5.32209e-05
-9.71494e-05
-5.99571e-05
-8.70368e-05
-6.44068e-05
-7.21839e-05
-6.88316e-05
-5.66414e-05
-7.46164e-05
-4.05249e-05
-8.04803e-05
-2.18567e-05
-8.29727e-05
-1.80665e-06
-8.27198e-05
1.38366e-05
-7.91154e-05
2.33741e-05
-7.04912e-05
2.55098e-05
-5.66814e-05
1.82344e-05
-3.90456e-05
-3.34034e-07
-2.07027e-05
-3.31678e-05
-5.33301e-06
-8.35336e-05
-0.000133774
-7.02138e-06
-8.22273e-05
-1.71209e-05
-8.87527e-05
-2.71385e-05
-9.35367e-05
-3.67617e-05
-9.32559e-05
-4.60989e-05
-8.78122e-05
-5.48614e-05
-7.82742e-05
-6.1718e-05
-6.53273e-05
-6.74641e-05
-5.08953e-05
-7.26386e-05
-3.53504e-05
-7.61883e-05
-1.8307e-05
-7.6271e-05
-1.72405e-06
-7.30302e-05
1.05958e-05
-6.62494e-05
1.65932e-05
-5.56244e-05
1.48849e-05
-4.1666e-05
4.27593e-06
-2.59198e-05
-1.60802e-05
-1.12476e-05
-4.784e-05
-1.39927e-06
-9.33819e-05
-0.000135173
1.81045e-05
-6.78192e-05
4.82698e-06
-7.54751e-05
-8.38851e-06
-8.03212e-05
-2.09517e-05
-8.06928e-05
-3.23537e-05
-7.64101e-05
-4.23485e-05
-6.82795e-05
-5.04954e-05
-5.71803e-05
-5.6983e-05
-4.44077e-05
-6.18365e-05
-3.0497e-05
-6.42165e-05
-1.5927e-05
-6.32119e-05
-2.72866e-06
-5.87929e-05
6.17682e-06
-5.10964e-05
8.89668e-06
-4.04622e-05
4.25064e-06
-2.77458e-05
-8.44045e-06
-1.43837e-05
-2.94423e-05
-3.08674e-06
-5.9137e-05
1.75719e-06
-9.82259e-05
-0.000133416
3.66912e-05
-5.45269e-05
2.31893e-05
-6.19732e-05
9.48619e-06
-6.6618e-05
-3.72359e-06
-6.7483e-05
-1.57808e-05
-6.43528e-05
-2.6313e-05
-5.77474e-05
-3.50271e-05
-4.84662e-05
-4.18593e-05
-3.75755e-05
-4.65569e-05
-2.57995e-05
-4.84869e-05
-1.3997e-05
-4.71981e-05
-4.01747e-06
-4.2759e-05
1.73765e-06
-3.55413e-05
1.67899e-06
-2.61793e-05
-5.1113e-06
-1.56625e-05
-1.89572e-05
-5.41039e-06
-3.96945e-05
2.33736e-06
-6.68847e-05
3.36242e-06
-9.92509e-05
-0.000130054
4.96795e-05
-4.32415e-05
3.75341e-05
-4.98278e-05
2.48949e-05
-5.39788e-05
1.24324e-05
-5.50205e-05
8.17123e-07
-5.27376e-05
-9.48141e-06
-4.74488e-05
-1.81266e-05
-3.9821e-05
-2.49281e-05
-3.0774e-05
-2.95308e-05
-2.11968e-05
-3.14507e-05
-1.20771e-05
-3.04135e-05
-5.05472e-06
-2.66708e-05
-2.00504e-06
-2.07215e-05
-4.27027e-06
-1.33178e-05
-1.2515e-05
-5.4938e-06
-2.67812e-05
1.38763e-06
-4.65758e-05
5.45491e-06
-7.0952e-05
4.48531e-06
-9.82813e-05
-0.000125568
5.81396e-05
-3.42158e-05
4.79957e-05
-3.96838e-05
3.71512e-05
-4.31344e-05
2.61922e-05
-4.40615e-05
1.5732e-05
-4.22774e-05
6.27517e-06
-3.79919e-05
-1.79211e-06
-3.17537e-05
-8.19207e-06
-2.4374e-05
-1.26097e-05
-1.67792e-05
-1.46661e-05
-1.00207e-05
-1.42273e-05
-5.49359e-06
-1.15665e-05
-4.66574e-06
-7.2416e-06
-8.59522e-06
-2.02994e-06
-1.77266e-05
3.08597e-06
-3.18971e-05
6.92741e-06
-5.04172e-05
8.13722e-06
-7.21617e-05
5.64511e-06
-9.57891e-05
-0.000119923
6.30691e-05
-2.73022e-05
5.50154e-05
-3.16301e-05
4.61782e-05
-3.42971e-05
3.70314e-05
-3.49147e-05
2.80942e-05
-3.33401e-05
1.98409e-05
-2.97386e-05
1.2666e-05
-2.45789e-05
6.88065e-06
-1.85887e-05
2.76608e-06
-1.26646e-05
5.78826e-07
-7.83342e-06
3.65773e-07
-5.28055e-06
1.8573e-06
-6.15727e-06
4.51494e-06
-1.12528e-05
7.60923e-06
-2.08208e-05
1.02766e-05
-3.45644e-05
1.15736e-05
-5.17142e-05
1.05816e-05
-7.11697e-05
6.66906e-06
-9.18766e-05
-0.000113254
6.53478e-05
-2.21837e-05
5.9188e-05
-2.54702e-05
5.226e-05
-2.73691e-05
4.49284e-05
-2.75831e-05
3.76084e-05
-2.60201e-05
3.0707e-05
-2.28372e-05
2.45847e-05
-1.84566e-05
1.9537e-05
-1.3541e-05
1.58025e-05
-8.93021e-06
1.35466e-05
-5.57746e-06
1.27563e-05
-4.49029e-06
1.31701e-05
-6.57104e-06
1.43063e-05
-1.2389e-05
1.55299e-05
-2.20444e-05
1.61248e-05
-3.51593e-05
1.53683e-05
-5.09577e-05
1.26313e-05
-6.84328e-05
7.51223e-06
-8.67575e-05
-0.000105742
6.5684e-05
-1.85173e-05
6.11172e-05
-2.09034e-05
5.58512e-05
-2.21031e-05
5.01598e-05
-2.18918e-05
4.43635e-05
-2.02238e-05
3.87908e-05
-1.72645e-05
3.3744e-05
-1.34097e-05
2.94737e-05
-9.2707e-06
2.61658e-05
-5.62228e-06
2.39158e-05
-3.32753e-06
2.26706e-05
-3.245e-06
2.21853e-05
-6.08575e-06
2.20446e-05
-1.22483e-05
2.17216e-05
-2.17215e-05
2.0648e-05
-3.40857e-05
1.82874e-05
-4.85971e-05
1.42096e-05
-6.4355e-05
8.14276e-06
-8.06907e-05
-9.75992e-05
6.46131e-05
-1.59955e-05
6.13328e-05
-1.76231e-05
5.74403e-05
-1.82106e-05
5.31397e-05
-1.75912e-05
4.8674e-05
-1.57581e-05
4.42981e-05
-1.28886e-05
4.02499e-05
-9.36158e-06
3.67244e-05
-5.7452e-06
3.38519e-05
-2.74975e-06
3.16741e-05
-1.14977e-06
3.01085e-05
-1.67945e-06
2.89297e-05
-4.90689e-06
2.77869e-05
-1.11055e-05
2.62556e-05
-2.01902e-05
2.38994e-05
-3.17295e-05
2.03325e-05
-4.50302e-05
1.52711e-05
-5.92936e-05
8.52815e-06
-7.39478e-05
-8.90711e-05
6.25312e-05
-1.43623e-05
6.02661e-05
-1.5358e-05
5.74747e-05
-1.54191e-05
5.43082e-05
-1.44247e-05
5.09491e-05
-1.2399e-05
4.75904e-05
-9.52992e-06
4.4411e-05
-6.18223e-06
4.15517e-05
-2.88585e-06
3.90919e-05
-2.89954e-07
3.70316e-05
9.10509e-07
3.5267e-05
8.50981e-08
3.35915e-05
-3.2313e-06
3.17093e-05
-9.22332e-06
2.92835e-05
-1.77645e-05
2.5986e-05
-2.84321e-05
2.15488e-05
-4.0593e-05
1.58065e-05
-5.35513e-05
8.64479e-06
-6.67861e-05
-8.04263e-05
5.97331e-05
-1.34128e-05
5.82585e-05
-1.38835e-05
5.6334e-05
-1.34946e-05
5.40712e-05
-1.21618e-05
5.16056e-05
-9.93345e-06
4.90805e-05
-7.00482e-06
4.66256e-05
-3.72733e-06
4.43348e-05
-5.95133e-07
4.22474e-05
1.79752e-06
4.03285e-05
2.82935e-06
3.84649e-05
1.94879e-06
3.64606e-05
-1.22703e-06
3.40674e-05
-6.83007e-06
3.10164e-05
-1.47135e-05
2.70634e-05
-2.44791e-05
2.20312e-05
-3.55609e-05
1.58435e-05
-4.73636e-05
8.47343e-06
-5.94161e-05
-7.19529e-05
5.64412e-05
-1.29853e-05
5.55774e-05
-1.30197e-05
5.43291e-05
-1.22464e-05
5.27774e-05
-1.06101e-05
5.10219e-05
-8.1779e-06
4.91666e-05
-5.14953e-06
4.73019e-05
-1.86271e-06
4.54852e-05
1.22159e-06
4.37228e-05
3.55996e-06
4.1958e-05
4.5942e-06
4.00682e-05
3.83865e-06
3.78721e-05
9.69058e-07
3.51545e-05
-4.11243e-06
3.16975e-05
-1.12565e-05
2.73176e-05
-2.00992e-05
2.19018e-05
-3.0145e-05
1.54348e-05
-4.08966e-05
8.01221e-06
-5.19935e-05
-6.39407e-05
5.28242e-05
-1.29543e-05
5.24306e-05
-1.2626e-05
5.17082e-05
-1.1524e-05
5.07144e-05
-9.61632e-06
4.95207e-05
-6.98415e-06
4.82005e-05
-3.82936e-06
4.68136e-05
-4.75812e-07
4.53888e-05
2.64638e-06
4.39092e-05
5.03964e-06
4.2303e-05
6.20046e-06
4.04439e-05
5.69771e-06
3.81628e-05
3.25021e-06
3.52691e-05
-1.21872e-06
3.15806e-05
-7.56787e-06
2.69537e-05
-1.54724e-05
2.13145e-05
-2.45058e-05
1.46918e-05
-3.42739e-05
7.33153e-06
-4.46332e-05
-5.66092e-05
4.90081e-05
-1.32232e-05
4.89765e-05
-1.25945e-05
4.86648e-05
-1.12122e-05
4.81112e-05
-9.06275e-06
4.7365e-05
-6.23799e-06
4.64757e-05
-2.93999e-06
4.54789e-05
5.20982e-07
4.4382e-05
3.74324e-06
4.31519e-05
6.2698e-06
4.17079e-05
7.64449e-06
3.99243e-05
7.48128e-06
3.76427e-05
5.53183e-06
3.46924e-05
1.73164e-06
3.09163e-05
-3.79171e-06
2.61974e-05
-1.07534e-05
2.04872e-05
-1.87956e-05
1.38595e-05
-2.76463e-05
6.68876e-06
-3.74625e-05
-4.99205e-05
4.50837e-05
-1.37177e-05
4.53325e-05
-1.28433e-05
4.53448e-05
-1.12245e-05
4.5144e-05
-8.86188e-06
4.47611e-05
-5.85516e-06
4.42262e-05
-2.40505e-06
4.35559e-05
1.19132e-06
4.27413e-05
4.55779e-06
4.17383e-05
7.27288e-06
4.04621e-05
8.92065e-06
3.87912e-05
9.15218e-06
3.65786e-05
7.74442e-06
3.36715e-05
4.63879e-06
2.99343e-05
-5.45458e-08
2.52741e-05
-6.09316e-06
1.96688e-05
-1.31904e-05
1.3241e-05
-2.12186e-05
6.66723e-06
-3.08888e-05
-4.32533e-05
4.11144e-05
-1.43803e-05
4.15817e-05
-1.33106e-05
4.18543e-05
-1.14971e-05
4.19431e-05
-8.95069e-06
4.18643e-05
-5.77631e-06
4.16313e-05
-2.172e-06
4.12449e-05
1.57767e-06
4.06837e-05
5.11904e-06
3.98958e-05
8.06079e-06
3.87963e-05
1.00201e-05
3.72708e-05
1.06777e-05
3.51856e-05
9.82966e-06
3.2406e-05
7.41835e-06
2.88194e-05
3.53211e-06
2.43607e-05
-1.63448e-06
1.90444e-05
-7.87408e-06
1.30439e-05
-1.52182e-05
7.12036e-06
-2.49653e-05
-3.6133e-05
3.71414e-05
-1.51658e-05
3.77803e-05
-1.39495e-05
3.82665e-05
-1.19833e-05
3.86008e-05
-9.28498e-06
3.87864e-05
-5.96185e-06
3.88221e-05
-2.20775e-06
3.8695e-05
1.70482e-06
3.83723e-05
5.44176e-06
3.77969e-05
8.63619e-06
3.68862e-05
1.09307e-05
3.55353e-05
1.20286e-05
3.36254e-05
1.17396e-05
3.10405e-05
1.00033e-05
2.76906e-05
6.88203e-06
2.35417e-05
2.51443e-06
1.86529e-05
-2.9854e-06
1.3221e-05
-9.78637e-06
7.53307e-06
-1.92774e-05
-2.85999e-05
3.31906e-05
-1.60364e-05
3.39635e-05
-1.47224e-05
3.46283e-05
-1.2648e-05
3.51774e-05
-9.8341e-06
3.56026e-05
-6.38703e-06
3.58893e-05
-2.49443e-06
3.60108e-05
1.58331e-06
3.59236e-05
5.52899e-06
3.55657e-05
8.99411e-06
3.48585e-05
1.1638e-05
3.37086e-05
1.31785e-05
3.20125e-05
1.34357e-05
2.96697e-05
1.23461e-05
2.66069e-05
9.94483e-06
2.28102e-05
6.3111e-06
1.83686e-05
1.45617e-06
1.34829e-05
-4.90071e-06
7.96313e-06
-1.37577e-05
-2.06368e-05
2.92763e-05
-1.6958e-05
3.01506e-05
-1.55967e-05
3.0965e-05
-1.34625e-05
3.17064e-05
-1.05754e-05
3.23562e-05
-7.03687e-06
3.28871e-05
-3.02526e-06
3.3258e-05
1.21239e-06
3.3413e-05
5.37404e-06
3.3284e-05
9.12315e-06
3.27974e-05
1.21246e-05
3.18739e-05
1.41022e-05
3.04246e-05
1.4885e-05
2.83598e-05
1.44109e-05
2.56099e-05
1.26947e-05
2.21589e-05
9.76207e-06
1.80838e-05
5.53124e-06
1.36524e-05
-4.69361e-07
8.11486e-06
-8.22012e-06
-1.25219e-05
2.54055e-05
-1.78961e-05
2.6348e-05
-1.65393e-05
2.72839e-05
-1.43983e-05
2.81967e-05
-1.14882e-05
2.90604e-05
-7.90057e-06
2.98353e-05
-3.80009e-06
3.04647e-05
5.83e-07
3.08765e-05
4.96225e-06
3.0993e-05
9.00669e-06
3.0747e-05
1.23707e-05
3.00772e-05
1.4772e-05
2.89103e-05
1.60518e-05
2.71619e-05
1.61594e-05
2.47547e-05
1.51018e-05
2.1655e-05
1.28618e-05
1.79141e-05
9.27208e-06
1.3707e-05
3.73775e-06
7.96854e-06
-2.48167e-06
-4.55339e-06
2.15817e-05
-1.88128e-05
2.25543e-05
-1.75119e-05
2.3577e-05
-1.54211e-05
2.46351e-05
-1.25463e-05
2.56989e-05
-8.96431e-06
2.67184e-05
-4.8196e-06
2.76201e-05
-3.1865e-07
2.83097e-05
4.27273e-06
2.86923e-05
8.62411e-06
2.87097e-05
1.23533e-05
2.83268e-05
1.51549e-05
2.74868e-05
1.68918e-05
2.61042e-05
1.7542e-05
2.40876e-05
1.71184e-05
2.13725e-05
1.55769e-05
1.79612e-05
1.26834e-05
1.38089e-05
7.89007e-06
7.93834e-06
3.38887e-06
3.38496e-06
1.7811e-05
-1.96653e-05
1.87661e-05
-1.8467e-05
1.98285e-05
-1.64834e-05
2.09912e-05
-1.3709e-05
2.2228e-05
-1.02011e-05
2.34848e-05
-6.07635e-06
2.46717e-05
-1.5055e-06
2.56641e-05
3.28042e-06
2.63358e-05
7.95241e-06
2.6643e-05
1.20462e-05
2.6591e-05
1.52069e-05
2.61348e-05
1.73481e-05
2.51834e-05
1.84934e-05
2.36242e-05
1.86776e-05
2.13342e-05
1.7867e-05
1.8297e-05
1.57207e-05
1.40699e-05
1.21171e-05
7.92038e-06
9.53844e-06
1.13054e-05
1.41115e-05
-2.04071e-05
1.49911e-05
-1.93466e-05
1.60277e-05
-1.752e-05
1.72299e-05
-1.49111e-05
1.85856e-05
-1.15568e-05
2.00494e-05
-7.54003e-06
2.15233e-05
-2.9794e-06
2.28446e-05
1.95915e-06
2.38291e-05
6.96793e-06
2.4458e-05
1.14173e-05
2.47967e-05
1.48682e-05
2.48006e-05
1.73442e-05
2.43649e-05
1.89292e-05
2.33543e-05
1.96882e-05
2.15993e-05
1.96221e-05
1.89009e-05
1.84191e-05
1.44769e-05
1.65412e-05
7.86128e-06
1.61541e-05
1.91667e-05
1.05226e-05
-2.09946e-05
1.1263e-05
-2.0087e-05
1.21907e-05
-1.84475e-05
1.33351e-05
-1.60555e-05
1.4712e-05
-1.29337e-05
1.63066e-05
-9.13462e-06
1.80387e-05
-4.71144e-06
1.97116e-05
2.8622e-07
2.10405e-05
5.63911e-06
2.20341e-05
1.04236e-05
2.28535e-05
1.40488e-05
2.3415e-05
1.67828e-05
2.35803e-05
1.8764e-05
2.31993e-05
2.00693e-05
2.20671e-05
2.07543e-05
1.96749e-05
2.08114e-05
1.52359e-05
2.09802e-05
8.43876e-06
2.29513e-05
2.76054e-05
7.11119e-06
-2.13978e-05
7.65524e-06
-2.0631e-05
8.38339e-06
-1.91756e-05
9.34423e-06
-1.70163e-05
1.05889e-05
-1.41783e-05
1.21614e-05
-1.07071e-05
1.40547e-05
-6.60473e-06
1.60877e-05
-1.74679e-06
1.78413e-05
3.88557e-06
1.92674e-05
8.99747e-06
2.07154e-05
1.26009e-05
2.19454e-05
1.55528e-05
2.27705e-05
1.79389e-05
2.30468e-05
1.97931e-05
2.25582e-05
2.12429e-05
2.07606e-05
2.2609e-05
1.68994e-05
2.48414e-05
1.04538e-05
2.93969e-05
3.80592e-05
3.96734e-06
-2.16112e-05
4.28125e-06
-2.09449e-05
4.73475e-06
-1.96291e-05
5.37939e-06
-1.76609e-05
6.28797e-06
-1.50868e-05
7.56818e-06
-1.19873e-05
9.36077e-06
-8.39732e-06
1.16894e-05
-4.07537e-06
1.40675e-05
1.50742e-06
1.61736e-05
6.89146e-06
1.85106e-05
1.02638e-05
2.04996e-05
1.3564e-05
2.19775e-05
1.64609e-05
2.28759e-05
1.88947e-05
2.30846e-05
2.10343e-05
2.23477e-05
2.3346e-05
2.02018e-05
2.69872e-05
1.49673e-05
3.46314e-05
5.30265e-05
1.18521e-06
1.27451e-06
1.42018e-06
1.64952e-06
2.01142e-06
2.60423e-06
3.63568e-06
5.5683e-06
8.98583e-06
1.32864e-05
1.68157e-05
1.9472e-05
2.14264e-05
2.27433e-05
2.34712e-05
2.36283e-05
2.31674e-05
2.08757e-05
)
;

boundaryField
{
    leftWall
    {
        type            calculated;
        value           uniform 0;
    }
    rightWall
    {
        type            calculated;
        value           uniform 0;
    }
    lowerWall
    {
        type            calculated;
        value           uniform 0;
    }
    atmosphere
    {
        type            calculated;
        value           nonuniform List<scalar> 
46
(
8.73206e-06
8.17791e-06
7.55836e-06
6.90201e-06
6.1814e-06
5.38915e-06
4.5206e-06
3.57017e-06
2.52908e-06
1.28898e-06
-1.05583e-07
-1.52883e-06
-3.05648e-06
-4.70683e-06
-6.43671e-06
-8.20254e-06
-9.97331e-06
-1.17173e-05
-1.33976e-05
-1.4972e-05
-1.6393e-05
-1.76103e-05
-1.8572e-05
-9.00317e-06
-9.11428e-06
-9.18797e-06
-9.22245e-06
-2.16621e-05
-2.10342e-05
-1.97748e-05
-1.78902e-05
-1.54487e-05
-1.25801e-05
-9.42876e-06
-6.00799e-06
-1.9101e-06
2.59091e-06
6.73459e-06
1.09076e-05
1.45066e-05
1.75778e-05
2.03064e-05
2.31889e-05
2.74481e-05
3.69232e-05
7.39022e-05
)
;
    }
    defaultFaces
    {
        type            empty;
        value           nonuniform List<scalar> 0();
    }
}


// ************************************************************************* //
