/*--------------------------------*- C++ -*----------------------------------*\
  =========                 |
  \\      /  F ield         | OpenFOAM: The Open Source CFD Toolbox
   \\    /   O peration     | Website:  https://openfoam.org
    \\  /    A nd           | Version:  9
     \\/     M anipulation  |
\*---------------------------------------------------------------------------*/
FoamFile
{
    format      ascii;
    class       surfaceScalarField;
    location    "5.31";
    object      phi;
}
// * * * * * * * * * * * * * * * * * * * * * * * * * * * * * * * * * * * * * //

dimensions      [0 3 -1 0 0 0 0];

internalField   nonuniform List<scalar> 
4432
(
-2.30915e-07
2.30915e-07
-3.60732e-07
1.29811e-07
-4.53729e-07
9.30008e-08
-5.35067e-07
8.13348e-08
-6.12199e-07
7.71298e-08
-6.86492e-07
7.42913e-08
-7.52267e-07
6.57713e-08
-8.03334e-07
5.10645e-08
-8.33019e-07
2.96815e-08
-8.3593e-07
2.90828e-09
-8.10123e-07
-2.58092e-08
-7.4686e-07
-6.32659e-08
-6.34103e-07
-1.12758e-07
-4.54465e-07
-1.79639e-07
-1.9662e-07
-2.57845e-07
1.26844e-07
-3.23464e-07
3.3824e-07
-2.11393e-07
-7.47838e-08
4.13025e-07
-1.04604e-06
9.71259e-07
-1.92908e-06
8.83049e-07
-2.09655e-06
1.6747e-07
-1.26052e-06
-8.36029e-07
-1.26052e-06
-1.80817e-07
4.11736e-07
-3.10437e-07
2.59421e-07
-4.15378e-07
1.97943e-07
-5.06126e-07
1.72079e-07
-5.88382e-07
1.59381e-07
-6.62286e-07
1.48192e-07
-7.25677e-07
1.29157e-07
-7.73727e-07
9.91107e-08
-8.02513e-07
5.8463e-08
-8.10006e-07
1.0398e-08
-7.92764e-07
-4.30541e-08
-7.47359e-07
-1.08672e-07
-6.66361e-07
-1.93758e-07
-5.41148e-07
-3.04852e-07
-3.67705e-07
-4.31285e-07
-1.70129e-07
-5.2104e-07
-5.70275e-08
-3.24487e-07
-2.93108e-07
6.49108e-07
-8.6576e-07
1.54392e-06
-1.37811e-06
1.3954e-06
-1.51996e-06
3.09323e-07
-1.10445e-06
-1.25154e-06
-2.36497e-06
-1.50101e-07
5.61841e-07
-2.79059e-07
3.8837e-07
-3.90299e-07
3.09184e-07
-4.88081e-07
2.69858e-07
-5.75714e-07
2.47012e-07
-6.53371e-07
2.25849e-07
-7.1907e-07
1.94854e-07
-7.69789e-07
1.49829e-07
-8.03011e-07
9.16848e-08
-8.17487e-07
2.48745e-08
-8.11621e-07
-4.89208e-08
-7.83473e-07
-1.3682e-07
-7.29561e-07
-2.4767e-07
-6.46825e-07
-3.87588e-07
-5.37182e-07
-5.40927e-07
-4.19996e-07
-6.38228e-07
-3.34625e-07
-4.09853e-07
-4.43183e-07
7.57665e-07
-6.89893e-07
1.79063e-06
-9.54826e-07
1.66033e-06
-1.04811e-06
4.02604e-07
-8.05906e-07
-1.49375e-06
-3.17087e-06
-1.31622e-07
6.93466e-07
-2.58876e-07
5.15618e-07
-3.7435e-07
4.2466e-07
-4.78415e-07
3.73924e-07
-5.72293e-07
3.40891e-07
-6.55466e-07
3.09025e-07
-7.2626e-07
2.65652e-07
-7.82491e-07
2.06063e-07
-8.2247e-07
1.31668e-07
-8.45756e-07
4.81633e-08
-8.52115e-07
-4.25603e-08
-8.41366e-07
-1.47567e-07
-8.12603e-07
-2.76433e-07
-7.66788e-07
-4.33405e-07
-7.09675e-07
-5.9804e-07
-6.56846e-07
-6.91061e-07
-6.09923e-07
-4.56775e-07
-5.79936e-07
7.27674e-07
-5.7645e-07
1.78714e-06
-6.12846e-07
1.69672e-06
-6.07419e-07
3.97171e-07
-4.42534e-07
-1.65864e-06
-3.61341e-06
-1.20843e-07
8.14312e-07
-2.46625e-07
6.41395e-07
-3.66121e-07
5.44159e-07
-4.76478e-07
4.84284e-07
-5.77363e-07
4.4178e-07
-6.67556e-07
3.99224e-07
-7.45302e-07
3.43403e-07
-8.08961e-07
2.69727e-07
-8.57391e-07
1.80103e-07
-8.90804e-07
8.15802e-08
-9.10117e-07
-2.32436e-08
-9.1631e-07
-1.41373e-07
-9.1045e-07
-2.82292e-07
-8.95805e-07
-4.48053e-07
-8.80296e-07
-6.13549e-07
-8.76687e-07
-6.94676e-07
-8.75316e-07
-4.58149e-07
-7.18256e-07
5.70608e-07
-5.32354e-07
1.60123e-06
-3.62888e-07
1.52725e-06
-1.99904e-07
2.3418e-07
-7.88665e-08
-1.77969e-06
-3.69228e-06
-1.14749e-07
9.29063e-07
-2.41237e-07
7.6788e-07
-3.65341e-07
6.68267e-07
-4.82482e-07
6.01428e-07
-5.91112e-07
5.50413e-07
-6.89399e-07
4.97514e-07
-7.7546e-07
4.29469e-07
-8.47968e-07
3.42238e-07
-9.06045e-07
2.38184e-07
-9.50387e-07
1.25925e-07
-9.82712e-07
9.08339e-09
-1.00483e-06
-1.19255e-07
-1.01873e-06
-2.68392e-07
-1.02837e-06
-4.38417e-07
-1.04127e-06
-6.00651e-07
-1.06558e-06
-6.70366e-07
-1.07748e-06
-4.46249e-07
-8.78592e-07
3.71715e-07
-5.43856e-07
1.26649e-06
-2.0543e-07
1.18882e-06
8.55659e-08
-5.68188e-08
1.81477e-07
-1.8756e-06
-3.5108e-06
-1.10886e-07
1.03995e-06
-2.41828e-07
8.98819e-07
-3.7202e-07
7.98462e-07
-4.96435e-07
7.25843e-07
-6.13333e-07
6.67311e-07
-7.20418e-07
6.04598e-07
-8.15675e-07
5.24725e-07
-8.97935e-07
4.24495e-07
-9.66413e-07
3.06661e-07
-1.02201e-06
1.81521e-07
-1.06695e-06
5.40214e-08
-1.10333e-06
-8.28815e-08
-1.13321e-06
-2.38509e-07
-1.15979e-06
-4.1184e-07
-1.18775e-06
-5.72694e-07
-1.21812e-06
-6.39995e-07
-1.21374e-06
-4.50629e-07
-1.01468e-06
1.72659e-07
-5.98311e-07
8.50116e-07
-1.46319e-07
7.36823e-07
1.91051e-07
-3.94183e-07
2.94161e-07
-1.9787e-06
-3.21663e-06
-1.14971e-07
1.15493e-06
-2.4975e-07
1.0336e-06
-3.85581e-07
9.34293e-07
-5.17456e-07
8.57716e-07
-6.42837e-07
7.92689e-07
-7.58993e-07
7.20751e-07
-8.6378e-07
6.29509e-07
-9.56227e-07
5.16939e-07
-1.03543e-06
3.85859e-07
-1.1022e-06
2.48295e-07
-1.1589e-06
1.10716e-07
-1.20742e-06
-3.43637e-08
-1.24927e-06
-1.96657e-07
-1.28603e-06
-3.75085e-07
-1.31818e-06
-5.40542e-07
-1.33929e-06
-6.18881e-07
-1.31108e-06
-4.78842e-07
-1.10523e-06
-3.31895e-08
-6.80348e-07
4.25237e-07
-2.05466e-07
2.61943e-07
1.07092e-07
-7.06733e-07
1.88527e-07
-2.06013e-06
-3.0281e-06
-5.08487e-07
5.08487e-07
3.66861e-07
-8.75353e-07
1.15309e-06
-7.86229e-07
1.68085e-06
-5.27769e-07
2.00445e-06
-3.23593e-07
2.19957e-06
-1.95116e-07
2.35359e-06
-1.5402e-07
2.6337e-06
-2.80098e-07
3.1871e-06
-5.53397e-07
3.75923e-06
-5.72128e-07
3.42664e-06
3.32586e-07
2.15004e-06
1.2766e-06
-3.2316e-07
2.4732e-06
-1.23628e-06
9.1312e-07
6.43205e-07
-1.87949e-06
2.47003e-06
-1.82682e-06
2.98359e-06
-5.13562e-07
2.14066e-06
8.42923e-07
2.14066e-06
1.03548e-07
4.04941e-07
6.26318e-07
-1.39814e-06
1.06503e-06
-1.22493e-06
1.39996e-06
-8.62713e-07
1.64239e-06
-5.66017e-07
1.81635e-06
-3.69066e-07
1.9868e-06
-3.24462e-07
2.24183e-06
-5.35124e-07
2.63616e-06
-9.4773e-07
2.90245e-06
-8.38419e-07
2.53068e-06
7.04354e-07
1.57755e-06
2.22973e-06
2.4827e-07
3.80247e-06
1.91762e-07
9.69625e-07
1.18576e-06
-2.8735e-06
2.17959e-06
-2.82066e-06
2.36503e-06
-6.98997e-07
1.8912e-06
1.31674e-06
4.03185e-06
5.26911e-07
-1.21966e-07
7.50882e-07
-1.62212e-06
9.95901e-07
-1.46994e-06
1.22671e-06
-1.09353e-06
1.41157e-06
-7.50873e-07
1.5501e-06
-5.076e-07
1.68763e-06
-4.61992e-07
1.86687e-06
-7.14365e-07
2.08721e-06
-1.16807e-06
2.19822e-06
-9.49428e-07
1.79735e-06
1.10522e-06
1.09436e-06
2.93272e-06
6.69664e-07
4.22716e-06
9.65319e-07
6.73972e-07
1.45287e-06
-3.36106e-06
1.94949e-06
-3.31728e-06
1.82893e-06
-5.78437e-07
1.40952e-06
1.73615e-06
5.44138e-06
6.33337e-07
-7.55298e-07
7.66651e-07
-1.75545e-06
9.14951e-07
-1.61823e-06
1.08215e-06
-1.26073e-06
1.22551e-06
-8.94244e-07
1.33004e-06
-6.12129e-07
1.4149e-06
-5.46864e-07
1.49921e-06
-7.98675e-07
1.56948e-06
-1.23834e-06
1.56666e-06
-9.46616e-07
1.25958e-06
1.4123e-06
8.72243e-07
3.32006e-06
1.03229e-06
4.06712e-06
1.42021e-06
2.86056e-07
1.57806e-06
-3.5189e-06
1.73455e-06
-3.47376e-06
1.36137e-06
-2.05256e-07
9.26612e-07
2.17091e-06
6.36799e-06
5.76827e-07
-1.33212e-06
7.06245e-07
-1.88488e-06
8.18045e-07
-1.73003e-06
9.49227e-07
-1.39192e-06
1.06246e-06
-1.00748e-06
1.13295e-06
-6.8262e-07
1.16607e-06
-5.79995e-07
1.15994e-06
-7.9255e-07
1.08558e-06
-1.16397e-06
9.68777e-07
-8.29819e-07
8.6679e-07
1.51429e-06
8.4413e-07
3.34272e-06
1.29687e-06
3.61438e-06
1.67156e-06
-8.86277e-08
1.5551e-06
-3.40243e-06
1.46119e-06
-3.37985e-06
9.45429e-07
3.10511e-07
5.02545e-07
2.6138e-06
6.87054e-06
4.83681e-07
-1.8158e-06
6.12768e-07
-2.01397e-06
7.13334e-07
-1.83059e-06
8.24738e-07
-1.50332e-06
9.17153e-07
-1.0999e-06
9.59368e-07
-7.24838e-07
9.51263e-07
-5.71892e-07
8.74414e-07
-7.15703e-07
6.87836e-07
-9.77394e-07
4.79804e-07
-6.21787e-07
5.83139e-07
1.41095e-06
8.6159e-07
3.06427e-06
1.48948e-06
2.98649e-06
1.70348e-06
-3.02623e-07
1.37434e-06
-3.07328e-06
1.08068e-06
-3.08619e-06
6.19048e-07
7.72148e-07
1.67103e-07
3.06575e-06
7.03764e-06
3.77759e-07
-2.19355e-06
5.13161e-07
-2.14937e-06
6.10416e-07
-1.92783e-06
7.08721e-07
-1.60162e-06
7.87744e-07
-1.17892e-06
8.13367e-07
-7.50458e-07
7.79558e-07
-5.38079e-07
6.61636e-07
-5.97779e-07
4.21344e-07
-7.37099e-07
1.95365e-07
-3.95805e-07
3.82274e-07
1.22405e-06
8.73845e-07
2.5727e-06
1.53012e-06
2.33022e-06
1.55095e-06
-3.23459e-07
1.05707e-06
-2.5794e-06
5.99272e-07
-2.6284e-06
2.46722e-07
1.12469e-06
-1.77691e-07
3.49016e-06
6.85995e-06
2.88314e-07
-2.48185e-06
4.29244e-07
-2.29029e-06
5.15968e-07
-2.01455e-06
5.99969e-07
-1.68562e-06
6.70699e-07
-1.24965e-06
6.91746e-07
-7.71502e-07
6.53109e-07
-4.99438e-07
5.24191e-07
-4.68859e-07
2.85536e-07
-4.9844e-07
9.26561e-08
-2.02923e-07
2.96414e-07
1.02029e-06
8.55401e-07
2.01372e-06
1.41477e-06
1.77085e-06
1.29122e-06
-1.99907e-07
6.62352e-07
-1.95053e-06
6.73054e-08
-2.03336e-06
-1.74312e-07
1.36631e-06
-4.98139e-07
3.81398e-06
6.36181e-06
-2.3442e-07
1.38935e-06
-5.52548e-07
1.35172e-06
-8.75091e-07
1.25684e-06
-1.18473e-06
1.16735e-06
-1.48036e-06
1.08832e-06
-1.75703e-06
9.97428e-07
-2.01061e-06
8.83088e-07
-2.24089e-06
7.47219e-07
-2.44466e-06
5.89635e-07
-2.62243e-06
4.26073e-07
-2.77765e-06
2.65935e-07
-2.91285e-06
1.00841e-07
-3.02908e-06
-8.04278e-08
-3.12284e-06
-2.81325e-07
-3.18279e-06
-4.80588e-07
-3.17101e-06
-6.3067e-07
-3.02682e-06
-6.2303e-07
-2.56803e-06
-4.91982e-07
-1.74409e-06
-3.9871e-07
-8.82603e-07
-5.99546e-07
-4.11295e-07
-1.17804e-06
-6.0582e-07
-1.86561e-06
-2.20253e-06
-1.43139e-06
-3.29617e-07
1.71896e-06
-6.86759e-07
1.70886e-06
-1.0237e-06
1.59377e-06
-1.33201e-06
1.47566e-06
-1.64348e-06
1.39978e-06
-1.94205e-06
1.29598e-06
-2.21807e-06
1.1591e-06
-2.47486e-06
1.00401e-06
-2.71792e-06
8.32692e-07
-2.93867e-06
6.46823e-07
-3.12744e-06
4.54708e-07
-3.27953e-06
2.52931e-07
-3.39274e-06
3.27842e-08
-3.47136e-06
-2.02702e-07
-3.50451e-06
-4.47431e-07
-3.46073e-06
-6.74443e-07
-3.25348e-06
-8.3028e-07
-2.78331e-06
-9.62152e-07
-2.06862e-06
-1.11339e-06
-1.36318e-06
-1.30499e-06
-9.41904e-07
-1.59932e-06
-8.57253e-07
-1.95025e-06
-2.17394e-06
-8.8583e-07
-7.46027e-07
2.46499e-06
-1.07909e-06
2.04192e-06
-1.49465e-06
2.00931e-06
-1.96561e-06
1.94661e-06
-2.32352e-06
1.75767e-06
-2.58267e-06
1.55511e-06
-2.82302e-06
1.39943e-06
-3.04407e-06
1.22504e-06
-3.27199e-06
1.0606e-06
-3.49129e-06
8.66104e-07
-3.6641e-06
6.27513e-07
-3.77353e-06
3.62352e-07
-3.82338e-06
8.2628e-08
-3.83055e-06
-1.95525e-07
-3.80108e-06
-4.76889e-07
-3.70754e-06
-7.67974e-07
-3.37392e-06
-1.16388e-06
-2.83024e-06
-1.50581e-06
-2.20099e-06
-1.74262e-06
-1.56062e-06
-1.94533e-06
-1.10104e-06
-2.05887e-06
-9.18693e-07
-2.13258e-06
-2.29975e-06
-7.92862e-07
-1.26777e-07
2.59178e-06
-1.26605e-07
2.0418e-06
-8.29465e-07
2.71222e-06
-3.2305e-06
4.34769e-06
-3.58688e-06
2.11413e-06
-3.16752e-06
1.13582e-06
-3.20917e-06
1.44113e-06
-3.17421e-06
1.19013e-06
-3.17425e-06
1.06067e-06
-3.31129e-06
1.00317e-06
-3.44677e-06
7.63013e-07
-3.52031e-06
4.35905e-07
-3.52719e-06
8.9512e-08
-3.50505e-06
-2.17675e-07
-3.43972e-06
-5.42238e-07
-3.20528e-06
-1.00245e-06
-2.40679e-06
-1.96241e-06
-1.56203e-06
-2.35059e-06
-2.0224e-06
-1.28227e-06
-1.56606e-06
-2.40171e-06
-8.41384e-07
-2.78363e-06
-4.36848e-07
-2.53719e-06
-1.84901e-06
-8.87638e-07
-2.93593e-07
2.88536e-06
1.33088e-07
1.61511e-06
-6.49127e-07
3.49446e-06
-2.83765e-06
6.53618e-06
-2.41151e-06
1.68792e-06
-2.31089e-06
1.03521e-06
-3.61049e-06
2.74076e-06
-4.06194e-06
1.64159e-06
-3.99405e-06
9.92777e-07
-3.81017e-06
8.19262e-07
-3.40564e-06
3.58453e-07
-2.73274e-06
-2.37015e-07
-1.90172e-06
-7.41522e-07
-1.02923e-06
-1.09017e-06
-1.41482e-07
-1.42998e-06
1.00237e-06
-2.14631e-06
2.84143e-06
-3.8015e-06
4.56725e-06
-4.07645e-06
1.42739e-06
1.85763e-06
-1.46912e-08
-9.59436e-07
-6.31858e-08
-2.73511e-06
-6.3394e-07
-1.96644e-06
-8.00863e-07
-1.68164e-06
6.50965e-07
2.23442e-06
3.8842e-07
1.87776e-06
1.43949e-06
2.44345e-06
5.37223e-06
2.60347e-06
6.11516e-06
9.45001e-07
3.92785e-06
3.22252e-06
5.28314e-07
6.14031e-06
-1.83356e-06
4.00348e-06
-2.98005e-06
2.13928e-06
-3.1342e-06
9.73413e-07
-2.7019e-06
-7.38516e-08
-2.00445e-06
-9.34461e-07
-1.25236e-06
-1.4936e-06
-6.18382e-07
-1.72413e-06
-2.18241e-07
-1.8301e-06
-5.37924e-07
-1.82659e-06
-1.48268e-06
-2.85668e-06
-1.82e-06
-3.73909e-06
-8.09404e-07
8.46968e-07
-1.97888e-06
2.09964e-07
-4.01005e-06
-7.0402e-07
-5.32402e-06
-6.52463e-07
-3.02265e-06
-3.10204e-06
2.39291e-06
-1.58578e-07
2.06908e-06
2.20161e-06
2.62025e-06
1.89227e-06
4.71843e-06
5.05284e-07
3.71679e-06
1.94666e-06
2.97706e-06
3.96224e-06
2.97988e-06
6.13747e-06
2.05343e-06
4.92994e-06
1.1322e-06
3.06054e-06
5.98572e-07
1.50709e-06
3.15635e-07
2.09158e-07
9.36135e-08
-7.12349e-07
-2.10951e-07
-1.18893e-06
-7.38592e-07
-1.19637e-06
-1.63194e-06
-9.36592e-07
-2.6997e-06
-7.58627e-07
-3.686e-06
-1.87012e-06
-4.62672e-06
-2.79805e-06
-3.41811e-06
-3.61491e-07
-4.51624e-06
1.30816e-06
-6.17067e-06
9.50528e-07
-4.84673e-06
-1.97613e-06
-5.07884e-06
-2.79027e-06
3.11092e-07
-4.6956e-07
1.3777e-06
1.13509e-06
2.19695e-06
1.07309e-06
1.98687e-06
7.15419e-07
1.75134e-06
2.18227e-06
1.69961e-06
4.01405e-06
2.57112e-06
5.26601e-06
2.82586e-06
4.67523e-06
2.57078e-06
3.31562e-06
2.15593e-06
1.92194e-06
1.62281e-06
7.42254e-07
9.9823e-07
-8.78004e-08
2.27444e-07
-4.18178e-07
-6.99776e-07
-2.69193e-07
-1.7226e-06
8.6192e-08
-2.6983e-06
2.17038e-07
-3.46903e-06
-1.09938e-06
-4.31551e-06
-1.95154e-06
-4.35931e-06
-3.17717e-07
-4.19414e-06
1.14297e-06
-3.37168e-06
1.28206e-07
-2.14231e-06
-3.20561e-06
-4.80846e-06
-2.41274e-06
-9.78983e-09
-4.59656e-07
5.94923e-07
5.3048e-07
8.64973e-07
8.03076e-07
4.85513e-07
1.09492e-06
3.67008e-07
2.30083e-06
7.72809e-07
3.60832e-06
1.64664e-06
4.39224e-06
2.22104e-06
4.10087e-06
2.34336e-06
3.19333e-06
2.11721e-06
2.14809e-06
1.64062e-06
1.21883e-06
9.85855e-07
5.66929e-07
2.26031e-07
3.41615e-07
-5.353e-07
4.92101e-07
-1.17291e-06
7.23764e-07
-1.59855e-06
6.42652e-07
-2.38268e-06
-3.15309e-07
-3.365e-06
-9.69319e-07
-3.43362e-06
-2.49284e-07
-2.52507e-06
2.34209e-07
-1.30108e-06
-1.09579e-06
-1.46737e-06
-3.03947e-06
-3.60427e-06
-2.67191e-06
-1.03776e-07
-3.55837e-07
-1.37386e-08
4.40501e-07
-8.849e-08
8.77873e-07
-3.77485e-07
1.38398e-06
-3.71839e-07
2.29525e-06
5.04924e-08
3.18606e-06
7.41463e-07
3.70135e-06
1.29409e-06
3.54831e-06
1.53096e-06
2.9565e-06
1.44908e-06
2.22999e-06
1.10093e-06
1.56698e-06
5.58784e-07
1.10905e-06
-3.3032e-08
9.33413e-07
-5.36096e-07
9.95148e-07
-8.67997e-07
1.05566e-06
-1.08237e-06
8.57087e-07
-1.61015e-06
2.12582e-07
-2.25808e-06
-3.21303e-07
-2.21211e-06
-2.95233e-07
-1.49422e-06
-4.83701e-07
-1.18614e-06
-1.40377e-06
-1.80574e-06
-2.4197e-06
-2.7333e-06
-2.67651e-06
-2.20561e-07
-1.35246e-07
-3.7e-07
5.89955e-07
-5.75788e-07
1.08371e-06
-8.00867e-07
1.60912e-06
-7.8333e-07
2.27778e-06
-4.79582e-07
2.88238e-06
1.11524e-08
3.21068e-06
4.40302e-07
3.11922e-06
6.64091e-07
2.73274e-06
6.44678e-07
2.24942e-06
4.02639e-07
1.80903e-06
1.49856e-08
1.49669e-06
-3.8933e-07
1.3377e-06
-6.94384e-07
1.30018e-06
-8.76478e-07
1.23772e-06
-1.0146e-06
9.95211e-07
-1.30366e-06
5.01734e-07
-1.6207e-06
-4.12648e-09
-1.57335e-06
-3.42484e-07
-1.32126e-06
-7.35738e-07
-1.36976e-06
-1.35526e-06
-1.88416e-06
-1.90523e-06
-2.06552e-06
-2.55178e-06
-2.90795e-07
1.55558e-07
-5.51109e-07
8.50261e-07
-8.02671e-07
1.33529e-06
-9.93153e-07
1.79965e-06
-1.00283e-06
2.28751e-06
-8.14946e-07
2.69456e-06
-5.07106e-07
2.90289e-06
-2.19529e-07
2.83168e-06
-6.29251e-08
2.57617e-06
-7.849e-08
2.26501e-06
-2.40475e-07
1.97103e-06
-4.80882e-07
1.73711e-06
-7.23004e-07
1.57982e-06
-8.96077e-07
1.47326e-06
-9.89701e-07
1.33136e-06
-1.06081e-06
1.06632e-06
-1.20442e-06
6.45406e-07
-1.3574e-06
1.49003e-07
-1.3734e-06
-3.26316e-07
-1.34723e-06
-7.61747e-07
-1.50628e-06
-1.1961e-06
-1.92894e-06
-1.48246e-06
-1.56236e-06
-2.43195e-06
-3.34177e-07
4.89718e-07
-6.30327e-07
1.14641e-06
-8.90439e-07
1.59542e-06
-1.07149e-06
1.98074e-06
-1.11774e-06
2.33381e-06
-1.02735e-06
2.60421e-06
-8.53453e-07
2.72904e-06
-6.93745e-07
2.67201e-06
-6.13635e-07
2.49609e-06
-6.32228e-07
2.28363e-06
-7.27769e-07
2.0666e-06
-8.61784e-07
1.87116e-06
-9.8893e-07
1.70699e-06
-1.06962e-06
1.55395e-06
-1.10082e-06
1.36258e-06
-1.1182e-06
1.08372e-06
-1.17185e-06
6.99097e-07
-1.25513e-06
2.32392e-07
-1.33291e-06
-2.48373e-07
-1.42456e-06
-6.69915e-07
-1.63092e-06
-9.89587e-07
-1.96157e-06
-1.15168e-06
-1.1987e-06
-2.32509e-06
-3.57909e-07
8.47611e-07
-6.65434e-07
1.45396e-06
-9.23538e-07
1.85355e-06
-1.10473e-06
2.16196e-06
-1.18417e-06
2.41329e-06
-1.1669e-06
2.58698e-06
-1.09058e-06
2.65276e-06
-1.01952e-06
2.60097e-06
-9.91437e-07
2.46804e-06
-1.00646e-06
2.29867e-06
-1.05651e-06
2.11669e-06
-1.12146e-06
1.93613e-06
-1.17454e-06
1.76009e-06
-1.19578e-06
1.5752e-06
-1.18635e-06
1.35314e-06
-1.1695e-06
1.06685e-06
-1.17662e-06
7.06201e-07
-1.23294e-06
2.88743e-07
-1.33839e-06
-1.42848e-07
-1.48814e-06
-5.20067e-07
-1.704e-06
-7.73643e-07
-1.95947e-06
-8.9615e-07
-9.4518e-07
-2.21297e-06
-3.74627e-07
1.22225e-06
-6.88031e-07
1.76742e-06
-9.42425e-07
2.108e-06
-1.12622e-06
2.34581e-06
-1.2306e-06
2.51773e-06
-1.26355e-06
2.61996e-06
-1.2521e-06
2.64135e-06
-1.2329e-06
2.58181e-06
-1.22747e-06
2.46263e-06
-1.23855e-06
2.30978e-06
-1.26077e-06
2.13892e-06
-1.28311e-06
1.95848e-06
-1.29227e-06
1.76925e-06
-1.27975e-06
1.56266e-06
-1.24972e-06
1.32304e-06
-1.21957e-06
1.03662e-06
-1.21417e-06
7.00696e-07
-1.25557e-06
3.30056e-07
-1.35778e-06
-4.07043e-08
-1.51918e-06
-3.5872e-07
-1.71218e-06
-5.807e-07
-1.90452e-06
-7.03903e-07
-7.62737e-07
-2.08709e-06
-3.90493e-07
1.61278e-06
-7.0801e-07
2.08502e-06
-9.60075e-07
2.36014e-06
-1.14608e-06
2.53188e-06
-1.26633e-06
2.63803e-06
-1.32967e-06
2.68336e-06
-1.35449e-06
2.66621e-06
-1.36264e-06
2.59002e-06
-1.36795e-06
2.46798e-06
-1.37366e-06
2.31553e-06
-1.37766e-06
2.14296e-06
-1.37488e-06
1.95572e-06
-1.35979e-06
1.75417e-06
-1.33063e-06
1.53348e-06
-1.2934e-06
1.28575e-06
-1.26219e-06
1.00531e-06
-1.25585e-06
6.94209e-07
-1.29209e-06
3.66149e-07
-1.38074e-06
4.77853e-08
-1.51403e-06
-2.25585e-07
-1.6684e-06
-4.26498e-07
-1.81913e-06
-5.53364e-07
-6.27177e-07
-1.95491e-06
-4.05357e-07
2.01819e-06
-7.26091e-07
2.40585e-06
-9.76797e-07
2.61092e-06
-1.16374e-06
2.71889e-06
-1.29222e-06
2.76657e-06
-1.37126e-06
2.76247e-06
-1.41416e-06
2.70917e-06
-1.43514e-06
2.61107e-06
-1.44385e-06
2.47677e-06
-1.44406e-06
2.3158e-06
-1.43614e-06
2.1351e-06
-1.41885e-06
1.93848e-06
-1.39125e-06
1.7266e-06
-1.35515e-06
1.49739e-06
-1.31716e-06
1.24774e-06
-1.28858e-06
9.76681e-07
-1.28315e-06
6.88675e-07
-1.31289e-06
3.95752e-07
-1.38274e-06
1.17491e-07
-1.48547e-06
-1.23023e-07
-1.60346e-06
-3.08677e-07
-1.71876e-06
-4.38252e-07
-5.24484e-07
-1.82166e-06
-4.18745e-07
2.43699e-06
-7.40474e-07
2.72765e-06
-9.89389e-07
2.85989e-06
-1.17532e-06
2.90487e-06
-1.30636e-06
2.89767e-06
-1.39168e-06
2.84784e-06
-1.44185e-06
2.75941e-06
-1.46724e-06
2.63653e-06
-1.47543e-06
2.48503e-06
-1.47061e-06
2.31106e-06
-1.45485e-06
2.11941e-06
-1.42932e-06
1.91302e-06
-1.39564e-06
1.69298e-06
-1.35729e-06
1.45909e-06
-1.32059e-06
1.21107e-06
-1.29439e-06
9.50477e-07
-1.2883e-06
6.82565e-07
-1.30992e-06
4.17314e-07
-1.36133e-06
1.68816e-07
-1.43663e-06
-4.78087e-08
-1.52353e-06
-2.21872e-07
-1.60948e-06
-3.52406e-07
-4.47247e-07
-1.68682e-06
-4.28313e-07
2.86535e-06
-7.48697e-07
3.04807e-06
-9.94128e-07
3.10535e-06
-1.17659e-06
3.08736e-06
-1.30606e-06
3.02717e-06
-1.39186e-06
2.93369e-06
-1.4432e-06
2.81081e-06
-1.46851e-06
2.6619e-06
-1.47434e-06
2.49093e-06
-1.46523e-06
2.30202e-06
-1.4443e-06
2.09855e-06
-1.41412e-06
1.88292e-06
-1.37763e-06
1.65656e-06
-1.33889e-06
1.42041e-06
-1.30347e-06
1.17573e-06
-1.27813e-06
9.25196e-07
-1.2695e-06
6.73977e-07
-1.2822e-06
4.30043e-07
-1.31683e-06
2.03461e-07
-1.36888e-06
4.25065e-09
-1.42993e-06
-1.60817e-07
-1.49137e-06
-2.90949e-07
-3.9115e-07
-1.54745e-06
-4.30723e-07
3.2961e-06
-7.4848e-07
3.36585e-06
-9.87504e-07
3.3444e-06
-1.1637e-06
3.26358e-06
-1.2885e-06
3.152e-06
-1.37129e-06
3.01652e-06
-1.4205e-06
2.86007e-06
-1.44354e-06
2.68499e-06
-1.44645e-06
2.49391e-06
-1.4339e-06
2.28954e-06
-1.4096e-06
2.07432e-06
-1.37685e-06
1.85025e-06
-1.33913e-06
1.61892e-06
-1.30047e-06
1.38185e-06
-1.26562e-06
1.14097e-06
-1.23965e-06
8.99333e-07
-1.22711e-06
6.61539e-07
-1.23079e-06
4.33814e-07
-1.25059e-06
2.23356e-07
-1.28315e-06
3.69011e-08
-1.32272e-06
-1.21152e-07
-1.36339e-06
-2.50182e-07
-3.53503e-07
-1.40093e-06
-4.26052e-07
3.72216e-06
-7.37747e-07
3.67755e-06
-9.66305e-07
3.57297e-06
-1.13339e-06
3.43069e-06
-1.25117e-06
3.2698e-06
-1.32886e-06
3.09424e-06
-1.3743e-06
2.90554e-06
-1.39422e-06
2.70496e-06
-1.3943e-06
2.49404e-06
-1.37918e-06
2.27449e-06
-1.35282e-06
2.04803e-06
-1.31878e-06
1.8163e-06
-1.28062e-06
1.58086e-06
-1.24207e-06
1.34341e-06
-1.20709e-06
1.1061e-06
-1.17948e-06
8.71849e-07
-1.16236e-06
6.44557e-07
-1.15743e-06
4.29017e-07
-1.16433e-06
2.30389e-07
-1.18056e-06
5.3271e-08
-1.20217e-06
-9.94104e-08
-1.22502e-06
-2.2719e-07
-3.32332e-07
-1.24606e-06
-4.13387e-07
4.13554e-06
-7.12401e-07
3.97656e-06
-9.27035e-07
3.78761e-06
-1.08293e-06
3.5866e-06
-1.19218e-06
3.37907e-06
-1.26364e-06
3.16572e-06
-1.3046e-06
2.94653e-06
-1.32128e-06
2.72168e-06
-1.31897e-06
2.49177e-06
-1.30216e-06
2.25773e-06
-1.27477e-06
2.0207e-06
-1.24034e-06
1.78195e-06
-1.20226e-06
1.54287e-06
-1.16387e-06
1.30512e-06
-1.12837e-06
1.07072e-06
-1.09868e-06
8.42274e-07
-1.07695e-06
6.22963e-07
-1.06423e-06
4.16433e-07
-1.0601e-06
2.26394e-07
-1.0627e-06
5.60163e-08
-1.06925e-06
-9.2722e-08
-1.07681e-06
-2.19493e-07
-3.25877e-07
-1.08313e-06
-3.88607e-07
4.52415e-06
-6.67708e-07
4.25567e-06
-8.6726e-07
3.98717e-06
-1.01091e-06
3.73026e-06
-1.11078e-06
3.47895e-06
-1.17544e-06
3.2304e-06
-1.21174e-06
2.98284e-06
-1.2254e-06
2.73535e-06
-1.22129e-06
2.48769e-06
-1.20363e-06
2.24011e-06
-1.17612e-06
1.99323e-06
-1.14207e-06
1.74796e-06
-1.10458e-06
1.50545e-06
-1.06654e-06
1.26715e-06
-1.03057e-06
1.03484e-06
-9.98872e-07
8.10678e-07
-9.73003e-07
5.97203e-07
-9.53607e-07
3.97152e-07
-9.40283e-07
2.13189e-07
-9.31655e-07
4.75064e-08
-9.25698e-07
-9.85605e-08
-9.20268e-07
-2.24807e-07
-3.32354e-07
-9.13669e-07
-3.53166e-07
4.87731e-06
-6.06587e-07
4.50909e-06
-7.88595e-07
4.16918e-06
-9.18399e-07
3.86007e-06
-1.00787e-06
3.56843e-06
-1.06524e-06
3.28778e-06
-1.09683e-06
3.01443e-06
-1.10779e-06
2.74633e-06
-1.10252e-06
2.48244e-06
-1.0848e-06
2.22242e-06
-1.05799e-06
1.96645e-06
-1.02507e-06
1.71508e-06
-9.88767e-07
1.4692e-06
-9.5152e-07
1.22996e-06
-9.15458e-07
9.9884e-07
-8.82279e-07
7.77573e-07
-8.53106e-07
5.68113e-07
-8.28354e-07
3.72491e-07
-8.07673e-07
1.92602e-07
-7.9002e-07
2.99491e-08
-7.7389e-07
-1.14593e-07
-7.57667e-07
-2.40932e-07
-3.49889e-07
-7.40025e-07
-3.12421e-07
5.18974e-06
-5.35489e-07
4.73216e-06
-6.9512e-07
4.32881e-06
-8.08151e-07
3.9731e-06
-8.85621e-07
3.64591e-06
-9.35009e-07
3.33717e-06
-9.61807e-07
3.04124e-06
-9.70419e-07
2.75495e-06
-9.6458e-07
2.47661e-06
-9.47556e-07
2.20541e-06
-9.22239e-07
1.94115e-06
-8.91215e-07
1.68408e-06
-8.56789e-07
1.43481e-06
-8.20986e-07
1.1942e-06
-7.85509e-07
9.63412e-07
-7.51667e-07
7.43787e-07
-7.20284e-07
5.36795e-07
-6.91632e-07
3.43912e-07
-6.65415e-07
1.66463e-07
-6.40831e-07
5.44539e-09
-6.16733e-07
-1.38608e-07
-5.91861e-07
-2.65719e-07
-3.76526e-07
-5.65129e-07
-2.68923e-07
5.45866e-06
-4.57497e-07
4.92073e-06
-5.90092e-07
4.4614e-06
-6.82956e-07
4.06596e-06
-7.4662e-07
3.70957e-06
-7.87336e-07
3.37789e-06
-8.09316e-07
3.06322e-06
-8.15929e-07
2.76157e-06
-8.1011e-07
2.47081e-06
-7.94496e-07
2.18981e-06
-7.71457e-07
1.91813e-06
-7.43117e-07
1.65577e-06
-7.11357e-07
1.40308e-06
-6.77801e-07
1.16068e-06
-6.43784e-07
9.29437e-07
-6.10301e-07
7.10353e-07
-5.77959e-07
5.04508e-07
-5.46933e-07
3.12952e-07
-5.16978e-07
1.36577e-07
-4.87468e-07
-2.39941e-08
-4.57508e-07
-1.68496e-07
-4.26087e-07
-2.97066e-07
-4.10256e-07
-3.92274e-07
-2.24225e-07
5.68289e-06
-3.74783e-07
5.07128e-06
-4.758e-07
4.56241e-06
-5.45161e-07
4.13532e-06
-5.93509e-07
3.75791e-06
-6.25178e-07
3.40956e-06
-6.425e-07
3.08055e-06
-6.47543e-07
2.76663e-06
-6.42342e-07
2.46562e-06
-6.28844e-07
2.17633e-06
-6.08858e-07
1.89817e-06
-5.84021e-07
1.63096e-06
-5.55783e-07
1.37487e-06
-5.25382e-07
1.13032e-06
-4.93823e-07
8.97917e-07
-4.6184e-07
6.78414e-07
-4.29867e-07
4.72585e-07
-3.98013e-07
2.81155e-07
-3.66074e-07
1.04698e-07
-3.33558e-07
-5.64496e-08
-2.99754e-07
-2.0224e-07
-2.63831e-07
-3.32929e-07
-4.49057e-07
-2.24963e-07
-1.79508e-07
5.86239e-06
-2.88971e-07
5.18073e-06
-3.5372e-07
4.62715e-06
-3.96622e-07
4.17821e-06
-4.2898e-07
3.79027e-06
-4.51843e-07
3.43241e-06
-4.64936e-07
3.09364e-06
-4.68928e-07
2.77062e-06
-4.64954e-07
2.46165e-06
-4.54274e-07
2.16566e-06
-4.3812e-07
1.88204e-06
-4.1763e-07
1.6105e-06
-3.93815e-07
1.35108e-06
-3.67542e-07
1.10407e-06
-3.39507e-07
8.69916e-07
-3.10216e-07
6.49161e-07
-2.7996e-07
4.42371e-07
-2.48798e-07
2.50041e-07
-2.16561e-07
7.25098e-08
-1.82864e-07
-9.00996e-08
-1.47138e-07
-2.37921e-07
-1.08691e-07
-3.71332e-07
-4.90927e-07
-6.67754e-08
-1.33012e-07
5.99539e-06
-1.99358e-07
5.24706e-06
-2.23803e-07
4.65158e-06
-2.38603e-07
4.193e-06
-2.56399e-07
3.80805e-06
-2.71198e-07
3.44721e-06
-2.8058e-07
3.10302e-06
-2.84025e-07
2.77407e-06
-2.81871e-07
2.4595e-06
-2.7471e-07
2.15851e-06
-2.63185e-07
1.87052e-06
-2.47915e-07
1.59524e-06
-2.29464e-07
1.33265e-06
-2.08326e-07
1.08296e-06
-1.84909e-07
8.46523e-07
-1.59507e-07
6.23786e-07
-1.32289e-07
4.15183e-07
-1.03275e-07
2.21061e-07
-7.23319e-08
4.16016e-08
-3.91679e-08
-1.23232e-07
-3.3338e-09
-2.73725e-07
3.57512e-08
-4.1039e-07
-5.33914e-07
7.87667e-08
-6.92561e-08
6.06464e-06
-8.94879e-08
5.26727e-06
-8.36243e-08
4.6457e-06
-7.73771e-08
4.18674e-06
-8.06049e-08
3.81127e-06
-8.76725e-08
3.45426e-06
-9.34814e-08
3.10882e-06
-9.67346e-08
2.77731e-06
-9.69854e-08
2.45975e-06
-9.40958e-08
2.15562e-06
-8.80586e-08
1.86449e-06
-7.89345e-08
1.58613e-06
-6.68254e-08
1.32056e-06
-5.18544e-08
1.068e-06
-3.41449e-08
8.28829e-07
-1.37992e-08
6.03457e-07
9.12342e-09
3.92279e-07
3.463e-08
1.95575e-07
6.28095e-08
1.34438e-08
9.38616e-08
-1.54264e-07
1.28124e-07
-3.0797e-07
1.66079e-07
-4.48329e-07
-5.76165e-07
2.08345e-07
2.44211e-08
6.04021e-06
4.56338e-08
5.24605e-06
6.96387e-08
4.62169e-06
8.70842e-08
4.16928e-06
9.54129e-08
3.80293e-06
9.59319e-08
3.45373e-06
9.33972e-08
3.11134e-06
8.97087e-08
2.78099e-06
8.61969e-08
2.46325e-06
8.38447e-08
2.15797e-06
8.33808e-08
1.86496e-06
8.53341e-08
1.58418e-06
9.00723e-08
1.31582e-06
9.78365e-08
1.06025e-06
1.08772e-07
8.17902e-07
1.22956e-07
5.89282e-07
1.40423e-07
3.74823e-07
1.61189e-07
1.74823e-07
1.85287e-07
-1.06408e-08
2.12811e-07
-1.81776e-07
2.43983e-07
-3.39131e-07
2.79188e-07
-4.83523e-07
-6.1596e-07
3.18993e-07
1.33974e-07
5.90623e-06
1.94468e-07
5.18553e-06
2.35566e-07
4.58057e-06
2.59635e-07
4.1452e-06
2.73716e-07
3.78883e-06
2.79901e-07
3.44754e-06
2.78838e-07
3.11239e-06
2.73024e-07
2.7868e-06
2.64701e-07
2.47157e-06
2.55708e-07
2.16696e-06
2.47483e-07
1.87318e-06
2.41116e-07
1.59055e-06
2.37409e-07
1.31953e-06
2.36935e-07
1.06072e-06
2.40083e-07
8.14761e-07
2.47087e-07
5.82285e-07
2.58061e-07
3.63858e-07
2.73014e-07
1.5988e-07
2.91896e-07
-2.95112e-08
3.14672e-07
-2.04541e-07
3.41423e-07
-3.6587e-07
3.72438e-07
-5.14526e-07
-6.5175e-07
4.08241e-07
2.41315e-07
5.6649e-06
3.539e-07
5.07293e-06
4.10264e-07
4.52419e-06
4.39867e-07
4.11558e-06
4.58226e-07
3.77046e-06
4.65591e-07
3.44016e-06
4.62228e-07
3.11575e-06
4.5127e-07
2.79775e-06
4.35774e-07
2.48706e-06
4.1829e-07
2.18444e-06
4.00825e-07
1.89064e-06
3.8491e-07
1.60646e-06
3.71689e-07
1.33276e-06
3.62e-07
1.07042e-06
3.56433e-07
8.20337e-07
3.5536e-07
5.83367e-07
3.58957e-07
3.60271e-07
3.67213e-07
1.51637e-07
3.79963e-07
-4.22476e-08
3.9699e-07
-2.21554e-07
4.18204e-07
-3.87068e-07
4.43791e-07
-5.40097e-07
-6.82193e-07
4.74252e-07
3.40327e-07
5.32456e-06
5.10929e-07
4.90229e-06
5.91913e-07
4.44318e-06
6.31086e-07
4.07638e-06
6.50122e-07
3.7514e-06
6.52591e-07
3.43767e-06
6.41821e-07
3.1265e-06
6.21858e-07
2.8177e-06
5.96379e-07
2.51253e-06
5.68375e-07
2.21244e-06
5.40173e-07
1.91884e-06
5.13553e-07
1.63309e-06
4.89862e-07
1.35646e-06
4.70112e-07
1.09018e-06
4.55041e-07
8.35419e-07
4.45142e-07
5.93279e-07
4.40654e-07
3.64774e-07
4.41539e-07
1.50769e-07
4.47481e-07
-4.81713e-08
4.58003e-07
-2.32057e-07
4.72785e-07
-4.01829e-07
4.91917e-07
-5.59208e-07
-7.06165e-07
5.15913e-07
4.44253e-07
4.88029e-06
6.72931e-07
4.67358e-06
7.84402e-07
4.33168e-06
8.32031e-07
4.02872e-06
8.45244e-07
3.73816e-06
8.36776e-07
3.44612e-06
8.13586e-07
3.14968e-06
7.80932e-07
2.85034e-06
7.42911e-07
2.55055e-06
7.0265e-07
2.2527e-06
6.62524e-07
1.95897e-06
6.2434e-07
1.67128e-06
5.8949e-07
1.39132e-06
5.59057e-07
1.12062e-06
5.33883e-07
8.60607e-07
5.14577e-07
6.12601e-07
5.01471e-07
3.77899e-07
4.94525e-07
1.57735e-07
4.93234e-07
-4.68596e-08
4.96739e-07
-2.3554e-07
5.04402e-07
-4.09468e-07
5.16248e-07
-5.7103e-07
-7.22773e-07
5.32881e-07
5.76058e-07
4.30421e-06
8.63206e-07
4.38638e-06
9.92155e-07
4.20269e-06
1.03645e-06
3.9844e-06
1.03631e-06
3.73827e-06
1.01131e-06
3.4711e-06
9.7166e-07
3.18931e-06
9.2362e-07
2.89837e-06
8.71383e-07
2.60277e-06
8.17896e-07
2.30618e-06
7.65305e-07
2.01156e-06
7.1523e-07
1.72136e-06
6.68954e-07
1.4376e-06
6.27537e-07
1.16205e-06
5.91886e-07
8.96273e-07
5.62748e-07
6.41756e-07
5.40628e-07
4.00039e-07
5.25567e-07
1.72816e-07
5.16862e-07
-3.81323e-08
5.13052e-07
-2.31706e-07
5.13053e-07
-4.09445e-07
5.1694e-07
-5.74893e-07
-7.31353e-07
5.25545e-07
7.52888e-07
3.5513e-06
1.09164e-06
4.04758e-06
1.21508e-06
4.07922e-06
1.23856e-06
3.96088e-06
1.2151e-06
3.7617e-06
1.16824e-06
3.51793e-06
1.10938e-06
3.24814e-06
1.04472e-06
2.96301e-06
9.7793e-07
2.66955e-06
9.11377e-07
2.37273e-06
8.46698e-07
2.07624e-06
7.85133e-07
1.78292e-06
7.27717e-07
1.49502e-06
6.75403e-07
1.21438e-06
6.29131e-07
9.42558e-07
5.89837e-07
6.81067e-07
5.58327e-07
4.31567e-07
5.34925e-07
1.96237e-07
5.18807e-07
-2.19932e-08
5.07512e-07
-2.2039e-07
4.99343e-07
-4.01255e-07
4.9471e-07
-5.70238e-07
-7.31517e-07
4.94895e-07
9.85119e-07
2.56615e-06
1.35717e-06
3.67548e-06
1.44288e-06
3.99347e-06
1.42619e-06
3.97754e-06
1.37038e-06
3.81747e-06
1.29835e-06
3.58994e-06
1.2198e-06
3.32667e-06
1.13937e-06
3.04343e-06
1.05943e-06
2.74948e-06
9.81357e-07
2.4508e-06
9.06042e-07
2.15155e-06
8.34213e-07
1.85475e-06
7.66564e-07
1.56268e-06
7.03865e-07
1.27708e-06
6.47045e-07
9.99389e-07
5.97249e-07
7.30876e-07
5.55768e-07
4.73063e-07
5.23549e-07
2.28474e-07
5.00031e-07
1.54148e-09
4.81029e-07
-2.01369e-07
4.6408e-07
-3.84289e-07
4.50503e-07
-5.56644e-07
-7.23315e-07
4.42317e-07
1.28582e-06
1.2803e-06
1.64376e-06
3.3175e-06
1.65164e-06
3.98555e-06
1.57946e-06
4.0497e-06
1.48769e-06
3.90921e-06
1.39178e-06
3.68583e-06
1.29669e-06
3.42174e-06
1.20404e-06
3.13607e-06
1.11431e-06
2.83919e-06
1.02766e-06
2.53744e-06
9.44199e-07
2.235e-06
8.6413e-07
1.93482e-06
7.8777e-07
1.63904e-06
7.15633e-07
1.34923e-06
6.48529e-07
1.0665e-06
5.87726e-07
7.91688e-07
5.3511e-07
5.2569e-07
4.9287e-07
2.70725e-07
4.61327e-07
3.30975e-08
4.341e-07
-1.7413e-07
4.07593e-07
-3.57769e-07
3.85067e-07
-5.34106e-07
-7.07644e-07
3.69406e-07
1.51131e-06
-2.31039e-07
1.87272e-06
2.95606e-06
1.79617e-06
4.06207e-06
1.67183e-06
4.17402e-06
1.55187e-06
4.02915e-06
1.44062e-06
3.79706e-06
1.33663e-06
3.52571e-06
1.23803e-06
3.23465e-06
1.1435e-06
2.93371e-06
1.05225e-06
2.62869e-06
9.63856e-07
2.3234e-06
8.78135e-07
2.02054e-06
7.9509e-07
1.72209e-06
7.14898e-07
1.42942e-06
6.38022e-07
1.14338e-06
5.65491e-07
8.64224e-07
4.99506e-07
5.91681e-07
4.44087e-07
3.26152e-07
4.02877e-07
7.43153e-08
3.65861e-07
-1.37105e-07
3.28971e-07
-3.20871e-07
2.98741e-07
-5.03868e-07
-6.87022e-07
2.78125e-07
1.51532e-06
-1.74638e-06
2.05985e-06
2.41151e-06
1.87147e-06
4.25043e-06
1.69341e-06
4.35205e-06
1.55933e-06
4.16322e-06
1.44654e-06
3.90984e-06
1.34387e-06
3.62837e-06
1.24648e-06
3.33204e-06
1.15226e-06
3.02792e-06
1.06027e-06
2.72068e-06
9.70036e-07
2.41363e-06
8.813e-07
2.10927e-06
7.93851e-07
1.80953e-06
7.07459e-07
1.51581e-06
6.21921e-07
1.22892e-06
5.37329e-07
9.48819e-07
4.54902e-07
6.74111e-07
3.79503e-07
4.01554e-07
3.22126e-07
1.31697e-07
2.71912e-07
-8.68865e-08
2.24891e-07
-2.73845e-07
1.91966e-07
-4.70941e-07
-6.66981e-07
1.71927e-07
8.72812e-07
1.68892e-06
1.73045e-06
1.63079e-06
1.5287e-06
1.43166e-06
1.33729e-06
1.24436e-06
1.15241e-06
1.06127e-06
9.70845e-07
8.80971e-07
7.91329e-07
7.0131e-07
6.09956e-07
5.16008e-07
4.17653e-07
3.12226e-07
2.08546e-07
1.30775e-07
8.90968e-08
6.79737e-08
5.72303e-08
-8.17943e-07
-6.13456e-07
-2.60411e-07
-5.57539e-07
2.98022e-07
-5.58443e-07
-6.22497e-07
9.20506e-07
-5.66432e-07
-9.32845e-07
-2.20626e-07
-9.03336e-07
1.23683e-07
-9.02748e-07
-9.32799e-07
4.33985e-07
-5.09206e-07
-1.21649e-06
-1.70089e-07
-1.24243e-06
1.65433e-07
-1.23826e-06
-1.20557e-06
4.38212e-07
-5.68275e-07
-1.53592e-06
8.04134e-08
-1.89116e-06
5.40378e-07
-1.69837e-06
-1.42706e-06
7.6171e-07
-8.74873e-07
-2.34217e-06
1.93969e-07
-2.9599e-06
6.13061e-07
-2.11746e-06
-1.3393e-06
5.25239e-07
-2.96226e-06
-2.48201e-06
-3.80419e-06
-2.11807e-06
-4.73221e-06
-1.1895e-06
-1.10657e-06
-4.96483e-06
-3.65632e-06
-1.61598e-06
-4.977e-06
-7.97501e-07
-5.54999e-06
-6.16581e-07
-1.39702e-06
-5.25946e-06
-2.69474e-06
-1.33383e-06
-2.75924e-06
-7.32839e-07
-2.71862e-06
-6.57019e-07
-1.17232e-06
-2.9432e-06
-2.78101e-06
-1.22494e-06
-2.57546e-06
-9.38476e-07
-2.33165e-06
-9.00864e-07
-1.0965e-06
-2.40744e-06
-2.82844e-06
-1.07288e-06
-2.81385e-06
-9.52917e-07
-2.78855e-06
-9.2606e-07
-9.97759e-07
-2.88724e-06
-2.7388e-06
-8.85666e-07
-2.85668e-06
-8.3483e-07
-2.96421e-06
-8.18339e-07
-8.41795e-07
-3.12005e-06
-2.61547e-06
-7.01975e-07
-2.77071e-06
-6.79456e-07
-2.91889e-06
-6.70016e-07
-6.77594e-07
-3.083e-06
-2.47439e-06
-5.52597e-07
-2.61058e-06
-5.43228e-07
-2.7408e-06
-5.39761e-07
-5.45087e-07
-2.87329e-06
-2.32107e-06
-4.44551e-07
-2.421e-06
-4.43348e-07
-2.5148e-06
-4.46009e-07
-4.5466e-07
-2.60528e-06
-2.1639e-06
-3.67902e-07
-2.23432e-06
-3.7305e-07
-2.29913e-06
-3.81302e-07
-3.94237e-07
-2.35965e-06
-2.01142e-06
-3.11587e-07
-2.06294e-06
-3.21663e-07
-2.11025e-06
-3.34105e-07
-3.50062e-07
-2.15452e-06
-1.86448e-06
-2.68903e-07
-1.90379e-06
-2.82448e-07
-1.94039e-06
-2.97591e-07
-3.15108e-07
-1.97541e-06
-1.7193e-06
-2.36466e-07
-1.7495e-06
-2.52281e-07
-1.77812e-06
-2.69006e-07
-2.87151e-07
-1.80609e-06
-1.57122e-06
-2.12654e-07
-1.59357e-06
-2.29903e-07
-1.61504e-06
-2.47519e-07
-2.65848e-07
-1.63633e-06
-1.41688e-06
-1.96603e-07
-1.43198e-06
-2.14754e-07
-1.44656e-06
-2.32888e-07
-2.51251e-07
-1.46112e-06
-1.25484e-06
-1.8771e-07
-1.26306e-06
-2.0646e-07
-1.27093e-06
-2.24952e-07
-2.43366e-07
-1.27877e-06
-1.08532e-06
-1.85413e-07
-1.08708e-06
-2.04624e-07
-1.08853e-06
-2.23444e-07
-2.42009e-07
-1.08983e-06
-9.09892e-07
-1.89091e-07
-9.05709e-07
-2.08737e-07
-9.01155e-07
-2.27932e-07
-2.46782e-07
-8.96325e-07
-7.30999e-07
-1.98027e-07
-7.21512e-07
-2.18158e-07
-7.11563e-07
-2.37818e-07
-2.57093e-07
-7.01198e-07
-5.51666e-07
-2.1141e-07
-5.37643e-07
-2.32122e-07
-5.23048e-07
-2.52358e-07
-2.7219e-07
-5.07903e-07
-3.75264e-07
-2.28354e-07
-3.57574e-07
-2.49762e-07
-3.39196e-07
-2.70691e-07
-2.91201e-07
-3.20146e-07
-2.05349e-07
-2.47918e-07
-1.8493e-07
-2.70145e-07
-1.63707e-07
-2.91882e-07
-3.13182e-07
-1.417e-07
-4.55194e-08
-2.69142e-07
-2.33393e-08
-2.92302e-07
-2.46707e-10
-3.14954e-07
-3.37149e-07
2.3737e-08
1.00716e-07
-2.91074e-07
1.23694e-07
-3.15267e-07
1.47684e-07
-3.38933e-07
-3.62119e-07
1.72664e-07
2.30079e-07
-3.12797e-07
2.52928e-07
-3.38109e-07
2.76876e-07
-3.62874e-07
-3.87141e-07
3.01905e-07
3.39665e-07
-3.3346e-07
3.6152e-07
-3.59958e-07
3.84549e-07
-3.85898e-07
-4.11327e-07
4.08742e-07
4.27089e-07
-3.52295e-07
4.4717e-07
-3.80031e-07
4.68488e-07
-4.07208e-07
-4.33873e-07
4.91043e-07
4.90611e-07
-3.68638e-07
5.08241e-07
-3.9765e-07
5.2716e-07
-4.26116e-07
-4.54086e-07
5.47383e-07
5.29233e-07
-3.81939e-07
5.43851e-07
-4.12255e-07
5.59805e-07
-4.42058e-07
-4.71396e-07
5.77127e-07
5.42733e-07
-3.9177e-07
5.53911e-07
-4.2342e-07
5.66475e-07
-4.54608e-07
-4.8538e-07
5.8047e-07
5.31637e-07
-3.97844e-07
5.39102e-07
-4.30872e-07
5.48014e-07
-4.63508e-07
-4.95788e-07
5.58431e-07
4.97112e-07
-4.00046e-07
5.00787e-07
-4.34536e-07
5.05998e-07
-4.6871e-07
-5.02585e-07
5.12803e-07
4.40809e-07
-3.98528e-07
4.40904e-07
-4.34623e-07
4.42657e-07
-4.70456e-07
-5.06022e-07
4.461e-07
3.64775e-07
-3.93891e-07
3.61938e-07
-4.31782e-07
3.60887e-07
-4.694e-07
-5.06721e-07
3.61589e-07
2.71671e-07
-3.87434e-07
2.67167e-07
-4.27275e-07
2.64481e-07
-4.66711e-07
-5.05715e-07
2.63477e-07
1.65726e-07
-3.81233e-07
1.6138e-07
-4.22929e-07
1.58618e-07
-4.63947e-07
-5.04311e-07
1.57215e-07
5.42407e-08
5.22277e-08
5.09732e-08
5.03181e-08
7.37996e-07
-2.29934e-06
7.41712e-07
-2.29402e-06
8.25532e-07
-2.09838e-06
9.18525e-07
-1.77862e-06
1.02816e-06
-1.35929e-06
1.1212e-06
-8.64549e-07
1.11008e-06
-4.88321e-07
9.02106e-07
-2.60885e-07
5.15438e-07
-1.11773e-07
2.49244e-07
6.32692e-08
6.75436e-07
5.94097e-07
1.62366e-06
1.0655e-06
2.36435e-06
1.03016e-06
1.74092e-06
4.23517e-07
2.53111e-09
-2.12141e-07
-1.80064e-06
-2.30195e-07
-2.04406e-06
1.60973e-06
-1.77242e-06
3.54234e-06
4.5894e-06
5.60773e-07
-2.42612e-06
5.58834e-07
-2.29207e-06
5.18049e-07
-2.05758e-06
4.97709e-07
-1.75828e-06
5.37518e-07
-1.3991e-06
6.7644e-07
-1.00347e-06
8.53222e-07
-6.65102e-07
9.39796e-07
-3.4746e-07
8.89063e-07
-6.10403e-08
8.09366e-07
1.42963e-07
9.81992e-07
4.21465e-07
1.33e-06
7.17487e-07
1.39982e-06
9.60324e-07
6.15785e-07
1.20754e-06
-1.00848e-06
1.41211e-06
-2.79969e-06
1.56102e-06
-3.20594e-06
2.01597e-06
-2.19181e-06
2.52822e-06
2.39758e-06
5.65415e-07
-2.5533e-06
4.92103e-07
-2.21874e-06
3.27259e-07
-1.89272e-06
1.82648e-07
-1.61364e-06
1.99849e-07
-1.41628e-06
4.12979e-07
-1.21659e-06
7.18602e-07
-9.70715e-07
1.05112e-06
-6.79968e-07
1.34049e-06
-3.50414e-07
1.42202e-06
6.14385e-08
1.41081e-06
4.32666e-07
1.36605e-06
7.62235e-07
1.07528e-06
1.25107e-06
3.53122e-07
1.92968e-06
-8.18653e-07
2.58387e-06
-2.06194e-06
2.80429e-06
-2.1882e-06
2.14222e-06
-1.03573e-06
1.37575e-06
1.36185e-06
3.12354e-07
-2.10404e-06
1.79099e-07
-2.08552e-06
4.99301e-08
-1.7635e-06
-5.47754e-07
-1.0159e-06
-4.49393e-07
-1.51461e-06
3.95939e-07
-2.0619e-06
5.59566e-07
-1.13434e-06
8.36021e-07
-9.56437e-07
1.12202e-06
-6.36413e-07
1.21111e-06
-2.7647e-08
1.1301e-06
5.13701e-07
1.06792e-06
8.24441e-07
6.50423e-07
1.66861e-06
-1.54689e-07
2.73483e-06
-8.84272e-07
3.31349e-06
-1.02596e-06
2.94601e-06
-3.63205e-07
1.47949e-06
9.34676e-08
9.19084e-07
1.45531e-06
-1.06637e-06
-5.12375e-07
-1.34064e-06
-1.81106e-06
-2.20807e-06
-8.96069e-07
-4.71116e-06
1.48715e-06
-3.92625e-06
-2.29958e-06
-1.19675e-06
-4.79143e-06
-5.00159e-08
-2.2811e-06
6.42564e-07
-1.64899e-06
1.28884e-06
-1.28266e-06
1.76787e-06
-5.06655e-07
2.22365e-06
5.79143e-08
2.87284e-06
1.75242e-07
2.9592e-06
1.58224e-06
2.93001e-06
2.76401e-06
4.15019e-06
2.09328e-06
5.99135e-06
1.10483e-06
7.17272e-06
2.98108e-07
6.64349e-06
1.44831e-06
8.09882e-06
-3.42777e-06
-2.04923e-06
-2.14034e-06
-3.09837e-06
-1.06788e-06
-1.96853e-06
6.17184e-07
-1.9792e-07
1.20155e-06
-2.88395e-06
-3.81752e-07
-3.20815e-06
-4.01951e-07
-2.26092e-06
-1.22413e-07
-1.92852e-06
1.50045e-07
-1.5551e-06
7.7499e-07
-1.13157e-06
1.46247e-06
-6.29541e-07
1.83574e-06
-1.9801e-07
2.4749e-06
9.43088e-07
3.29401e-06
1.9449e-06
4.25797e-06
1.12933e-06
4.4484e-06
9.14404e-07
1.91439e-06
2.83212e-06
7.0366e-07
2.65907e-06
8.8025e-06
-2.98024e-06
-4.32837e-06
-2.27266e-06
-3.80595e-06
-1.13709e-06
-3.10407e-06
1.90491e-06
-3.23986e-06
2.45023e-06
-3.42922e-06
4.18808e-07
-1.17669e-06
-1.14386e-06
-6.98248e-07
-1.59022e-06
-1.48218e-06
-1.43293e-06
-1.71242e-06
-8.49198e-07
-1.71535e-06
-1.86508e-07
-1.29228e-06
1.38509e-07
-5.23089e-07
1.06495e-06
1.65867e-08
2.36387e-06
6.45957e-07
2.27023e-06
1.22297e-06
4.15467e-07
2.76919e-06
-2.60646e-06
5.85407e-06
-4.85903e-06
4.9117e-06
3.94349e-06
-2.76663e-06
-4.505e-06
-2.74267e-06
-3.83001e-06
-2.33332e-06
-3.51344e-06
-1.35467e-06
-4.2185e-06
-2.14961e-06
-2.63422e-06
-2.91955e-06
-4.06645e-07
-3.62591e-06
8.18533e-09
-4.07233e-06
-1.03571e-06
-3.66182e-06
-2.12292e-06
-2.76333e-06
-2.61383e-06
-1.64878e-06
-2.40685e-06
-3.44181e-07
-1.8277e-06
4.29801e-07
-7.57414e-07
9.12397e-07
1.63351e-07
7.5247e-07
1.38291e-06
2.59612e-07
3.26208e-06
1.42914e-07
5.97078e-06
-2.55694e-07
5.31036e-06
3.68781e-06
-3.3817e-06
-3.5308e-06
-3.69846e-06
-3.51319e-06
-3.741e-06
-3.47083e-06
-4.47721e-06
-3.48223e-06
-5.00237e-06
-2.10899e-06
-5.1443e-06
-2.64642e-07
-5.22121e-06
8.51507e-08
-5.09591e-06
-1.16096e-06
-4.4069e-06
-2.81189e-06
-3.67332e-06
-3.34739e-06
-2.79466e-06
-3.28551e-06
-1.70947e-06
-2.91291e-06
-9.97077e-07
-1.46983e-06
-4.96348e-07
-3.37398e-07
-1.63689e-07
1.05026e-06
3.03249e-07
2.79516e-06
1.33831e-06
4.93572e-06
1.36235e-06
5.28635e-06
5.05017e-06
-3.63724e-06
-2.78075e-06
-4.23066e-06
-2.91963e-06
-4.68305e-06
-3.01828e-06
-5.2778e-06
-2.88736e-06
-5.64445e-06
-1.74227e-06
-5.57371e-06
-3.35362e-07
-5.3499e-06
-1.38651e-07
-4.80734e-06
-1.70352e-06
-4.33717e-06
-3.28206e-06
-4.19229e-06
-3.49229e-06
-4.02129e-06
-3.45653e-06
-3.63636e-06
-3.29786e-06
-2.83059e-06
-2.27561e-06
-2.06319e-06
-1.10483e-06
-1.35422e-06
3.41284e-07
-3.71151e-07
1.81211e-06
9.06354e-07
3.65822e-06
1.22791e-06
4.96482e-06
6.2781e-06
-3.7376e-06
-2.16306e-06
-4.33649e-06
-2.32061e-06
-4.78216e-06
-2.57251e-06
-5.14256e-06
-2.52688e-06
-5.2241e-06
-1.66069e-06
-5.00509e-06
-5.54348e-07
-4.61494e-06
-5.28807e-07
-4.18493e-06
-2.13355e-06
-4.30069e-06
-3.16633e-06
-4.75339e-06
-3.0396e-06
-4.9866e-06
-3.22334e-06
-4.83485e-06
-3.44964e-06
-4.26849e-06
-2.84199e-06
-3.75874e-06
-1.61459e-06
-3.14396e-06
-2.7351e-07
-2.18476e-06
8.52933e-07
-8.83788e-07
2.35726e-06
-1.35358e-07
4.21642e-06
6.14275e-06
-3.57352e-06
-1.67243e-06
-4.06326e-06
-1.83081e-06
-4.39283e-06
-2.24291e-06
-4.61251e-06
-2.30719e-06
-4.5517e-06
-1.72148e-06
-4.19795e-06
-9.08114e-07
-3.78372e-06
-9.43062e-07
-3.88358e-06
-2.03372e-06
-4.43377e-06
-2.61617e-06
-4.99308e-06
-2.48033e-06
-5.16115e-06
-3.05532e-06
-5.10582e-06
-3.50498e-06
-5.09833e-06
-2.84948e-06
-5.17246e-06
-1.54046e-06
-5.08175e-06
-3.64217e-07
-4.76142e-06
5.32618e-07
-3.95773e-06
1.5536e-06
-2.47043e-06
2.72914e-06
3.67234e-06
-3.21142e-06
-1.33428e-06
-3.53722e-06
-1.50503e-06
-3.83793e-06
-1.94223e-06
-4.02297e-06
-2.12218e-06
-3.97416e-06
-1.77033e-06
-3.69332e-06
-1.18899e-06
-3.46705e-06
-1.16938e-06
-3.78398e-06
-1.71684e-06
-4.31056e-06
-2.08965e-06
-4.59968e-06
-2.19126e-06
-4.87045e-06
-2.78458e-06
-5.26475e-06
-3.1107e-06
-5.63018e-06
-2.48407e-06
-5.93798e-06
-1.23265e-06
-6.19338e-06
-1.08816e-07
-6.39945e-06
7.38713e-07
-6.00458e-06
1.15876e-06
-3.90111e-06
6.25696e-07
-2.28762e-07
-2.81036e-06
-1.12925e-06
-3.00329e-06
-1.31217e-06
-3.28687e-06
-1.65871e-06
-3.52106e-06
-1.88804e-06
-3.58892e-06
-1.70252e-06
-3.49209e-06
-1.28588e-06
-3.42774e-06
-1.23379e-06
-3.62701e-06
-1.51764e-06
-3.94223e-06
-1.77449e-06
-4.1617e-06
-1.97184e-06
-4.58873e-06
-2.35759e-06
-5.19789e-06
-2.50156e-06
-5.69702e-06
-1.98494e-06
-5.91444e-06
-1.01522e-06
-5.98892e-06
-3.43247e-08
-5.92028e-06
6.70093e-07
-5.20975e-06
4.48254e-07
-3.31329e-06
-1.27073e-06
-3.54204e-06
-2.48979e-06
-9.99195e-07
-2.62617e-06
-1.17589e-06
-2.84873e-06
-1.43621e-06
-3.12752e-06
-1.60931e-06
-3.30393e-06
-1.52616e-06
-3.29144e-06
-1.29843e-06
-3.28541e-06
-1.23987e-06
-3.42099e-06
-1.38212e-06
-3.63555e-06
-1.55997e-06
-3.87081e-06
-1.73661e-06
-4.2624e-06
-1.96601e-06
-4.76121e-06
-2.00276e-06
-5.12003e-06
-1.62611e-06
-5.18332e-06
-9.51908e-07
-4.93783e-06
-2.79792e-07
-4.33193e-06
6.4215e-08
-3.34513e-06
-5.38516e-07
-2.0493e-06
-2.56653e-06
-5.59132e-06
-2.25279e-06
-9.0101e-07
-2.37257e-06
-1.05619e-06
-2.56021e-06
-1.24864e-06
-2.79192e-06
-1.37766e-06
-2.96448e-06
-1.35366e-06
-3.02361e-06
-1.23935e-06
-3.0624e-06
-1.20113e-06
-3.16852e-06
-1.27603e-06
-3.33161e-06
-1.39689e-06
-3.53712e-06
-1.53111e-06
-3.83422e-06
-1.66891e-06
-4.16222e-06
-1.67476e-06
-4.34343e-06
-1.44488e-06
-4.23189e-06
-1.06343e-06
-3.76256e-06
-7.49088e-07
-2.9094e-06
-7.88917e-07
-1.85205e-06
-1.59584e-06
-8.98843e-07
-3.5197e-06
-6.49015e-06
-2.05746e-06
-8.1902e-07
-2.16193e-06
-9.51787e-07
-2.31343e-06
-1.0972e-06
-2.49348e-06
-1.19765e-06
-2.6409e-06
-1.20629e-06
-2.72205e-06
-1.15823e-06
-2.78214e-06
-1.14106e-06
-2.87094e-06
-1.18723e-06
-2.99474e-06
-1.2731e-06
-3.15054e-06
-1.37529e-06
-3.34759e-06
-1.47185e-06
-3.52853e-06
-1.4938e-06
-3.57011e-06
-1.40327e-06
-3.36151e-06
-1.272e-06
-2.84701e-06
-1.26356e-06
-2.03998e-06
-1.59591e-06
-1.10133e-06
-2.53446e-06
-3.19881e-07
-4.30112e-06
-6.81001e-06
-1.87385e-06
-7.513e-07
-1.95955e-06
-8.66114e-07
-2.07678e-06
-9.8e-07
-2.2124e-06
-1.06205e-06
-2.32943e-06
-1.08927e-06
-2.40758e-06
-1.08009e-06
-2.46804e-06
-1.08059e-06
-2.53868e-06
-1.11657e-06
-2.627e-06
-1.18475e-06
-2.73175e-06
-1.27052e-06
-2.84619e-06
-1.35737e-06
-2.92478e-06
-1.41518e-06
-2.88651e-06
-1.44151e-06
-2.65818e-06
-1.5003e-06
-2.20679e-06
-1.71492e-06
-1.5579e-06
-2.24477e-06
-8.303e-07
-3.26203e-06
-2.28637e-07
-4.90276e-06
-7.03864e-06
-1.68877e-06
-6.98864e-07
-1.754e-06
-8.00868e-07
-1.83918e-06
-8.94824e-07
-1.93568e-06
-9.65541e-07
-2.02222e-06
-1.00271e-06
-2.08623e-06
-1.01607e-06
-2.1353e-06
-1.0315e-06
-2.18458e-06
-1.06726e-06
-2.2405e-06
-1.12879e-06
-2.30165e-06
-1.20933e-06
-2.35779e-06
-1.30119e-06
-2.37651e-06
-1.39643e-06
-2.30882e-06
-1.50917e-06
-2.11233e-06
-1.69676e-06
-1.77309e-06
-2.05414e-06
-1.31548e-06
-2.70236e-06
-8.06736e-07
-3.77076e-06
-3.30581e-07
-5.37889e-06
-7.36922e-06
-1.49726e-06
-6.62693e-07
-1.54173e-06
-7.56358e-07
-1.5977e-06
-8.38819e-07
-1.66003e-06
-9.03172e-07
-1.71715e-06
-9.45564e-07
-1.76052e-06
-9.72668e-07
-1.79229e-06
-9.99689e-07
-1.8194e-06
-1.04011e-06
-1.84733e-06
-1.10082e-06
-1.87497e-06
-1.18165e-06
-1.89396e-06
-1.28216e-06
-1.88438e-06
-1.40598e-06
-1.81983e-06
-1.57371e-06
-1.68162e-06
-1.83494e-06
-1.47061e-06
-2.26513e-06
-1.20874e-06
-2.96421e-06
-9.21393e-07
-4.05809e-06
-5.63564e-07
-5.73671e-06
-7.93278e-06
-1.29824e-06
-6.43174e-07
-1.32239e-06
-7.32145e-07
-1.35261e-06
-8.08539e-07
-1.38569e-06
-8.70037e-07
-1.41495e-06
-9.16247e-07
-1.43524e-06
-9.52333e-07
-1.44661e-06
-9.88278e-07
-1.45266e-06
-1.03401e-06
-1.45703e-06
-1.09641e-06
-1.45955e-06
-1.1791e-06
-1.45563e-06
-1.28604e-06
-1.43562e-06
-1.42596e-06
-1.38879e-06
-1.62052e-06
-1.3135e-06
-1.91021e-06
-1.22301e-06
-2.35562e-06
-1.1438e-06
-3.04342e-06
-1.08771e-06
-4.11417e-06
-9.14522e-07
-5.9099e-06
-8.84731e-06
-1.09297e-06
-6.39971e-07
-1.09801e-06
-7.27023e-07
-1.10545e-06
-8.01029e-07
-1.11323e-06
-8.62181e-07
-1.11752e-06
-9.11894e-07
-1.11523e-06
-9.54568e-07
-1.10611e-06
-9.97353e-07
-1.09223e-06
-1.04785e-06
-1.07613e-06
-1.11247e-06
-1.05882e-06
-1.19638e-06
-1.03915e-06
-1.30568e-06
-1.01438e-06
-1.45071e-06
-9.84171e-07
-1.65071e-06
-9.5669e-07
-1.93768e-06
-9.52947e-07
-2.35935e-06
-1.00562e-06
-2.99074e-06
-1.13453e-06
-3.98526e-06
-1.19279e-06
-5.85165e-06
-1.00401e-05
-8.84152e-07
-6.52076e-07
-8.71785e-07
-7.39303e-07
-8.59271e-07
-8.1346e-07
-8.45293e-07
-8.76084e-07
-8.27654e-07
-9.29468e-07
-8.04634e-07
-9.77532e-07
-7.76151e-07
-1.02579e-06
-7.43676e-07
-1.08028e-06
-7.0932e-07
-1.14679e-06
-6.74776e-07
-1.23089e-06
-6.41109e-07
-1.33932e-06
-6.09606e-07
-1.4822e-06
-5.84476e-07
-1.67583e-06
-5.76532e-07
-1.94561e-06
-6.05563e-07
-2.33032e-06
-6.98461e-07
-2.89785e-06
-8.68676e-07
-3.81505e-06
-1.00656e-06
-5.71377e-06
-1.10467e-05
-6.75253e-07
-6.77951e-07
-6.47525e-07
-7.66944e-07
-6.17842e-07
-8.43063e-07
-5.85337e-07
-9.08516e-07
-5.48791e-07
-9.65953e-07
-5.07359e-07
-1.01891e-06
-4.61234e-07
-1.07187e-06
-4.11676e-07
-1.1298e-06
-3.60586e-07
-1.19784e-06
-3.09934e-07
-1.28151e-06
-2.61756e-07
-1.38748e-06
-2.18686e-07
-1.52525e-06
-1.85436e-07
-1.70907e-06
-1.704e-07
-1.96065e-06
-1.85836e-07
-2.31489e-06
-2.44673e-07
-2.83902e-06
-3.51726e-07
-3.70801e-06
-4.75057e-07
-5.59045e-06
-1.15217e-05
-4.70105e-07
-7.15686e-07
-4.29294e-07
-8.07678e-07
-3.85178e-07
-8.87108e-07
-3.37177e-07
-9.56455e-07
-2.8465e-07
-1.01843e-06
-2.27306e-07
-1.07621e-06
-1.65571e-07
-1.13356e-06
-1.00634e-07
-1.1947e-06
-3.42264e-08
-1.26422e-06
3.16125e-08
-1.34733e-06
9.48064e-08
-1.45066e-06
1.52838e-07
-1.58328e-06
2.02299e-07
-1.75853e-06
2.38513e-07
-1.99687e-06
2.55866e-07
-2.33225e-06
2.48244e-07
-2.83141e-06
2.06056e-07
-3.66584e-06
8.60221e-08
-5.47044e-06
-1.14357e-05
-2.72658e-07
-7.63121e-07
-2.21172e-07
-8.59101e-07
-1.65323e-07
-9.42899e-07
-1.04704e-07
-1.01702e-06
-3.90211e-08
-1.08407e-06
3.16686e-08
-1.14686e-06
1.06766e-07
-1.20863e-06
1.85083e-07
-1.27299e-06
2.64979e-07
-1.3441e-06
3.44599e-07
-1.42693e-06
4.21967e-07
-1.52802e-06
4.95116e-07
-1.65642e-06
5.62077e-07
-1.82549e-06
6.21016e-07
-2.05581e-06
6.70428e-07
-2.38168e-06
7.07916e-07
-2.86892e-06
7.19984e-07
-3.67793e-06
5.87232e-07
-5.33771e-06
-1.08485e-05
-8.68223e-08
-8.17958e-07
-2.71259e-08
-9.18752e-07
3.78072e-08
-1.00779e-06
1.08282e-07
-1.08746e-06
1.84382e-07
-1.16014e-06
2.65837e-07
-1.22829e-06
3.51904e-07
-1.29467e-06
4.41349e-07
-1.36242e-06
5.3254e-07
-1.43528e-06
6.23608e-07
-1.518e-06
7.12631e-07
-1.61704e-06
7.97834e-07
-1.74163e-06
8.77826e-07
-1.90549e-06
9.5188e-07
-2.12988e-06
1.02e-06
-2.44982e-06
1.08103e-06
-2.92998e-06
1.11771e-06
-3.71463e-06
1.01152e-06
-5.23154e-06
-9.83701e-06
8.36506e-08
-8.77844e-07
1.49097e-07
-9.84167e-07
2.20538e-07
-1.0792e-06
2.9822e-07
-1.16512e-06
3.821e-07
-1.244e-06
4.7176e-07
-1.31794e-06
5.66328e-07
-1.38923e-06
6.64455e-07
-1.46054e-06
7.64369e-07
-1.53519e-06
8.6397e-07
-1.6176e-06
9.60974e-07
-1.71405e-06
1.05308e-06
-1.83375e-06
1.13813e-06
-1.99056e-06
1.21416e-06
-2.20593e-06
1.27886e-06
-2.51454e-06
1.32651e-06
-2.97765e-06
1.33341e-06
-3.72156e-06
1.19438e-06
-5.09254e-06
-8.64265e-06
2.35284e-07
-9.40447e-07
3.04079e-07
-1.05294e-06
3.79549e-07
-1.15466e-06
4.61912e-07
-1.24747e-06
5.51052e-07
-1.33313e-06
6.46439e-07
-1.41331e-06
7.4707e-07
-1.48985e-06
8.51419e-07
-1.56489e-06
9.57429e-07
-1.6412e-06
1.06252e-06
-1.7227e-06
1.16364e-06
-1.81518e-06
1.25724e-06
-1.92736e-06
1.3392e-06
-2.07254e-06
1.40435e-06
-2.27111e-06
1.44487e-06
-2.55509e-06
1.44495e-06
-2.97776e-06
1.36339e-06
-3.64003e-06
1.0703e-06
-4.79949e-06
-7.57236e-06
3.64991e-07
-1.00352e-06
4.34841e-07
-1.12278e-06
5.11995e-07
-1.2318e-06
5.96666e-07
-1.33213e-06
6.88695e-07
-1.42515e-06
7.87473e-07
-1.51209e-06
8.91871e-07
-1.59425e-06
1.00015e-06
-1.67317e-06
1.10988e-06
-1.75094e-06
1.21787e-06
-1.8307e-06
1.32001e-06
-1.91734e-06
1.41115e-06
-2.01852e-06
1.48478e-06
-2.14619e-06
1.53224e-06
-2.3186e-06
1.54077e-06
-2.56365e-06
1.488e-06
-2.92502e-06
1.3262e-06
-3.47826e-06
9.31e-07
-4.40432e-06
-6.64138e-06
4.70198e-07
-1.06497e-06
5.38969e-07
-1.19154e-06
6.15634e-07
-1.30845e-06
7.00421e-07
-1.41691e-06
7.93154e-07
-1.51787e-06
8.93179e-07
-1.61211e-06
9.99267e-07
-1.70034e-06
1.10949e-06
-1.78339e-06
1.22105e-06
-1.86251e-06
1.3301e-06
-1.93977e-06
1.43149e-06
-2.01874e-06
1.51842e-06
-2.10548e-06
1.58212e-06
-2.2099e-06
1.61114e-06
-2.34765e-06
1.59025e-06
-2.54279e-06
1.49751e-06
-2.83232e-06
1.2961e-06
-3.27688e-06
9.03248e-07
-4.0115e-06
-5.73815e-06
5.48974e-07
-1.12288e-06
6.14737e-07
-1.25728e-06
6.88952e-07
-1.38265e-06
7.71869e-07
-1.49982e-06
8.63327e-07
-1.60933e-06
9.62667e-07
-1.71145e-06
1.06862e-06
-1.80629e-06
1.17914e-06
-1.89392e-06
1.29117e-06
-1.97456e-06
1.40035e-06
-2.04896e-06
1.5006e-06
-2.11901e-06
1.58369e-06
-2.18859e-06
1.63873e-06
-2.26497e-06
1.65177e-06
-2.36072e-06
1.60544e-06
-2.49648e-06
1.47869e-06
-2.7056e-06
1.24506e-06
-3.04328e-06
8.58823e-07
-3.62531e-06
-4.87934e-06
6.00144e-07
-1.17563e-06
6.61221e-07
-1.31835e-06
7.31265e-07
-1.45268e-06
8.10556e-07
-1.5791e-06
8.98967e-07
-1.69773e-06
9.95886e-07
-1.80837e-06
1.10009e-06
-1.9105e-06
1.20956e-06
-2.0034e-06
1.32118e-06
-2.08619e-06
1.43031e-06
-2.15812e-06
1.53032e-06
-2.21903e-06
1.61186e-06
-2.27015e-06
1.66221e-06
-2.31535e-06
1.66467e-06
-2.36321e-06
1.59833e-06
-2.43017e-06
1.43839e-06
-2.5457e-06
1.15668e-06
-2.76161e-06
7.16216e-07
-3.18488e-06
-4.16315e-06
6.23371e-07
-1.22186e-06
6.78377e-07
-1.37334e-06
7.42801e-07
-1.5171e-06
8.16943e-07
-1.65324e-06
9.00724e-07
-1.78151e-06
9.93633e-07
-1.90128e-06
1.09461e-06
-2.01148e-06
1.20182e-06
-2.11062e-06
1.31236e-06
-2.19674e-06
1.42177e-06
-2.26754e-06
1.52333e-06
-2.32062e-06
1.60729e-06
-2.35413e-06
1.65974e-06
-2.36783e-06
1.66169e-06
-2.36518e-06
1.58829e-06
-2.35681e-06
1.40906e-06
-2.36649e-06
1.08966e-06
-2.44225e-06
5.94911e-07
-2.69017e-06
-3.56826e-06
6.19201e-07
-1.26058e-06
6.67086e-07
-1.42121e-06
7.24738e-07
-1.57474e-06
7.92439e-07
-1.72093e-06
8.70165e-07
-1.85923e-06
9.57548e-07
-1.98866e-06
1.05379e-06
-2.10773e-06
1.15745e-06
-2.21429e-06
1.26615e-06
-2.30546e-06
1.37606e-06
-2.37747e-06
1.48117e-06
-2.42575e-06
1.57223e-06
-2.44521e-06
1.63541e-06
-2.43104e-06
1.65075e-06
-2.38055e-06
1.59082e-06
-2.29692e-06
1.42076e-06
-2.19647e-06
1.10257e-06
-2.12409e-06
6.07405e-07
-2.19504e-06
-2.96087e-06
5.89068e-07
-1.29121e-06
6.29167e-07
-1.4613e-06
6.79209e-07
-1.62477e-06
7.3941e-07
-1.78113e-06
8.09777e-07
-1.9296e-06
8.90111e-07
-2.069e-06
9.79949e-07
-2.19757e-06
1.07842e-06
-2.31277e-06
1.18395e-06
-2.411e-06
1.29385e-06
-2.48738e-06
1.40354e-06
-2.53547e-06
1.50548e-06
-2.54717e-06
1.58743e-06
-2.51301e-06
1.63028e-06
-2.42343e-06
1.6055e-06
-2.27218e-06
1.47391e-06
-2.06491e-06
1.19005e-06
-1.84027e-06
7.15028e-07
-1.72006e-06
-2.24587e-06
5.35264e-07
-1.31366e-06
5.67344e-07
-1.49337e-06
6.09281e-07
-1.66671e-06
6.61149e-07
-1.833e-06
7.22953e-07
-1.9914e-06
7.94657e-07
-2.14071e-06
8.76169e-07
-2.27909e-06
9.67249e-07
-2.40386e-06
1.06734e-06
-2.51111e-06
1.17524e-06
-2.5953e-06
1.2885e-06
-2.64875e-06
1.40234e-06
-2.66103e-06
1.50785e-06
-2.61855e-06
1.58894e-06
-2.50455e-06
1.61777e-06
-2.30104e-06
1.54959e-06
-1.99677e-06
1.32211e-06
-1.61283e-06
8.59345e-07
-1.25733e-06
-1.38654e-06
4.60911e-07
-1.32847e-06
4.85218e-07
-1.51767e-06
5.18898e-07
-1.70038e-06
5.61826e-07
-1.87593e-06
6.13965e-07
-2.04355e-06
6.75406e-07
-2.20216e-06
7.46385e-07
-2.35008e-06
8.27268e-07
-2.48476e-06
9.18508e-07
-2.60237e-06
1.02051e-06
-2.69732e-06
1.13329e-06
-2.76155e-06
1.25573e-06
-2.7835e-06
1.3839e-06
-2.74675e-06
1.50761e-06
-2.62829e-06
1.60349e-06
-2.39695e-06
1.62332e-06
-2.01663e-06
1.4819e-06
-1.47144e-06
1.04592e-06
-8.21391e-07
-3.40637e-07
3.69962e-07
-1.33684e-06
3.87209e-07
-1.53492e-06
4.12801e-07
-1.72598e-06
4.46398e-07
-1.90952e-06
4.87901e-07
-2.08505e-06
5.37472e-07
-2.25173e-06
5.95561e-07
-2.40818e-06
6.62967e-07
-2.55217e-06
7.40913e-07
-2.68033e-06
8.31153e-07
-2.78758e-06
9.36017e-07
-2.86643e-06
1.05822e-06
-2.90572e-06
1.19999e-06
-2.88854e-06
1.36027e-06
-2.78859e-06
1.52696e-06
-2.56366e-06
1.65799e-06
-2.14768e-06
1.64841e-06
-1.46189e-06
1.28202e-06
-4.55028e-07
9.41369e-07
2.67246e-07
-1.3406e-06
2.78506e-07
-1.54618e-06
2.96401e-07
-1.74387e-06
3.2046e-07
-1.93359e-06
3.50543e-07
-2.11514e-06
3.86818e-07
-2.28801e-06
4.29787e-07
-2.45116e-06
4.80382e-07
-2.60278e-06
5.40129e-07
-2.74009e-06
6.11443e-07
-2.8589e-06
6.98043e-07
-2.95305e-06
8.05497e-07
-3.01319e-06
9.41645e-07
-3.02471e-06
1.11618e-06
-2.96314e-06
1.33641e-06
-2.78392e-06
1.58719e-06
-2.39848e-06
1.76907e-06
-1.6438e-06
1.58356e-06
-2.6954e-07
2.52492e-06
1.58561e-07
-1.34195e-06
1.64957e-07
-1.55258e-06
1.75585e-07
-1.7545e-06
1.9003e-07
-1.94803e-06
2.08167e-07
-2.13328e-06
2.30119e-07
-2.30997e-06
2.56268e-07
-2.47731e-06
2.87337e-07
-2.63385e-06
3.2456e-07
-2.77732e-06
3.70005e-07
-2.90436e-06
4.27144e-07
-3.0102e-06
5.01836e-07
-3.0879e-06
6.03902e-07
-3.12678e-06
7.49494e-07
-3.10874e-06
9.64841e-07
-2.99928e-06
1.28606e-06
-2.71971e-06
1.69652e-06
-2.05427e-06
1.8436e-06
-4.1664e-07
4.36852e-06
5.06642e-08
5.28278e-08
5.64011e-08
6.12102e-08
6.72064e-08
7.4433e-08
8.30267e-08
9.32498e-08
1.05565e-07
1.20786e-07
1.40386e-07
1.67139e-07
2.06478e-07
2.69189e-07
3.76579e-07
5.73757e-07
9.71342e-07
1.50816e-06
)
;

boundaryField
{
    leftWall
    {
        type            calculated;
        value           uniform 0;
    }
    rightWall
    {
        type            calculated;
        value           uniform 0;
    }
    lowerWall
    {
        type            calculated;
        value           uniform 0;
    }
    atmosphere
    {
        type            calculated;
        value           nonuniform List<scalar> 
46
(
-2.6192e-06
1.5954e-06
4.20889e-06
4.45171e-06
4.2653e-06
4.00688e-06
3.72273e-06
3.42496e-06
3.11987e-06
2.81181e-06
2.50405e-06
2.19915e-06
1.89918e-06
1.60583e-06
1.32028e-06
1.04277e-06
7.72467e-07
5.06982e-07
2.35379e-07
-9.11261e-09
-2.32165e-07
-4.49817e-07
-6.56238e-07
-3.78243e-07
-4.20915e-07
-4.62692e-07
-5.03656e-07
-1.3423e-06
-1.55474e-06
-1.75808e-06
-1.95284e-06
-2.13928e-06
-2.3172e-06
-2.48591e-06
-2.64408e-06
-2.78964e-06
-2.91958e-06
-3.0298e-06
-3.11466e-06
-3.16613e-06
-3.17146e-06
-3.10668e-06
-2.91689e-06
-2.45186e-06
-9.53463e-07
5.87668e-06
)
;
    }
    defaultFaces
    {
        type            empty;
        value           nonuniform List<scalar> 0();
    }
}


// ************************************************************************* //
