/*--------------------------------*- C++ -*----------------------------------*\
  =========                 |
  \\      /  F ield         | OpenFOAM: The Open Source CFD Toolbox
   \\    /   O peration     | Website:  https://openfoam.org
    \\  /    A nd           | Version:  9
     \\/     M anipulation  |
\*---------------------------------------------------------------------------*/
FoamFile
{
    format      ascii;
    class       surfaceScalarField;
    location    "5.51";
    object      phi;
}
// * * * * * * * * * * * * * * * * * * * * * * * * * * * * * * * * * * * * * //

dimensions      [0 3 -1 0 0 0 0];

internalField   nonuniform List<scalar> 
4432
(
-1.90588e-07
1.90588e-07
-3.96615e-07
2.06022e-07
-6.12129e-07
2.15512e-07
-8.21727e-07
2.09595e-07
-1.02131e-06
1.99583e-07
-1.20569e-06
1.84377e-07
-1.36612e-06
1.6043e-07
-1.49389e-06
1.27766e-07
-1.58171e-06
8.7827e-08
-1.62401e-06
4.22979e-08
-1.61406e-06
-9.95052e-09
-1.54174e-06
-7.23165e-08
-1.39138e-06
-1.5036e-07
-1.14331e-06
-2.48068e-07
-7.90902e-07
-3.52408e-07
-3.8856e-07
-4.02342e-07
-1.84145e-07
-2.04414e-07
-6.0207e-07
4.17925e-07
-1.4278e-06
8.25728e-07
-2.11639e-06
6.88599e-07
-2.0588e-06
-5.75835e-08
-1.10979e-06
-9.49008e-07
-1.10979e-06
-2.09415e-07
4.00002e-07
-4.24077e-07
4.20677e-07
-6.46025e-07
4.37456e-07
-8.64796e-07
4.28364e-07
-1.07229e-06
4.07073e-07
-1.26129e-06
3.73373e-07
-1.42409e-06
3.23228e-07
-1.55337e-06
2.57055e-07
-1.64368e-06
1.78137e-07
-1.6913e-06
8.99186e-08
-1.69286e-06
-8.3949e-09
-1.64128e-06
-1.23892e-07
-1.52648e-06
-2.65154e-07
-1.34001e-06
-4.34539e-07
-1.08656e-06
-6.05854e-07
-8.1431e-07
-6.74589e-07
-6.7142e-07
-3.47303e-07
-8.87805e-07
6.34314e-07
-1.31437e-06
1.2523e-06
-1.59952e-06
9.73753e-07
-1.55831e-06
-9.87818e-08
-1.03099e-06
-1.47633e-06
-2.14079e-06
-2.19403e-07
6.19404e-07
-4.3959e-07
6.40858e-07
-6.62407e-07
6.6027e-07
-8.82997e-07
6.48955e-07
-1.09267e-06
6.16737e-07
-1.28395e-06
5.64654e-07
-1.44953e-06
4.88808e-07
-1.5829e-06
3.90423e-07
-1.6793e-06
2.74539e-07
-1.73579e-06
1.46407e-07
-1.74968e-06
5.50574e-09
-1.71723e-06
-1.56343e-07
-1.63345e-06
-3.48933e-07
-1.49673e-06
-5.71251e-07
-1.31567e-06
-7.86908e-07
-1.11877e-06
-8.71494e-07
-9.70249e-07
-4.95818e-07
-1.01792e-06
6.81994e-07
-1.15668e-06
1.39106e-06
-1.23177e-06
1.04885e-06
-1.16002e-06
-1.70536e-07
-7.9155e-07
-1.8448e-06
-2.93234e-06
-2.28205e-07
8.47609e-07
-4.56059e-07
8.68709e-07
-6.82822e-07
8.87031e-07
-9.06067e-07
8.722e-07
-1.1182e-06
8.2887e-07
-1.31215e-06
7.58603e-07
-1.48085e-06
6.57501e-07
-1.61818e-06
5.27752e-07
-1.71999e-06
3.76349e-07
-1.78423e-06
2.1065e-07
-1.80976e-06
3.10339e-08
-1.79529e-06
-1.70804e-07
-1.73984e-06
-4.0438e-07
-1.64618e-06
-6.64912e-07
-1.5247e-06
-9.08389e-07
-1.39056e-06
-1.00563e-06
-1.24466e-06
-6.4172e-07
-1.1349e-06
5.72239e-07
-1.03924e-06
1.29541e-06
-9.42267e-07
9.5188e-07
-7.86454e-07
-3.26349e-07
-4.75044e-07
-2.15621e-06
-3.40738e-06
-2.35604e-07
1.08321e-06
-4.7278e-07
1.10588e-06
-7.05939e-07
1.12019e-06
-9.33213e-07
1.09947e-06
-1.14856e-06
1.04421e-06
-1.34572e-06
9.55766e-07
-1.51784e-06
8.29619e-07
-1.65904e-06
6.6895e-07
-1.76573e-06
4.8303e-07
-1.83691e-06
2.81832e-07
-1.87307e-06
6.71953e-08
-1.8751e-06
-1.68771e-07
-1.84473e-06
-4.3475e-07
-1.78736e-06
-7.22282e-07
-1.7143e-06
-9.81447e-07
-1.63557e-06
-1.08435e-06
-1.51618e-06
-7.61109e-07
-1.26303e-06
3.19097e-07
-9.88659e-07
1.02103e-06
-7.3542e-07
6.98643e-07
-4.36586e-07
-6.25182e-07
-1.73511e-07
-2.41929e-06
-3.58089e-06
-2.42778e-07
1.32599e-06
-4.90295e-07
1.3534e-06
-7.30905e-07
1.3608e-06
-9.62925e-07
1.33149e-06
-1.18182e-06
1.2631e-06
-1.38237e-06
1.15632e-06
-1.55784e-06
1.00508e-06
-1.70247e-06
8.1358e-07
-1.81321e-06
5.93765e-07
-1.89019e-06
3.58811e-07
-1.93544e-06
1.12448e-07
-1.95159e-06
-1.5262e-07
-1.9419e-06
-4.44445e-07
-1.91251e-06
-7.51665e-07
-1.87373e-06
-1.02023e-06
-1.82981e-06
-1.12827e-06
-1.73219e-06
-8.58721e-07
-1.4086e-06
-4.49417e-09
-1.00373e-06
6.1617e-07
-6.03543e-07
2.98453e-07
-2.17144e-07
-1.01158e-06
2.29175e-08
-2.65934e-06
-3.55796e-06
-2.51529e-07
1.57752e-06
-5.09125e-07
1.611e-06
-7.56878e-07
1.60855e-06
-9.93375e-07
1.56799e-06
-1.21548e-06
1.4852e-06
-1.41901e-06
1.35985e-06
-1.59722e-06
1.18329e-06
-1.7444e-06
9.60758e-07
-1.85801e-06
7.07385e-07
-1.93929e-06
4.40089e-07
-1.9916e-06
1.64762e-07
-2.0188e-06
-1.25419e-07
-2.02464e-06
-4.38604e-07
-2.0143e-06
-7.6201e-07
-1.9946e-06
-1.03993e-06
-1.9624e-06
-1.16047e-06
-1.86217e-06
-9.58955e-07
-1.53687e-06
-3.29797e-07
-1.04861e-06
1.27906e-07
-5.53961e-07
-1.96197e-07
-1.86241e-07
-1.37931e-06
-4.32314e-09
-2.84126e-06
-3.56229e-06
-2.64966e-07
1.84249e-06
-5.2974e-07
1.87577e-06
-7.82523e-07
1.86133e-06
-1.02227e-06
1.80774e-06
-1.24652e-06
1.70945e-06
-1.45205e-06
1.56538e-06
-1.63187e-06
1.36312e-06
-1.78029e-06
1.10919e-06
-1.89535e-06
8.22449e-07
-1.97921e-06
5.23956e-07
-2.03626e-06
2.21816e-07
-2.07106e-06
-9.06175e-08
-2.08718e-06
-4.22472e-07
-2.08776e-06
-7.61436e-07
-2.07466e-06
-1.05302e-06
-2.03824e-06
-1.1969e-06
-1.9245e-06
-1.0727e-06
-1.60781e-06
-6.46492e-07
-1.10988e-06
-3.70033e-07
-6.11579e-07
-6.94507e-07
-3.14506e-07
-1.67638e-06
-2.74858e-07
-2.88091e-06
-3.83715e-06
-7.17364e-07
7.17364e-07
1.49163e-07
-8.66525e-07
1.0207e-06
-8.7154e-07
1.65587e-06
-6.35167e-07
2.08651e-06
-4.30641e-07
2.37381e-06
-2.87306e-07
2.6049e-06
-2.31083e-07
2.91372e-06
-3.08819e-07
3.43955e-06
-5.25827e-07
3.98586e-06
-5.46315e-07
3.75107e-06
2.34791e-07
2.64499e-06
1.10608e-06
3.7497e-07
2.27002e-06
-1.26518e-06
1.64016e-06
4.29135e-08
-1.3081e-06
1.73944e-06
-1.69652e-06
2.24348e-06
-5.04047e-07
1.6573e-06
5.8619e-07
1.65729e-06
2.1972e-08
6.9539e-07
5.42058e-07
-1.38661e-06
1.04944e-06
-1.37893e-06
1.47513e-06
-1.06085e-06
1.81145e-06
-7.66959e-07
2.07436e-06
-5.50218e-07
2.30727e-06
-4.63988e-07
2.58942e-06
-5.90973e-07
2.98283e-06
-9.19241e-07
3.32475e-06
-8.88229e-07
3.08103e-06
4.78503e-07
2.24242e-06
1.9447e-06
8.3162e-07
3.68081e-06
3.71547e-08
2.43464e-06
6.97577e-07
-1.96854e-06
1.5526e-06
-2.55153e-06
1.74158e-06
-6.93043e-07
1.45669e-06
8.71097e-07
3.11397e-06
5.15509e-07
1.79878e-07
7.54979e-07
-1.62608e-06
1.05646e-06
-1.68041e-06
1.36351e-06
-1.3679e-06
1.63132e-06
-1.03477e-06
1.84706e-06
-7.65957e-07
2.03983e-06
-6.5676e-07
2.25253e-06
-8.03671e-07
2.49942e-06
-1.16613e-06
2.68797e-06
-1.07677e-06
2.3835e-06
7.82962e-07
1.71156e-06
2.61666e-06
9.27444e-07
4.46491e-06
7.78473e-07
2.58363e-06
1.07639e-06
-2.26647e-06
1.435e-06
-2.91013e-06
1.30416e-06
-5.62221e-07
1.04537e-06
1.1299e-06
4.15933e-06
6.51571e-07
-4.71695e-07
8.30506e-07
-1.80501e-06
1.03156e-06
-1.88147e-06
1.26251e-06
-1.59885e-06
1.47675e-06
-1.24901e-06
1.64938e-06
-9.38583e-07
1.7876e-06
-7.94981e-07
1.91091e-06
-9.26981e-07
2.0206e-06
-1.27582e-06
2.09925e-06
-1.15542e-06
1.8011e-06
1.0811e-06
1.29475e-06
3.12302e-06
1.04334e-06
4.71631e-06
1.27104e-06
2.35593e-06
1.33542e-06
-2.33086e-06
1.34226e-06
-2.91697e-06
9.28804e-07
-1.48777e-07
6.22772e-07
1.43594e-06
4.7821e-06
6.06842e-07
-1.07854e-06
8.09668e-07
-2.00784e-06
9.72617e-07
-2.04442e-06
1.15581e-06
-1.78204e-06
1.32859e-06
-1.4218e-06
1.45944e-06
-1.06943e-06
1.54442e-06
-8.79962e-07
1.58142e-06
-9.63969e-07
1.55207e-06
-1.24647e-06
1.48421e-06
-1.08755e-06
1.33877e-06
1.22653e-06
1.07692e-06
3.38488e-06
1.23291e-06
4.56031e-06
1.63854e-06
1.95031e-06
1.46964e-06
-2.16198e-06
1.20929e-06
-2.65661e-06
5.97453e-07
4.63047e-07
2.30437e-07
1.80296e-06
5.01253e-06
5.2491e-07
-1.60345e-06
7.42783e-07
-2.2257e-06
8.87138e-07
-2.18877e-06
1.0379e-06
-1.9328e-06
1.17894e-06
-1.56283e-06
1.27446e-06
-1.16495e-06
1.31452e-06
-9.20018e-07
1.28054e-06
-9.2999e-07
1.13668e-06
-1.1026e-06
9.19034e-07
-8.69903e-07
9.55904e-07
1.18966e-06
1.00594e-06
3.33485e-06
1.42791e-06
4.13833e-06
1.8181e-06
1.56013e-06
1.45274e-06
-1.79662e-06
9.83402e-07
-2.18726e-06
3.35977e-07
1.11046e-06
-8.35441e-08
2.22248e-06
4.92898e-06
4.60306e-07
-2.06376e-06
6.60011e-07
-2.4254e-06
7.82264e-07
-2.31103e-06
9.06451e-07
-2.05699e-06
1.02323e-06
-1.67961e-06
1.09431e-06
-1.23603e-06
1.10262e-06
-9.28333e-07
1.02177e-06
-8.49135e-07
8.07737e-07
-8.88571e-07
5.35867e-07
-5.98029e-07
6.26625e-07
1.0989e-06
9.57547e-07
3.00394e-06
1.56112e-06
3.53475e-06
1.79619e-06
1.32506e-06
1.29037e-06
-1.2908e-06
6.75942e-07
-1.57284e-06
1.19459e-07
1.66694e-06
-3.57335e-07
2.69927e-06
4.57165e-06
4.63305e-07
-2.52706e-06
5.7275e-07
-2.53485e-06
6.61794e-07
-2.40007e-06
7.59468e-07
-2.15467e-06
8.57311e-07
-1.77746e-06
9.14308e-07
-1.29303e-06
9.10437e-07
-9.24467e-07
8.10236e-07
-7.48937e-07
5.82352e-07
-6.60692e-07
3.27495e-07
-3.43171e-07
4.26525e-07
9.99862e-07
9.02354e-07
2.52811e-06
1.53383e-06
2.90328e-06
1.62428e-06
1.23461e-06
1.02832e-06
-6.94843e-07
3.17099e-07
-8.61611e-07
-9.77193e-08
2.08176e-06
-5.60212e-07
3.16177e-06
4.01144e-06
-5.795e-07
2.42199e-06
-1.17862e-06
2.47489e-06
-1.73961e-06
2.42233e-06
-2.25712e-06
2.32525e-06
-2.73487e-06
2.1872e-06
-3.17391e-06
2.00442e-06
-3.55678e-06
1.74599e-06
-3.87139e-06
1.4238e-06
-4.11569e-06
1.06675e-06
-4.29695e-06
7.05224e-07
-4.42611e-06
3.50968e-07
-4.51329e-06
-3.43026e-09
-4.56589e-06
-3.69873e-07
-4.58241e-06
-7.44917e-07
-4.5501e-06
-1.08533e-06
-4.43246e-06
-1.31453e-06
-4.13871e-06
-1.36645e-06
-3.49327e-06
-1.29194e-06
-2.54514e-06
-1.31817e-06
-1.65866e-06
-1.58099e-06
-1.27419e-06
-2.06085e-06
-1.5975e-06
-2.5576e-06
-2.77922e-06
-2.65543e-06
-6.42924e-07
3.06491e-06
-1.26648e-06
3.09845e-06
-1.82098e-06
2.97683e-06
-2.30261e-06
2.80689e-06
-2.76117e-06
2.64577e-06
-3.18906e-06
2.43232e-06
-3.54355e-06
2.10049e-06
-3.83548e-06
1.71574e-06
-4.07138e-06
1.30265e-06
-4.25191e-06
8.85757e-07
-4.37651e-06
4.75566e-07
-4.44791e-06
6.79676e-08
-4.47898e-06
-3.388e-07
-4.48375e-06
-7.4015e-07
-4.44703e-06
-1.12206e-06
-4.30812e-06
-1.45344e-06
-3.97237e-06
-1.70221e-06
-3.35831e-06
-1.90602e-06
-2.56832e-06
-2.10816e-06
-1.84552e-06
-2.3038e-06
-1.41611e-06
-2.49026e-06
-1.33256e-06
-2.64114e-06
-2.72865e-06
-1.38312e-06
-6.56339e-07
3.72124e-06
-1.19037e-06
3.63246e-06
-1.79305e-06
3.57949e-06
-2.40166e-06
3.41548e-06
-2.83571e-06
3.0798e-06
-3.08774e-06
2.68433e-06
-3.2916e-06
2.30432e-06
-3.49732e-06
1.92143e-06
-3.70401e-06
1.50934e-06
-3.88313e-06
1.06486e-06
-3.99592e-06
5.88347e-07
-4.02988e-06
1.01916e-07
-4.02074e-06
-3.47934e-07
-4.00826e-06
-7.52627e-07
-3.99951e-06
-1.1308e-06
-3.90261e-06
-1.55032e-06
-3.55968e-06
-2.04512e-06
-2.96557e-06
-2.50011e-06
-2.29273e-06
-2.78097e-06
-1.65245e-06
-2.94404e-06
-1.2477e-06
-2.89496e-06
-1.12268e-06
-2.76613e-06
-2.74753e-06
-1.10375e-06
-1.22803e-06
4.94925e-06
-7.68649e-07
3.1731e-06
-1.39757e-06
4.20837e-06
-3.68598e-06
5.704e-06
-4.07741e-06
3.47129e-06
-3.30256e-06
1.9095e-06
-3.04873e-06
2.05055e-06
-3.04363e-06
1.91639e-06
-3.21726e-06
1.68302e-06
-3.43328e-06
1.28091e-06
-3.50174e-06
6.56814e-07
-3.48767e-06
8.78563e-08
-3.47376e-06
-3.61849e-07
-3.39374e-06
-8.3265e-07
-3.31084e-06
-1.21373e-06
-3.13493e-06
-1.72629e-06
-2.57348e-06
-2.60666e-06
-1.78618e-06
-3.28753e-06
-2.19129e-06
-2.37601e-06
-1.64857e-06
-3.4869e-06
-1.24524e-06
-3.29837e-06
-9.60371e-07
-3.05108e-06
-2.5583e-06
-1.14965e-06
-8.39695e-07
5.78896e-06
-8.42499e-07
3.17593e-06
-3.02653e-06
6.3923e-06
-8.35414e-06
1.10315e-05
-8.00332e-06
3.12039e-06
-6.42919e-06
3.35283e-07
-5.50165e-06
1.12293e-06
-4.74221e-06
1.15688e-06
-4.20361e-06
1.14434e-06
-3.87125e-06
9.48494e-07
-3.38786e-06
1.73397e-07
-2.46204e-06
-8.37965e-07
-1.50401e-06
-1.31985e-06
-7.25383e-07
-1.61122e-06
-5.15272e-07
-1.42377e-06
-6.95539e-07
-1.54593e-06
-7.41021e-07
-2.56104e-06
-3.76484e-07
-3.6519e-06
-1.72795e-06
-1.02438e-06
-2.53252e-06
-2.68225e-06
-2.82758e-06
-3.00319e-06
-3.25863e-06
-2.61992e-06
-3.79308e-06
-2.02421e-06
-2.05853e-07
5.99482e-06
-8.85214e-07
3.85516e-06
-1.32442e-06
6.8316e-06
4.92203e-07
9.21484e-06
7.96581e-07
2.81602e-06
-4.63865e-07
1.59575e-06
-2.25196e-06
2.91104e-06
-3.13823e-06
2.04314e-06
-3.1864e-06
1.19251e-06
-2.91691e-06
6.79006e-07
-2.34094e-06
-4.02564e-07
-1.76233e-06
-1.41655e-06
-1.14225e-06
-1.93992e-06
-1.04963e-06
-1.70384e-06
-1.51439e-06
-9.59032e-07
-2.98277e-06
-7.75772e-08
-5.37939e-06
-1.64414e-07
-6.35841e-06
-2.67279e-06
-4.62033e-06
-2.76244e-06
-5.13707e-06
-2.16552e-06
-6.25006e-06
-1.89012e-06
-6.01644e-06
-2.85312e-06
-6.20638e-06
-3.60279e-06
1.77738e-06
4.21757e-06
4.39437e-07
5.19315e-06
1.01192e-06
6.2592e-06
4.39292e-06
5.83384e-06
3.46403e-06
3.74492e-06
1.73243e-06
3.32735e-06
7.6053e-07
3.88294e-06
-2.87983e-07
3.09163e-06
-1.05986e-06
1.96434e-06
-1.36555e-06
9.84638e-07
-1.65086e-06
-1.17321e-07
-2.08264e-06
-9.84859e-07
-2.73929e-06
-1.28336e-06
-3.57993e-06
-8.63292e-07
-4.55871e-06
1.96596e-08
-5.35498e-06
7.18604e-07
-5.37874e-06
-1.40804e-07
-5.66862e-06
-2.3831e-06
-5.61746e-06
-2.81383e-06
-5.98729e-06
-1.796e-06
-5.81643e-06
-2.0614e-06
-3.4875e-06
-5.18221e-06
-5.64464e-06
-4.04947e-06
1.02766e-06
3.18973e-06
1.50044e-06
4.72045e-06
2.59268e-06
5.16682e-06
3.53722e-06
4.88924e-06
3.14735e-06
4.13476e-06
2.28475e-06
4.18996e-06
1.87405e-06
4.29368e-06
1.34639e-06
3.61933e-06
6.90265e-07
2.6205e-06
9.23039e-08
1.58262e-06
-6.13025e-07
5.8802e-07
-1.4413e-06
-1.56581e-07
-2.37581e-06
-3.48859e-07
-3.2863e-06
4.72014e-08
-3.98211e-06
7.15531e-07
-4.2017e-06
9.38318e-07
-3.79296e-06
-5.49404e-07
-4.07548e-06
-2.10048e-06
-4.596e-06
-2.2933e-06
-4.00864e-06
-2.38335e-06
-2.59815e-06
-3.47192e-06
-2.40879e-06
-5.37156e-06
-4.43301e-06
-3.62058e-06
5.49572e-07
2.64016e-06
1.36275e-06
3.90736e-06
2.16744e-06
4.3621e-06
2.67621e-06
4.38048e-06
2.5095e-06
4.30154e-06
2.26485e-06
4.43469e-06
2.15801e-06
4.40058e-06
1.92464e-06
3.85275e-06
1.52059e-06
3.02457e-06
9.84818e-07
2.11838e-06
2.97651e-07
1.27514e-06
-5.06361e-07
6.47354e-07
-1.32107e-06
4.65752e-07
-1.96749e-06
6.93533e-07
-2.23119e-06
9.79187e-07
-2.08347e-06
7.9059e-07
-2.20196e-06
-4.30932e-07
-2.61757e-06
-1.68486e-06
-2.76984e-06
-2.14092e-06
-2.2818e-06
-2.87127e-06
-1.7477e-06
-4.006e-06
-2.6547e-06
-4.46448e-06
-3.95505e-06
-3.13272e-06
3.47008e-07
2.29332e-06
9.17671e-07
3.33666e-06
1.44549e-06
3.8343e-06
1.75192e-06
4.0741e-06
1.81182e-06
4.24169e-06
1.86296e-06
4.38359e-06
1.9497e-06
4.31384e-06
1.91595e-06
3.88648e-06
1.71965e-06
3.22081e-06
1.35827e-06
2.47967e-06
8.35941e-07
1.79736e-06
1.92879e-07
1.29026e-06
-4.14044e-07
1.07248e-06
-8.12963e-07
1.09223e-06
-9.01258e-07
1.06728e-06
-7.92389e-07
6.81531e-07
-9.54559e-07
-2.69019e-07
-1.34946e-06
-1.29029e-06
-1.45603e-06
-2.03464e-06
-1.48229e-06
-2.84524e-06
-1.88442e-06
-3.6041e-06
-2.53595e-06
-3.81313e-06
-3.51348e-06
-2.97766e-06
1.55594e-07
2.13775e-06
4.68923e-07
3.02321e-06
7.81165e-07
3.52205e-06
1.0061e-06
3.84918e-06
1.16627e-06
4.08154e-06
1.33898e-06
4.21087e-06
1.51376e-06
4.13906e-06
1.60245e-06
3.79777e-06
1.55364e-06
3.2696e-06
1.34566e-06
2.68764e-06
9.87919e-07
2.15508e-06
5.32597e-07
1.74557e-06
1.18706e-07
1.48635e-06
-1.25074e-07
1.33599e-06
-1.84578e-07
1.12679e-06
-1.77824e-07
6.74811e-07
-3.35479e-07
-1.11359e-07
-6.25654e-07
-1.00016e-06
-8.43988e-07
-1.81634e-06
-1.15158e-06
-2.53773e-06
-1.69436e-06
-3.06142e-06
-2.31645e-06
-3.19107e-06
-3.03331e-06
-2.7966e-06
1.19035e-08
2.12572e-06
1.372e-07
2.89783e-06
3.00046e-07
3.35919e-06
4.65421e-07
3.68379e-06
6.40318e-07
3.90663e-06
8.40981e-07
4.01019e-06
1.03871e-06
3.94131e-06
1.17676e-06
3.65972e-06
1.20422e-06
3.24217e-06
1.09279e-06
2.79913e-06
8.64873e-07
2.38308e-06
5.83934e-07
2.0266e-06
3.31803e-07
1.73857e-06
1.78749e-07
1.48915e-06
1.25468e-07
1.18024e-06
9.0083e-08
7.1042e-07
-5.99402e-08
3.88943e-08
-3.10724e-07
-7.49171e-07
-6.00365e-07
-1.52646e-06
-9.90806e-07
-2.14709e-06
-1.5116e-06
-2.5405e-06
-2.08341e-06
-2.61917e-06
-2.54895e-06
-2.56772e-06
-8.52868e-08
2.21089e-06
-7.70728e-08
2.88963e-06
-1.35373e-08
3.29566e-06
9.34351e-08
3.5768e-06
2.40892e-07
3.75912e-06
4.22205e-07
3.82882e-06
6.06684e-07
3.75679e-06
7.42114e-07
3.52427e-06
7.87515e-07
3.19677e-06
7.37779e-07
2.84888e-06
6.16134e-07
2.50475e-06
4.64998e-07
2.17776e-06
3.27992e-07
1.87558e-06
2.42657e-07
1.57447e-06
2.03501e-07
1.2194e-06
1.58073e-07
7.55892e-07
3.22101e-08
1.64811e-07
-1.962e-07
-5.20708e-07
-5.20473e-07
-1.20211e-06
-9.22857e-07
-1.74465e-06
-1.40762e-06
-2.05572e-06
-1.89402e-06
-2.1328e-06
-2.12157e-06
-2.32149e-06
-1.46008e-07
2.3569e-06
-2.10031e-07
2.95377e-06
-2.14044e-07
3.29972e-06
-1.60765e-07
3.52351e-06
-5.67134e-08
3.65503e-06
8.39503e-08
3.68809e-06
2.3262e-07
3.60806e-06
3.42328e-07
3.41451e-06
3.90016e-07
3.14905e-06
3.82995e-07
2.85588e-06
3.36566e-07
2.55115e-06
2.69766e-07
2.24452e-06
2.0868e-07
1.93658e-06
1.70644e-07
1.61238e-06
1.48383e-07
1.24151e-06
1.08242e-07
7.95875e-07
5.04353e-09
2.67843e-07
-1.99729e-07
-3.16108e-07
-5.113e-07
-8.90688e-07
-8.98667e-07
-1.35743e-06
-1.32841e-06
-1.62613e-06
-1.72822e-06
-1.73315e-06
-1.772e-06
-2.07797e-06
-1.85038e-07
2.54203e-06
-2.97403e-07
3.06624e-06
-3.48113e-07
3.35047e-06
-3.39927e-07
3.51532e-06
-2.80747e-07
3.59581e-06
-1.85628e-07
3.59293e-06
-7.98915e-08
3.50227e-06
5.34923e-09
3.32923e-06
5.60947e-08
3.09826e-06
7.61989e-08
2.83574e-06
7.30723e-08
2.55425e-06
5.80031e-08
2.25955e-06
4.32338e-08
1.9513e-06
3.51406e-08
1.62038e-06
2.56344e-08
1.25089e-06
-8.53612e-09
8.29898e-07
-9.89936e-08
3.58137e-07
-2.73243e-07
-1.42028e-07
-5.42166e-07
-6.21916e-07
-8.85666e-07
-1.01406e-06
-1.24097e-06
-1.27095e-06
-1.5644e-06
-1.40981e-06
-1.48692e-06
-1.84954e-06
-2.14446e-07
2.75658e-06
-3.60542e-07
3.21235e-06
-4.43879e-07
3.43378e-06
-4.7075e-07
3.54215e-06
-4.49646e-07
3.57467e-06
-3.94255e-07
3.53749e-06
-3.23858e-07
3.43183e-06
-2.5842e-07
3.26375e-06
-2.08589e-07
3.04839e-06
-1.74469e-07
2.80159e-06
-1.52654e-07
2.53241e-06
-1.38198e-07
2.24509e-06
-1.26447e-07
1.93954e-06
-1.17115e-07
1.61104e-06
-1.18525e-07
1.25227e-06
-1.47765e-07
8.59119e-07
-2.26512e-07
4.36864e-07
-3.734e-07
4.84729e-09
-5.93018e-07
-4.02291e-07
-8.64946e-07
-7.42098e-07
-1.14876e-06
-9.87073e-07
-1.41203e-06
-1.14644e-06
-1.25317e-06
-1.64563e-06
-2.40294e-07
2.9969e-06
-4.08868e-07
3.38083e-06
-5.15215e-07
3.54004e-06
-5.6781e-07
3.59467e-06
-5.7544e-07
3.58224e-06
-5.49804e-07
3.51181e-06
-5.05194e-07
3.38718e-06
-4.55517e-07
3.21403e-06
-4.09178e-07
3.00201e-06
-3.6861e-07
2.76099e-06
-3.33647e-07
2.49743e-06
-3.03274e-07
2.21472e-06
-2.77192e-07
1.91349e-06
-2.58171e-07
1.59206e-06
-2.54056e-07
1.24822e-06
-2.77474e-07
8.82619e-07
-3.42883e-07
5.02373e-07
-4.6129e-07
1.23373e-07
-6.3323e-07
-2.30211e-07
-8.43295e-07
-5.31869e-07
-1.06481e-06
-7.65374e-07
-1.27552e-06
-9.35516e-07
-1.06175e-06
-1.46671e-06
-2.63635e-07
3.26048e-06
-4.46609e-07
3.56364e-06
-5.68534e-07
3.66185e-06
-6.38745e-07
3.6648e-06
-6.66111e-07
3.60955e-06
-6.6079e-07
3.50645e-06
-6.33906e-07
3.36027e-06
-5.95793e-07
3.17589e-06
-5.53573e-07
2.95977e-06
-5.10929e-07
2.71832e-06
-4.69763e-07
2.45625e-06
-4.31459e-07
2.17643e-06
-3.98075e-07
1.88014e-06
-3.73657e-07
1.5677e-06
-3.65103e-07
1.23975e-06
-3.81647e-07
8.99271e-07
-4.32717e-07
5.53573e-07
-5.24428e-07
2.15233e-07
-6.55506e-07
-9.89686e-08
-8.14963e-07
-3.72234e-07
-9.85388e-07
-5.94763e-07
-1.15174e-06
-7.68973e-07
-9.06572e-07
-1.30671e-06
-2.82762e-07
3.54313e-06
-4.74776e-07
3.75549e-06
-6.06515e-07
3.79348e-06
-6.87477e-07
3.74568e-06
-7.27021e-07
3.64904e-06
-7.34414e-07
3.51381e-06
-7.18866e-07
3.34469e-06
-6.88679e-07
3.14568e-06
-6.50174e-07
2.92124e-06
-6.07618e-07
2.67575e-06
-5.64078e-07
2.4127e-06
-5.22279e-07
2.13463e-06
-4.85394e-07
1.84328e-06
-4.57759e-07
1.54011e-06
-4.45172e-07
1.22722e-06
-4.54334e-07
9.08504e-07
-4.9134e-07
5.90664e-07
-5.59456e-07
2.83444e-07
-6.56879e-07
-1.44614e-09
-7.75898e-07
-2.53115e-07
-9.05143e-07
-4.65423e-07
-1.03444e-06
-6.39592e-07
-7.82855e-07
-1.15807e-06
-2.95018e-07
3.83804e-06
-4.93839e-07
3.95419e-06
-6.29972e-07
3.92953e-06
-7.15804e-07
3.83146e-06
-7.61491e-07
3.69469e-06
-7.75838e-07
3.52812e-06
-7.66896e-07
3.33572e-06
-7.41764e-07
3.12053e-06
-7.06195e-07
2.88565e-06
-6.64634e-07
2.63416e-06
-6.20701e-07
2.36875e-06
-5.77734e-07
2.09164e-06
-5.39286e-07
1.80482e-06
-5.09486e-07
1.5103e-06
-4.93074e-07
1.21081e-06
-4.9491e-07
9.10344e-07
-5.18949e-07
6.14709e-07
-5.66881e-07
3.31382e-07
-6.36958e-07
6.86333e-08
-7.23792e-07
-1.66287e-07
-8.1985e-07
-3.6938e-07
-9.18186e-07
-5.41282e-07
-6.86603e-07
-1.01447e-06
-3.00255e-07
4.13821e-06
-5.03217e-07
4.15709e-06
-6.3834e-07
4.06462e-06
-7.24057e-07
3.91715e-06
-7.71283e-07
3.74189e-06
-7.88454e-07
3.54527e-06
-7.82823e-07
3.33006e-06
-7.60676e-07
3.09835e-06
-7.27294e-07
2.85223e-06
-6.87049e-07
2.59388e-06
-6.43708e-07
2.32536e-06
-6.00764e-07
2.04866e-06
-5.61733e-07
1.76574e-06
-5.30314e-07
1.47883e-06
-5.10325e-07
1.19076e-06
-5.05314e-07
9.05275e-07
-5.17879e-07
6.2721e-07
-5.48871e-07
3.62305e-07
-5.96801e-07
1.16485e-07
-6.57882e-07
-1.05292e-07
-7.27018e-07
-3.00341e-07
-7.9939e-07
-4.69012e-07
-6.14367e-07
-8.71735e-07
-2.99996e-07
4.43817e-06
-5.00339e-07
4.35743e-06
-6.29582e-07
4.19387e-06
-7.11526e-07
3.99909e-06
-7.5715e-07
3.7875e-06
-7.74442e-07
3.56254e-06
-7.70012e-07
3.3256e-06
-7.49522e-07
3.07782e-06
-7.17807e-07
2.82048e-06
-6.79016e-07
2.55504e-06
-6.36802e-07
2.2831e-06
-5.94541e-07
2.00634e-06
-5.55492e-07
1.72662e-06
-5.22857e-07
1.44613e-06
-4.99688e-07
1.16751e-06
-4.886e-07
8.94094e-07
-4.91335e-07
6.29846e-07
-5.08304e-07
3.79167e-07
-5.38307e-07
1.46372e-07
-5.78648e-07
-6.50731e-08
-6.25791e-07
-2.53325e-07
-6.76317e-07
-4.18615e-07
-5.63077e-07
-7.27737e-07
-2.89417e-07
4.72758e-06
-4.79502e-07
4.54755e-06
-6.00991e-07
4.31537e-06
-6.7736e-07
4.07547e-06
-7.19624e-07
3.82976e-06
-7.35475e-07
3.57837e-06
-7.31047e-07
3.32115e-06
-7.1149e-07
3.05823e-06
-6.81209e-07
2.79016e-06
-6.44026e-07
2.51782e-06
-6.03334e-07
2.24236e-06
-5.62235e-07
1.96519e-06
-5.23628e-07
1.68795e-06
-4.90222e-07
1.41265e-06
-4.64448e-07
1.14165e-06
-4.48254e-07
8.77808e-07
-4.42833e-07
6.24326e-07
-4.4837e-07
3.84598e-07
-4.63914e-07
1.61803e-07
-4.87512e-07
-4.15931e-08
-5.16638e-07
-2.24319e-07
-5.48797e-07
-3.86576e-07
-5.29941e-07
-5.82054e-07
-2.66385e-07
4.99399e-06
-4.40691e-07
4.72189e-06
-5.5296e-07
4.42766e-06
-6.22367e-07
4.14489e-06
-6.60021e-07
3.86742e-06
-6.73436e-07
3.59178e-06
-6.68341e-07
3.31604e-06
-6.494e-07
3.03928e-06
-6.20557e-07
2.7613e-06
-5.85235e-07
2.48247e-06
-5.4647e-07
2.20357e-06
-5.07006e-07
1.92569e-06
-4.69344e-07
1.65025e-06
-4.35734e-07
1.37898e-06
-4.08103e-07
1.11396e-06
-3.87913e-07
8.57547e-07
-3.75998e-07
6.12334e-07
-3.72423e-07
3.8094e-07
-3.76436e-07
1.65728e-07
-3.86588e-07
-3.1534e-08
-4.01019e-07
-2.09983e-07
-4.1785e-07
-3.6984e-07
-5.12351e-07
-4.35536e-07
-2.36445e-07
5.23046e-06
-3.90615e-07
4.87609e-06
-4.89375e-07
4.52644e-06
-5.49209e-07
4.20473e-06
-5.8063e-07
3.89884e-06
-5.90679e-07
3.60183e-06
-5.84474e-07
3.30984e-06
-5.66061e-07
3.02086e-06
-5.38831e-07
2.73406e-06
-5.05729e-07
2.44936e-06
-4.69364e-07
2.16719e-06
-4.32077e-07
1.88838e-06
-3.95962e-07
1.61411e-06
-3.62851e-07
1.34584e-06
-3.34255e-07
1.08533e-06
-3.11277e-07
8.34523e-07
-2.94502e-07
5.95509e-07
-2.8393e-07
3.70313e-07
-2.7896e-07
1.60699e-07
-2.78488e-07
-3.20693e-08
-2.81103e-07
-2.07435e-07
-2.85343e-07
-3.65667e-07
-5.07822e-07
-2.89943e-07
-2.03427e-07
5.43391e-06
-3.33196e-07
5.00588e-06
-4.13809e-07
4.60706e-06
-4.60742e-07
4.25167e-06
-4.84048e-07
3.92215e-06
-4.89843e-07
3.60763e-06
-4.82242e-07
3.30224e-06
-4.64432e-07
3.00305e-06
-4.39119e-07
2.70875e-06
-4.0869e-07
2.41893e-06
-3.75278e-07
2.13377e-06
-3.40796e-07
1.85389e-06
-3.06934e-07
1.58023e-06
-2.75143e-07
1.31403e-06
-2.46587e-07
1.05675e-06
-2.22087e-07
8.09996e-07
-2.02051e-07
5.75444e-07
-1.86439e-07
3.54668e-07
-1.74766e-07
1.48988e-07
-1.66168e-07
-4.07072e-08
-1.59543e-07
-2.14103e-07
-1.5372e-07
-3.71535e-07
-5.13956e-07
-1.47634e-07
-1.69022e-07
5.60295e-06
-2.70768e-07
5.10762e-06
-3.28682e-07
4.66498e-06
-3.59296e-07
4.28229e-06
-3.72767e-07
3.93563e-06
-3.73698e-07
3.60857e-06
-3.64645e-07
3.29319e-06
-3.47674e-07
2.98608e-06
-3.2469e-07
2.68576e-06
-2.97465e-07
2.3917e-06
-2.67631e-07
2.10393e-06
-2.36659e-07
1.82291e-06
-2.05845e-07
1.54941e-06
-1.76286e-07
1.28446e-06
-1.48848e-07
1.0293e-06
-1.24121e-07
7.85255e-07
-1.0238e-07
5.53686e-07
-8.35597e-08
3.35828e-07
-6.72616e-08
1.32668e-07
-5.27994e-08
-5.51925e-08
-3.9291e-08
-2.27636e-07
-2.5775e-08
-3.85077e-07
-5.28425e-07
-1.13331e-08
-1.3443e-07
5.73738e-06
-2.0504e-07
5.17822e-06
-2.35547e-07
4.69548e-06
-2.46612e-07
4.29335e-06
-2.49164e-07
3.93817e-06
-2.45159e-07
3.60456e-06
-2.34899e-07
3.28292e-06
-2.19154e-07
2.97033e-06
-1.98993e-07
2.6656e-06
-1.75565e-07
2.36827e-06
-1.4999e-07
2.07836e-06
-1.23296e-07
1.79622e-06
-9.63884e-08
1.5225e-06
-7.00357e-08
1.25811e-06
-4.48329e-08
1.00409e-06
-2.11755e-08
7.61589e-07
7.69543e-10
5.31733e-07
2.10812e-08
3.15508e-07
4.00876e-08
1.13652e-07
5.83385e-08
-7.34529e-08
7.65486e-08
-2.45855e-07
9.55224e-08
-4.04059e-07
-5.48977e-07
1.16067e-07
-9.92676e-08
5.83664e-06
-1.36074e-07
5.21501e-06
-1.34591e-07
4.69398e-06
-1.23737e-07
4.28248e-06
-1.15944e-07
3.93037e-06
-1.07491e-07
3.59609e-06
-9.64677e-08
3.27189e-06
-8.23993e-08
2.95625e-06
-6.55886e-08
2.64878e-06
-4.65882e-08
2.34926e-06
-2.59999e-08
2.05776e-06
-4.4e-09
1.77461e-06
1.76868e-08
1.50041e-06
3.98216e-08
1.23597e-06
6.1658e-08
9.82249e-07
8.29719e-08
7.40273e-07
1.03685e-07
5.11019e-07
1.23884e-07
2.9531e-07
1.43831e-07
9.37071e-08
1.63959e-07
-9.3578e-08
1.84847e-07
-2.66738e-07
2.07175e-07
-4.26379e-07
-5.73454e-07
2.31663e-07
-5.30032e-08
5.88963e-06
-5.22578e-08
5.21423e-06
-2.36561e-08
4.66535e-06
5.21899e-09
4.25358e-06
2.3188e-08
3.91237e-06
3.55373e-08
3.58372e-06
4.7052e-08
3.26035e-06
5.90816e-08
2.94421e-06
7.20117e-08
2.63584e-06
8.59068e-08
2.33536e-06
1.00715e-07
2.04295e-06
1.16336e-07
1.75899e-06
1.32651e-07
1.48409e-06
1.49534e-07
1.21909e-06
1.66879e-07
9.64907e-07
1.84618e-07
7.22541e-07
2.02746e-07
4.929e-07
2.21347e-07
2.76721e-07
2.40615e-07
7.44529e-08
2.60872e-07
-1.1382e-07
2.82575e-07
-2.88423e-07
3.06295e-07
-4.50078e-07
-5.99817e-07
3.32683e-07
2.035e-08
5.86926e-06
5.55048e-08
5.17903e-06
1.00753e-07
4.62007e-06
1.39171e-07
4.21513e-06
1.64799e-07
3.88671e-06
1.80795e-07
3.56769e-06
1.92679e-07
3.24844e-06
2.02246e-07
2.93462e-06
2.10615e-07
2.62745e-06
2.1857e-07
2.32739e-06
2.26679e-07
2.03483e-06
2.35355e-07
1.75031e-06
2.44888e-07
1.47456e-06
2.5547e-07
1.20851e-06
2.67219e-07
9.53168e-07
2.80211e-07
7.09563e-07
2.945e-07
4.7863e-07
3.10152e-07
2.61091e-07
3.27282e-07
5.73472e-08
3.46096e-07
-1.32607e-07
3.66924e-07
-3.09222e-07
3.90239e-07
-4.73361e-07
-6.26177e-07
4.16636e-07
1.15776e-07
5.75346e-06
1.83554e-07
5.1112e-06
2.39759e-07
4.56381e-06
2.80411e-07
4.17443e-06
3.08981e-07
3.8581e-06
3.27804e-07
3.54884e-06
3.39023e-07
3.23719e-06
3.44954e-07
2.92866e-06
3.47549e-07
2.62483e-06
3.48373e-07
2.32655e-06
3.48644e-07
2.03455e-06
3.49285e-07
1.74967e-06
3.50977e-07
1.47288e-06
3.54206e-07
1.20529e-06
3.59297e-07
9.48093e-07
3.66448e-07
7.02433e-07
3.75758e-07
4.69346e-07
3.8726e-07
2.49618e-07
4.00974e-07
4.36658e-08
4.16969e-07
-1.48567e-07
4.35434e-07
-3.27651e-07
4.56741e-07
-4.94629e-07
-6.50834e-07
4.8144e-07
2.17462e-07
5.53597e-06
3.27225e-07
5.00137e-06
3.91949e-07
4.49904e-06
4.31822e-07
4.13451e-06
4.60279e-07
3.8296e-06
4.7839e-07
3.53068e-06
4.85912e-07
3.22963e-06
4.85705e-07
2.92884e-06
4.80493e-07
2.63002e-06
4.72533e-07
2.3345e-06
4.63591e-07
2.04349e-06
4.55008e-07
1.75825e-06
4.47783e-07
1.48011e-06
4.4264e-07
1.21045e-06
4.40075e-07
9.50677e-07
4.40389e-07
7.02143e-07
4.4371e-07
4.66054e-07
4.50029e-07
2.43333e-07
4.59247e-07
3.44835e-08
4.71269e-07
-1.60551e-07
4.86113e-07
-3.42455e-07
5.04033e-07
-5.12509e-07
-6.72313e-07
5.25553e-07
3.13856e-07
5.22207e-06
4.7452e-07
4.84063e-06
5.53928e-07
4.41957e-06
5.96007e-07
4.09237e-06
6.2201e-07
3.80355e-06
6.33553e-07
3.51909e-06
6.32582e-07
3.23057e-06
6.22622e-07
2.93876e-06
6.06964e-07
2.64565e-06
5.88288e-07
2.35315e-06
5.68675e-07
2.06309e-06
5.49703e-07
1.77722e-06
5.32559e-07
1.49726e-06
5.1812e-07
1.2249e-06
5.07006e-07
9.6181e-07
4.996e-07
7.09574e-07
4.96058e-07
4.69624e-07
4.96327e-07
2.43097e-07
5.00183e-07
3.06631e-08
5.07325e-07
-1.67657e-07
5.17546e-07
-3.52639e-07
5.30955e-07
-5.25882e-07
-6.89391e-07
5.48069e-07
4.12123e-07
4.80991e-06
6.25098e-07
4.62758e-06
7.2802e-07
4.31659e-06
7.74489e-07
4.04585e-06
7.91909e-07
3.78607e-06
7.90583e-07
3.52037e-06
7.75981e-07
3.24513e-06
7.52547e-07
2.96216e-06
7.23876e-07
2.6743e-06
6.92736e-07
2.38428e-06
6.61226e-07
2.09459e-06
6.3094e-07
1.8075e-06
6.03094e-07
1.52511e-06
5.7862e-07
1.24938e-06
5.5821e-07
9.82234e-07
5.42322e-07
7.25481e-07
5.31163e-07
4.80807e-07
5.24666e-07
2.49622e-07
5.22494e-07
3.2864e-08
5.24113e-07
-1.69245e-07
5.2899e-07
-3.57486e-07
5.37035e-07
-5.33898e-07
-7.01121e-07
5.48793e-07
5.36297e-07
4.27357e-06
8.02054e-07
4.36175e-06
9.20101e-07
4.19848e-06
9.60886e-07
4.00501e-06
9.62655e-07
3.78426e-06
9.42995e-07
3.53999e-06
9.10666e-07
3.27742e-06
8.71001e-07
3.0018e-06
8.27587e-07
2.71768e-06
7.82947e-07
2.42889e-06
7.38915e-07
2.13861e-06
6.96878e-07
1.84953e-06
6.5793e-07
1.56405e-06
6.22962e-07
1.28436e-06
5.92698e-07
1.01251e-06
5.67683e-07
7.50509e-07
5.48227e-07
5.0028e-07
5.34337e-07
2.63533e-07
5.25637e-07
4.15851e-08
5.21341e-07
-1.64926e-07
5.20438e-07
-3.5656e-07
5.22529e-07
-5.35968e-07
-7.06833e-07
5.2826e-07
7.06401e-07
3.56712e-06
1.01944e-06
4.04864e-06
1.1303e-06
4.08757e-06
1.14885e-06
3.9864e-06
1.12568e-06
3.80738e-06
1.0827e-06
3.58293e-06
1.03003e-06
3.33005e-06
9.72928e-07
3.05886e-06
9.14412e-07
2.77617e-06
8.56363e-07
2.48692e-06
8.00081e-07
2.19487e-06
7.46557e-07
1.90304e-06
6.96635e-07
1.61397e-06
6.51087e-07
1.3299e-06
6.10642e-07
1.05295e-06
5.75954e-07
7.85204e-07
5.47528e-07
5.28717e-07
5.25594e-07
2.85479e-07
5.09922e-07
5.72713e-08
4.99527e-07
-1.54517e-07
4.92656e-07
-3.49676e-07
4.88418e-07
-5.31719e-07
-7.06122e-07
4.87718e-07
9.34073e-07
2.63301e-06
1.27743e-06
3.70523e-06
1.34939e-06
4.01556e-06
1.32653e-06
4.00922e-06
1.26969e-06
3.86418e-06
1.20036e-06
3.65222e-06
1.12708e-06
3.4033e-06
1.0535e-06
3.13241e-06
9.81295e-07
2.84835e-06
9.11319e-07
2.55688e-06
8.44128e-07
2.26205e-06
7.80201e-07
1.96696e-06
7.20059e-07
1.6741e-06
6.64304e-07
1.38565e-06
6.13642e-07
1.10361e-06
5.68851e-07
8.29996e-07
5.30714e-07
5.66857e-07
4.99896e-07
3.16303e-07
4.76637e-07
8.05362e-08
4.60021e-07
-1.37894e-07
4.47122e-07
-3.36771e-07
4.36288e-07
-5.20879e-07
-6.98837e-07
4.29006e-07
1.23797e-06
1.395e-06
1.56423e-06
3.37892e-06
1.555e-06
4.02475e-06
1.47439e-06
4.0898e-06
1.38013e-06
3.9584e-06
1.28598e-06
3.74635e-06
1.19546e-06
3.49379e-06
1.1091e-06
3.21876e-06
1.02659e-06
2.93084e-06
9.4758e-07
2.63587e-06
8.71861e-07
2.33775e-06
7.99423e-07
2.03938e-06
7.30471e-07
1.74305e-06
6.65427e-07
1.45069e-06
6.0493e-07
1.16411e-06
5.4983e-07
8.85093e-07
5.01186e-07
6.155e-07
4.60246e-07
3.57244e-07
4.28202e-07
1.12581e-07
4.04937e-07
-1.14628e-07
3.85805e-07
-3.17638e-07
3.68044e-07
-5.03118e-07
-6.85122e-07
3.54329e-07
1.49776e-06
-1.02787e-07
1.80716e-06
3.06949e-06
1.70215e-06
4.12973e-06
1.56529e-06
4.22663e-06
1.44136e-06
4.0823e-06
1.33132e-06
3.85637e-06
1.23152e-06
3.59357e-06
1.13878e-06
3.31148e-06
1.05096e-06
3.01864e-06
9.66823e-07
2.71999e-06
8.85669e-07
2.41889e-06
8.07213e-07
2.11783e-06
7.31461e-07
1.81879e-06
6.58673e-07
1.52347e-06
5.89348e-07
1.23342e-06
5.24241e-07
9.50196e-07
4.64452e-07
6.75286e-07
4.11676e-07
4.10017e-07
3.68408e-07
1.55847e-07
3.36734e-07
-8.29547e-08
3.10738e-07
-2.91644e-07
2.85411e-07
-4.77793e-07
-6.65706e-07
2.65992e-07
1.60603e-06
-1.70883e-06
2.03286e-06
2.64264e-06
1.783e-06
4.37958e-06
1.58704e-06
4.42257e-06
1.44874e-06
4.22059e-06
1.33741e-06
3.96768e-06
1.23886e-06
3.69211e-06
1.14693e-06
3.4034e-06
1.05887e-06
3.10669e-06
9.73378e-07
2.80548e-06
8.89828e-07
2.50243e-06
8.07974e-07
2.19967e-06
7.27798e-07
1.89896e-06
6.49441e-07
1.60182e-06
5.73161e-07
1.3097e-06
4.99335e-07
1.02402e-06
4.28539e-07
7.46079e-07
3.62041e-07
4.76513e-07
3.03206e-07
2.1468e-07
2.56652e-07
-3.64026e-08
2.22064e-07
-2.57058e-07
1.88371e-07
-4.44102e-07
-6.4365e-07
1.66312e-07
9.34382e-07
1.67188e-06
1.6485e-06
1.5272e-06
1.42071e-06
1.32502e-06
1.23444e-06
1.14652e-06
1.06022e-06
9.75075e-07
8.90888e-07
8.07609e-07
7.25275e-07
6.43937e-07
5.63581e-07
4.8404e-07
4.04904e-07
3.24985e-07
2.42052e-07
1.65125e-07
1.03675e-07
7.25589e-08
5.75251e-08
-1.67704e-06
-9.78388e-07
-7.85995e-07
-8.91043e-07
8.91342e-08
-8.75127e-07
-9.06443e-07
9.95577e-07
-1.07562e-06
-1.28588e-06
-6.92539e-07
-1.27412e-06
-3.10639e-07
-1.25703e-06
-1.22926e-06
1.21843e-08
-9.33885e-07
-1.4557e-06
-7.15849e-07
-1.49212e-06
-5.05894e-07
-1.46694e-06
-1.39599e-06
-3.39118e-07
-7.51656e-07
-1.85357e-06
-4.16245e-07
-1.8274e-06
-2.81164e-07
-1.60212e-06
-1.359e-06
-3.1828e-07
-1.22924e-06
-2.64876e-06
-6.93405e-07
-2.3632e-06
-8.13116e-07
-1.4824e-06
-1.01995e-06
-1.15223e-06
-4.19351e-06
-2.05794e-06
-5.11555e-06
-1.44125e-06
-5.36511e-06
-1.23279e-06
-1.45513e-06
-4.92998e-06
-4.88921e-06
-1.21813e-06
-5.52788e-06
-8.02638e-07
-5.19215e-06
-1.56847e-06
-2.19205e-06
-4.45523e-06
-3.35488e-06
-1.48409e-06
-2.84604e-06
-1.31148e-06
-2.79439e-06
-1.62016e-06
-2.10761e-06
-2.87882e-06
-3.02912e-06
-1.58785e-06
-2.79336e-06
-1.54727e-06
-2.7315e-06
-1.6821e-06
-1.88885e-06
-2.9503e-06
-3.02449e-06
-1.541e-06
-3.04925e-06
-1.52253e-06
-3.15964e-06
-1.57175e-06
-1.65764e-06
-3.39092e-06
-2.95712e-06
-1.38043e-06
-3.11136e-06
-1.36833e-06
-3.30092e-06
-1.38224e-06
-1.41461e-06
-3.54401e-06
-2.76667e-06
-1.18154e-06
-2.96077e-06
-1.17429e-06
-3.16565e-06
-1.17742e-06
-1.19011e-06
-3.39021e-06
-2.5062e-06
-9.96972e-07
-2.68451e-06
-9.96064e-07
-2.86207e-06
-9.99928e-07
-1.00971e-06
-3.04252e-06
-2.22998e-06
-8.45059e-07
-2.37459e-06
-8.51507e-07
-2.51367e-06
-8.60872e-07
-8.74593e-07
-2.64878e-06
-1.97239e-06
-7.22167e-07
-2.08832e-06
-7.35537e-07
-2.19832e-06
-7.50837e-07
-7.69295e-07
-2.30356e-06
-1.74651e-06
-6.21129e-07
-1.84202e-06
-6.39925e-07
-1.93309e-06
-6.59675e-07
-6.81301e-07
-2.02101e-06
-1.55031e-06
-5.37342e-07
-1.63032e-06
-5.59792e-07
-1.7076e-06
-5.82298e-07
-6.05478e-07
-1.78336e-06
-1.3757e-06
-4.68226e-07
-1.44254e-06
-4.92872e-07
-1.50792e-06
-5.16853e-07
-5.40586e-07
-1.57278e-06
-1.2141e-06
-4.12168e-07
-1.26896e-06
-4.37987e-07
-1.32316e-06
-4.6264e-07
-4.86411e-07
-1.37734e-06
-1.0588e-06
-3.67893e-07
-1.10257e-06
-3.94248e-07
-1.14612e-06
-4.19121e-07
-4.42713e-07
-1.18984e-06
-9.05468e-07
-3.34256e-07
-9.38977e-07
-3.60797e-07
-9.72463e-07
-3.85683e-07
-4.09058e-07
-1.00616e-06
-7.51935e-07
-3.10163e-07
-7.76057e-07
-3.36741e-07
-8.00204e-07
-3.61592e-07
-3.84821e-07
-8.24482e-07
-5.97776e-07
-2.94532e-07
-6.13446e-07
-3.21132e-07
-6.29091e-07
-3.46e-07
-3.69215e-07
-6.44738e-07
-4.43851e-07
-2.8629e-07
-4.5206e-07
-3.12975e-07
-4.6014e-07
-3.37967e-07
-3.61329e-07
-4.68064e-07
-2.9193e-07
-2.84355e-07
-2.9371e-07
-3.11237e-07
-2.95227e-07
-3.3649e-07
-3.60165e-07
-2.96424e-07
-1.44377e-07
-2.87648e-07
-1.40787e-07
-3.14858e-07
-1.3679e-07
-3.40515e-07
-3.64667e-07
-1.32314e-07
-3.91227e-09
-2.95086e-07
3.97562e-09
-3.22762e-07
1.24127e-08
-3.4897e-07
-3.73747e-07
2.14791e-08
1.26587e-07
-3.05607e-07
1.37703e-07
-3.33882e-07
1.49501e-07
-3.60771e-07
-3.86312e-07
1.62063e-07
2.44243e-07
-3.18174e-07
2.57538e-07
-3.47169e-07
2.71635e-07
-3.74861e-07
-4.01286e-07
2.86616e-07
3.46332e-07
-3.31798e-07
3.608e-07
-3.61619e-07
3.76175e-07
-3.90219e-07
-4.17634e-07
3.92539e-07
4.3043e-07
-3.4556e-07
4.4513e-07
-3.76297e-07
4.60828e-07
-4.05895e-07
-4.34391e-07
4.77604e-07
4.94543e-07
-3.58629e-07
5.08624e-07
-3.90354e-07
5.23778e-07
-4.21027e-07
-4.50682e-07
5.40088e-07
5.37236e-07
-3.7028e-07
5.49957e-07
-4.03053e-07
5.63813e-07
-4.34864e-07
-4.65745e-07
5.78893e-07
5.5773e-07
-3.79914e-07
5.68476e-07
-4.13782e-07
5.80413e-07
-4.46784e-07
-4.78953e-07
5.93633e-07
5.55965e-07
-3.87067e-07
5.64267e-07
-4.22072e-07
5.73809e-07
-4.56316e-07
-4.89826e-07
5.8469e-07
5.32626e-07
-3.91421e-07
5.38168e-07
-4.27606e-07
5.45004e-07
-4.63146e-07
-4.98056e-07
5.53237e-07
4.89112e-07
-3.9281e-07
4.91749e-07
-4.3024e-07
4.95749e-07
-4.67144e-07
-5.03518e-07
5.01211e-07
4.27438e-07
-3.91241e-07
4.27222e-07
-4.30026e-07
4.2847e-07
-4.68392e-07
-5.06305e-07
4.31255e-07
3.50052e-07
-3.86967e-07
3.47313e-07
-4.27288e-07
3.46171e-07
-4.67253e-07
-5.06779e-07
3.46642e-07
2.59669e-07
-3.80647e-07
2.5516e-07
-4.22782e-07
2.5239e-07
-4.64485e-07
-5.05639e-07
2.51246e-07
1.59371e-07
-3.73709e-07
1.54486e-07
-4.17898e-07
1.51347e-07
-4.61349e-07
-5.03974e-07
1.49681e-07
5.34625e-08
5.0741e-08
4.90337e-08
4.80862e-08
9.32426e-07
-2.46391e-06
9.06245e-07
-2.50867e-06
9.70473e-07
-2.46431e-06
1.069e-06
-2.25321e-06
1.19482e-06
-1.90329e-06
1.32348e-06
-1.42169e-06
1.36336e-06
-9.64354e-07
1.19755e-06
-5.83124e-07
8.01291e-07
-2.64432e-07
4.08523e-07
4.95996e-08
6.77086e-07
7.31298e-07
1.64851e-06
1.55669e-06
2.69213e-06
1.85965e-06
2.59123e-06
1.33551e-06
1.15999e-06
7.36403e-07
-4.99967e-07
7.98348e-07
-9.26968e-07
2.50876e-06
-1.13236e-06
3.36716e-06
2.87907e-06
2.63982e-07
-2.71571e-06
3.26254e-07
-2.57094e-06
3.1508e-07
-2.45314e-06
3.02909e-07
-2.24104e-06
3.27396e-07
-1.92778e-06
4.52528e-07
-1.54682e-06
6.15685e-07
-1.12751e-06
7.06845e-07
-6.74285e-07
6.69831e-07
-2.27419e-07
5.65916e-07
1.53516e-07
7.1768e-07
5.79533e-07
1.18786e-06
1.08652e-06
1.59947e-06
1.44804e-06
1.30848e-06
1.62651e-06
2.16844e-07
1.82804e-06
-1.0632e-06
2.07839e-06
-1.20917e-06
2.65473e-06
-7.82046e-07
2.94004e-06
2.09703e-06
-1.86946e-07
-2.86785e-06
-1.97116e-07
-2.56075e-06
-3.53559e-07
-2.29667e-06
-5.20983e-07
-2.07359e-06
-5.41198e-07
-1.90754e-06
-4.05626e-07
-1.68238e-06
-1.56816e-07
-1.37631e-06
1.45976e-07
-9.77064e-07
4.5821e-07
-5.39645e-07
5.69116e-07
4.26147e-08
5.68924e-07
5.79726e-07
6.59528e-07
9.95911e-07
6.73468e-07
1.4341e-06
3.91547e-07
1.90842e-06
-1.5646e-07
2.37603e-06
-6.79408e-07
2.60133e-06
-4.88311e-07
2.46362e-06
3.66832e-07
2.08489e-06
2.46386e-06
-4.08189e-07
-2.77795e-06
-3.5735e-07
-2.61171e-06
-5.09742e-07
-2.14433e-06
-1.39101e-06
-1.19237e-06
-1.05902e-06
-2.23957e-06
-5.51294e-07
-2.19013e-06
-4.21029e-07
-1.50662e-06
-1.79e-07
-1.21912e-06
6.63245e-08
-7.84982e-07
2.36575e-07
-1.27635e-07
2.27647e-07
5.88663e-07
2.9439e-07
9.29181e-07
1.16236e-07
1.61226e-06
-2.28308e-07
2.25297e-06
-5.52555e-07
2.70028e-06
-4.16156e-07
2.46494e-06
9.37343e-07
1.11013e-06
2.00524e-06
1.01699e-06
4.46908e-06
-1.72812e-06
-2.2019e-06
-1.31733e-06
-3.02239e-06
-1.47401e-06
-1.98763e-06
-3.59074e-06
9.24373e-07
-2.31501e-06
-3.51526e-06
-4.9906e-07
-4.00603e-06
1.74555e-07
-2.1802e-06
5.65354e-07
-1.60991e-06
1.19811e-06
-1.41775e-06
1.94119e-06
-8.70747e-07
2.70148e-06
-1.71684e-07
3.5593e-06
7.13035e-08
3.42741e-06
1.74409e-06
2.53391e-06
3.14643e-06
2.5485e-06
2.68567e-06
4.70758e-06
3.0582e-07
8.74005e-06
-2.92236e-06
1.0484e-05
-7.26942e-07
1.4953e-05
-2.88646e-06
-4.24554e-06
-1.41743e-06
-4.49145e-06
1.47245e-07
-3.55234e-06
2.15899e-06
-1.0874e-06
1.72055e-06
-3.07684e-06
4.14449e-07
-2.69996e-06
9.35554e-08
-1.85933e-06
7.17616e-09
-1.52355e-06
7.79994e-08
-1.48858e-06
6.79534e-07
-1.47228e-06
1.67931e-06
-1.17144e-06
2.32246e-06
-5.71828e-07
3.21439e-06
8.52179e-07
3.33411e-06
3.02672e-06
3.82077e-06
2.19901e-06
4.66524e-06
-5.38664e-07
3.7708e-06
-2.02794e-06
3.59868e-06
-5.54835e-07
1.85517e-05
-2.65754e-06
-6.0433e-06
-1.96264e-06
-5.18641e-06
-8.82113e-07
-4.6329e-06
1.97809e-06
-3.9476e-06
1.98938e-06
-3.08813e-06
2.50197e-07
-9.6077e-07
-8.07171e-07
-8.01975e-07
-9.68418e-07
-1.36231e-06
-6.83027e-07
-1.77398e-06
-1.49362e-07
-2.00594e-06
4.34785e-07
-1.7556e-06
6.34742e-07
-7.71811e-07
1.44388e-06
4.30169e-08
2.99707e-06
1.4735e-06
3.50924e-06
1.68681e-06
1.62558e-06
1.34494e-06
-2.04195e-06
1.63955e-06
-4.41249e-06
1.81571e-06
1.41392e-05
-2.92347e-06
-5.99857e-06
-3.04408e-06
-5.06581e-06
-2.95343e-06
-4.72356e-06
-2.30203e-06
-4.59902e-06
-2.80824e-06
-2.58196e-06
-3.03449e-06
-7.346e-07
-3.27252e-06
-5.64039e-07
-3.11083e-06
-1.52408e-06
-2.32648e-06
-2.55839e-06
-1.34147e-06
-2.991e-06
-3.3557e-07
-2.76153e-06
7.23292e-07
-1.83072e-06
1.27374e-06
-5.07482e-07
1.99009e-06
7.57128e-07
2.05141e-06
1.62549e-06
9.1891e-07
2.47745e-06
-1.35786e-06
3.91629e-06
-4.42935e-06
4.88719e-06
9.70985e-06
-3.8898e-06
-5.05909e-06
-4.19899e-06
-4.75669e-06
-4.37964e-06
-4.54298e-06
-4.94474e-06
-4.03398e-06
-5.15049e-06
-2.37629e-06
-5.08453e-06
-8.00639e-07
-4.90175e-06
-7.46903e-07
-4.24066e-06
-2.18523e-06
-3.45902e-06
-3.34006e-06
-2.77045e-06
-3.67959e-06
-1.91775e-06
-3.61424e-06
-9.67341e-07
-2.78113e-06
-3.15915e-07
-1.1589e-06
3.87157e-07
5.40555e-08
6.67869e-07
1.34476e-06
4.02088e-07
2.74326e-06
-3.64898e-07
4.68326e-06
-1.62587e-06
6.14814e-06
8.08396e-06
-4.23767e-06
-4.21244e-06
-4.8201e-06
-4.17436e-06
-5.23096e-06
-4.1322e-06
-5.63221e-06
-3.6328e-06
-5.77982e-06
-2.22872e-06
-5.58612e-06
-9.94369e-07
-5.16499e-06
-1.16805e-06
-4.45712e-06
-2.89308e-06
-4.08072e-06
-3.71644e-06
-4.06181e-06
-3.69846e-06
-3.83516e-06
-3.84085e-06
-3.32644e-06
-3.28984e-06
-2.47088e-06
-2.01443e-06
-1.6003e-06
-8.16504e-07
-9.70245e-07
7.14673e-07
-4.98353e-07
2.27136e-06
-1.93051e-07
4.37793e-06
-1.57766e-07
6.11282e-06
7.92617e-06
-4.28281e-06
-3.47374e-06
-4.89284e-06
-3.56441e-06
-5.26157e-06
-3.76354e-06
-5.50365e-06
-3.39076e-06
-5.43664e-06
-2.29576e-06
-5.13781e-06
-1.29321e-06
-4.6488e-06
-1.65706e-06
-4.41862e-06
-3.12325e-06
-4.66974e-06
-3.46529e-06
-5.0807e-06
-3.28748e-06
-5.16754e-06
-3.75401e-06
-4.9066e-06
-3.55079e-06
-4.33183e-06
-2.58923e-06
-3.77597e-06
-1.37238e-06
-3.11652e-06
5.51705e-08
-2.21858e-06
1.37338e-06
-1.32499e-06
3.4843e-06
-6.05038e-07
5.39283e-06
7.32112e-06
-3.99116e-06
-2.87285e-06
-4.50758e-06
-3.04804e-06
-4.83921e-06
-3.43195e-06
-5.01193e-06
-3.21807e-06
-4.85613e-06
-2.4516e-06
-4.44438e-06
-1.705e-06
-4.18555e-06
-1.91592e-06
-4.49276e-06
-2.81607e-06
-5.04172e-06
-2.91636e-06
-5.42167e-06
-2.90757e-06
-5.55265e-06
-3.62307e-06
-5.48617e-06
-3.61731e-06
-5.5317e-06
-2.54377e-06
-5.59186e-06
-1.31227e-06
-5.34595e-06
-1.90788e-07
-4.83244e-06
8.59826e-07
-3.79729e-06
2.44911e-06
-2.22384e-06
3.81935e-06
5.09726e-06
-3.47755e-06
-2.43784e-06
-3.87606e-06
-2.64952e-06
-4.25655e-06
-3.05145e-06
-4.43085e-06
-3.04377e-06
-4.36568e-06
-2.51678e-06
-4.09675e-06
-1.97396e-06
-4.04272e-06
-1.96999e-06
-4.46431e-06
-2.39452e-06
-4.84366e-06
-2.53706e-06
-5.08272e-06
-2.66857e-06
-5.45502e-06
-3.25082e-06
-5.84432e-06
-3.22807e-06
-6.17374e-06
-2.21439e-06
-6.43608e-06
-1.04998e-06
-6.58935e-06
-3.75486e-08
-6.61616e-06
8.86616e-07
-5.66346e-06
1.49639e-06
-3.52003e-06
1.6759e-06
1.57723e-06
-2.95153e-06
-2.13508e-06
-3.25569e-06
-2.34532e-06
-3.63837e-06
-2.66873e-06
-3.91468e-06
-2.76743e-06
-3.99932e-06
-2.43211e-06
-3.95506e-06
-2.01821e-06
-3.96231e-06
-1.96273e-06
-4.2075e-06
-2.14935e-06
-4.47243e-06
-2.27217e-06
-4.70445e-06
-2.43658e-06
-5.2231e-06
-2.73221e-06
-5.83244e-06
-2.61876e-06
-6.17425e-06
-1.8726e-06
-6.32871e-06
-8.95537e-07
-6.38173e-06
1.54578e-08
-6.20346e-06
7.08344e-07
-5.212e-06
5.04914e-07
-3.17547e-06
-3.60629e-07
-1.59825e-06
-2.53857e-06
-1.90003e-06
-2.78678e-06
-2.09706e-06
-3.11895e-06
-2.33652e-06
-3.46676e-06
-2.41958e-06
-3.65724e-06
-2.24159e-06
-3.68619e-06
-1.98923e-06
-3.74424e-06
-1.90465e-06
-3.91882e-06
-1.97476e-06
-4.13348e-06
-2.05751e-06
-4.40185e-06
-2.16821e-06
-4.84105e-06
-2.29301e-06
-5.31348e-06
-2.14634e-06
-5.57469e-06
-1.61139e-06
-5.56628e-06
-9.03951e-07
-5.28917e-06
-2.61656e-07
-4.63792e-06
5.70891e-08
-3.60827e-06
-5.24739e-07
-2.08076e-06
-1.88816e-06
-3.67902e-06
-2.22259e-06
-1.69839e-06
-2.44995e-06
-1.86966e-06
-2.73817e-06
-2.04826e-06
-3.03627e-06
-2.12147e-06
-3.24351e-06
-2.03434e-06
-3.34654e-06
-1.88617e-06
-3.43885e-06
-1.81233e-06
-3.58671e-06
-1.82688e-06
-3.7737e-06
-1.87052e-06
-4.01252e-06
-1.92939e-06
-4.3395e-06
-1.96603e-06
-4.65012e-06
-1.83573e-06
-4.77236e-06
-1.48916e-06
-4.61585e-06
-1.06047e-06
-4.13494e-06
-7.42586e-07
-3.29409e-06
-7.83778e-07
-2.29889e-06
-1.51997e-06
-1.21296e-06
-2.97413e-06
-4.89202e-06
-1.9617e-06
-1.52001e-06
-2.1634e-06
-1.66792e-06
-2.40443e-06
-1.80723e-06
-2.65178e-06
-1.87412e-06
-2.84599e-06
-1.84014e-06
-2.97409e-06
-1.75808e-06
-3.08435e-06
-1.70207e-06
-3.21671e-06
-1.69452e-06
-3.37457e-06
-1.71266e-06
-3.56422e-06
-1.73976e-06
-3.78633e-06
-1.74394e-06
-3.96464e-06
-1.65745e-06
-3.98248e-06
-1.47135e-06
-3.76125e-06
-1.28174e-06
-3.26315e-06
-1.24073e-06
-2.50749e-06
-1.53949e-06
-1.64009e-06
-2.38743e-06
-7.65818e-07
-3.84847e-06
-5.65788e-06
-1.72755e-06
-1.36522e-06
-1.89987e-06
-1.49559e-06
-2.09773e-06
-1.60939e-06
-2.29942e-06
-1.67245e-06
-2.46917e-06
-1.67043e-06
-2.59705e-06
-1.63024e-06
-2.70679e-06
-1.59237e-06
-2.8219e-06
-1.57945e-06
-2.94849e-06
-1.58612e-06
-3.08783e-06
-1.60047e-06
-3.22862e-06
-1.6032e-06
-3.31818e-06
-1.56794e-06
-3.28206e-06
-1.50754e-06
-3.06585e-06
-1.49801e-06
-2.64897e-06
-1.65769e-06
-2.05604e-06
-2.13249e-06
-1.37093e-06
-3.07263e-06
-6.53306e-07
-4.56617e-06
-6.31123e-06
-1.50746e-06
-1.2351e-06
-1.64986e-06
-1.3532e-06
-1.80785e-06
-1.45142e-06
-1.96803e-06
-1.51231e-06
-2.10945e-06
-1.52906e-06
-2.22433e-06
-1.51541e-06
-2.32155e-06
-1.49522e-06
-2.41515e-06
-1.48592e-06
-2.51038e-06
-1.49095e-06
-2.60633e-06
-1.50459e-06
-2.69062e-06
-1.51899e-06
-2.72912e-06
-1.52952e-06
-2.6786e-06
-1.55815e-06
-2.50843e-06
-1.66826e-06
-2.21301e-06
-1.95319e-06
-1.81345e-06
-2.53214e-06
-1.34256e-06
-3.54361e-06
-7.60848e-07
-5.14797e-06
-7.07212e-06
-1.29514e-06
-1.12983e-06
-1.40852e-06
-1.23985e-06
-1.53052e-06
-1.32946e-06
-1.65317e-06
-1.3897e-06
-1.76456e-06
-1.41773e-06
-1.85807e-06
-1.42196e-06
-1.93625e-06
-1.4171e-06
-2.00612e-06
-1.41612e-06
-2.07216e-06
-1.42498e-06
-2.13302e-06
-1.44382e-06
-2.17947e-06
-1.47262e-06
-2.19204e-06
-1.51703e-06
-2.14885e-06
-1.60142e-06
-2.03954e-06
-1.77766e-06
-1.87229e-06
-2.12053e-06
-1.67116e-06
-2.73335e-06
-1.44447e-06
-3.77038e-06
-1.04248e-06
-5.55004e-06
-8.11463e-06
-1.08725e-06
-1.04877e-06
-1.17313e-06
-1.15401e-06
-1.2633e-06
-1.23934e-06
-1.35261e-06
-1.30042e-06
-1.43369e-06
-1.3367e-06
-1.50181e-06
-1.35389e-06
-1.5571e-06
-1.36187e-06
-1.60293e-06
-1.37035e-06
-1.64218e-06
-1.3858e-06
-1.67406e-06
-1.41201e-06
-1.69351e-06
-1.45324e-06
-1.69139e-06
-1.51921e-06
-1.65991e-06
-1.63296e-06
-1.6027e-06
-1.83494e-06
-1.53885e-06
-2.18443e-06
-1.50121e-06
-2.77105e-06
-1.50563e-06
-3.76601e-06
-1.37286e-06
-5.68287e-06
-9.48751e-06
-8.82643e-07
-9.90644e-07
-9.43059e-07
-1.09364e-06
-1.00477e-06
-1.17767e-06
-1.06426e-06
-1.24097e-06
-1.11681e-06
-1.28419e-06
-1.15903e-06
-1.31171e-06
-1.1903e-06
-1.33064e-06
-1.21215e-06
-1.34854e-06
-1.22622e-06
-1.37176e-06
-1.23265e-06
-1.40563e-06
-1.22939e-06
-1.45654e-06
-1.21331e-06
-1.53533e-06
-1.18468e-06
-1.66163e-06
-1.15262e-06
-1.86704e-06
-1.13837e-06
-2.19872e-06
-1.17319e-06
-2.73627e-06
-1.27393e-06
-3.66532e-06
-1.28625e-06
-5.67058e-06
-1.07738e-05
-6.81746e-07
-9.53676e-07
-7.19017e-07
-1.05642e-06
-7.55419e-07
-1.14131e-06
-7.88429e-07
-1.20799e-06
-8.14881e-07
-1.25777e-06
-8.32362e-07
-1.29426e-06
-8.4008e-07
-1.32295e-06
-8.38662e-07
-1.34999e-06
-8.29127e-07
-1.38132e-06
-8.11905e-07
-1.42287e-06
-7.86629e-07
-1.48184e-06
-7.53071e-07
-1.5689e-06
-7.13723e-07
-1.70099e-06
-6.76695e-07
-1.90408e-06
-6.56807e-07
-2.21862e-06
-6.72594e-07
-2.7205e-06
-7.26483e-07
-3.61145e-06
-7.698e-07
-5.62728e-06
-1.15436e-05
-4.8607e-07
-9.35711e-07
-5.0273e-07
-1.03981e-06
-5.16889e-07
-1.12719e-06
-5.26638e-07
-1.19828e-06
-5.29764e-07
-1.25467e-06
-5.24532e-07
-1.29951e-06
-5.10207e-07
-1.33729e-06
-4.86996e-07
-1.37321e-06
-4.55518e-07
-1.41281e-06
-4.16248e-07
-1.46215e-06
-3.69373e-07
-1.52872e-06
-3.15307e-07
-1.62297e-06
-2.55908e-07
-1.7604e-06
-1.95573e-07
-1.96442e-06
-1.41147e-07
-2.27305e-06
-1.01434e-07
-2.76023e-06
-9.93654e-08
-3.61353e-06
-1.68356e-07
-5.55831e-06
-1.17119e-05
-2.97829e-07
-9.34347e-07
-2.96562e-07
-1.04112e-06
-2.91509e-07
-1.13228e-06
-2.81168e-07
-1.20865e-06
-2.63931e-07
-1.27193e-06
-2.3854e-07
-1.32492e-06
-2.04396e-07
-1.37145e-06
-1.61549e-07
-1.41606e-06
-1.10404e-07
-1.46396e-06
-5.13637e-08
-1.52119e-06
1.53427e-08
-1.59542e-06
8.95334e-08
-1.69716e-06
1.70711e-07
-1.84157e-06
2.57785e-07
-2.05149e-06
3.48799e-07
-2.36407e-06
4.38341e-07
-2.84977e-06
5.07683e-07
-3.68287e-06
4.12164e-07
-5.4628e-06
-1.12998e-05
-1.19672e-07
-9.47024e-07
-1.03251e-07
-1.05758e-06
-8.20048e-08
-1.15356e-06
-5.47143e-08
-1.23596e-06
-2.01809e-08
-1.30648e-06
2.24971e-08
-1.36761e-06
7.37366e-08
-1.42269e-06
1.33466e-07
-1.4758e-06
2.01303e-07
-1.5318e-06
2.76808e-07
-1.5967e-06
3.59678e-07
-1.6783e-06
4.49864e-07
-1.78735e-06
5.47607e-07
-1.93932e-06
6.53506e-07
-2.15739e-06
7.68282e-07
-2.47885e-06
8.90107e-07
-2.9716e-06
9.95875e-07
-3.78865e-06
9.27838e-07
-5.39477e-06
-1.03719e-05
4.55321e-08
-9.71103e-07
7.4299e-08
-1.08637e-06
1.08747e-07
-1.18803e-06
1.49886e-07
-1.27712e-06
1.98616e-07
-1.35522e-06
2.55543e-07
-1.42455e-06
3.20858e-07
-1.48802e-06
3.94318e-07
-1.54926e-06
4.75346e-07
-1.61283e-06
5.63194e-07
-1.68455e-06
6.57112e-07
-1.77222e-06
7.56491e-07
-1.88673e-06
8.60974e-07
-2.0438e-06
9.70477e-07
-2.2669e-06
1.08475e-06
-2.59312e-06
1.20045e-06
-3.08732e-06
1.2948e-06
-3.88301e-06
1.24187e-06
-5.34185e-06
-9.13008e-06
1.94879e-07
-1.00393e-06
2.33201e-07
-1.12469e-06
2.77921e-07
-1.23275e-06
3.29882e-07
-1.32909e-06
3.89748e-07
-1.41509e-06
4.57863e-07
-1.49267e-06
5.34148e-07
-1.56431e-06
6.18062e-07
-1.63318e-06
7.08623e-07
-1.7034e-06
8.04473e-07
-1.7804e-06
9.03932e-07
-1.87168e-06
1.00501e-06
-1.98782e-06
1.1053e-06
-2.1441e-06
1.20146e-06
-2.36307e-06
1.28775e-06
-2.67942e-06
1.35107e-06
-3.15065e-06
1.35356e-06
-3.88551e-06
1.16569e-06
-5.15401e-06
-7.9644e-06
3.25592e-07
-1.0429e-06
3.70751e-07
-1.16984e-06
4.22918e-07
-1.28491e-06
4.82801e-07
-1.38897e-06
5.50867e-07
-1.48316e-06
6.27217e-07
-1.56902e-06
7.11481e-07
-1.64857e-06
8.02738e-07
-1.72444e-06
8.9946e-07
-1.80012e-06
9.9946e-07
-1.88041e-06
1.0998e-06
-1.97204e-06
1.19664e-06
-2.08466e-06
1.28476e-06
-2.23223e-06
1.35663e-06
-2.43496e-06
1.39985e-06
-2.72266e-06
1.39055e-06
-3.14137e-06
1.27526e-06
-3.77025e-06
9.15172e-07
-4.79394e-06
-7.04925e-06
4.35179e-07
-1.08553e-06
4.84587e-07
-1.21923e-06
5.41532e-07
-1.34184e-06
6.06615e-07
-1.45404e-06
6.80139e-07
-1.55667e-06
7.61991e-07
-1.65087e-06
8.51519e-07
-1.7381e-06
9.47406e-07
-1.82033e-06
1.04754e-06
-1.90026e-06
1.14884e-06
-1.98172e-06
1.24708e-06
-2.07028e-06
1.33652e-06
-2.17411e-06
1.4094e-06
-2.30513e-06
1.45499e-06
-2.48057e-06
1.45746e-06
-2.72515e-06
1.39098e-06
-3.07491e-06
1.20807e-06
-3.58737e-06
8.09559e-07
-4.39546e-06
-6.23971e-06
5.21577e-07
-1.12948e-06
5.7283e-07
-1.27046e-06
6.32092e-07
-1.40108e-06
6.9988e-07
-1.52181e-06
7.76371e-07
-1.63315e-06
8.6128e-07
-1.73577e-06
9.53722e-07
-1.83054e-06
1.05204e-06
-1.91865e-06
1.1536e-06
-2.00183e-06
1.25456e-06
-2.08269e-06
1.34949e-06
-2.16524e-06
1.43107e-06
-2.2557e-06
1.48951e-06
-2.36359e-06
1.51203e-06
-2.50312e-06
1.48197e-06
-2.69512e-06
1.37728e-06
-2.97026e-06
1.16674e-06
-3.37686e-06
7.93e-07
-4.02176e-06
-5.44673e-06
5.83286e-07
-1.17266e-06
6.34217e-07
-1.32136e-06
6.93586e-07
-1.46043e-06
7.61846e-07
-1.59006e-06
8.39087e-07
-1.71038e-06
9.24915e-07
-1.8216e-06
1.0183e-06
-1.92392e-06
1.11736e-06
-2.01772e-06
1.21911e-06
-2.10361e-06
1.31915e-06
-2.18274e-06
1.41118e-06
-2.25729e-06
1.48657e-06
-2.33113e-06
1.53389e-06
-2.41094e-06
1.5385e-06
-2.50777e-06
1.48265e-06
-2.63931e-06
1.34597e-06
-2.83362e-06
1.10614e-06
-3.13708e-06
7.32978e-07
-3.64864e-06
-4.71378e-06
6.19483e-07
-1.21323e-06
6.6821e-07
-1.37007e-06
7.25756e-07
-1.51797e-06
7.92531e-07
-1.65682e-06
8.68577e-07
-1.78643e-06
9.53462e-07
-1.90649e-06
1.04612e-06
-2.01659e-06
1.14463e-06
-2.11625e-06
1.24591e-06
-2.20491e-06
1.34531e-06
-2.28217e-06
1.43608e-06
-2.34808e-06
1.50874e-06
-2.40382e-06
1.5505e-06
-2.45273e-06
1.54475e-06
-2.50206e-06
1.47108e-06
-2.56568e-06
1.30606e-06
-2.66865e-06
1.0248e-06
-2.85586e-06
5.99081e-07
-3.22299e-06
-4.11473e-06
6.30104e-07
-1.24969e-06
6.75065e-07
-1.41502e-06
7.29166e-07
-1.57206e-06
7.92772e-07
-1.72043e-06
8.65915e-07
-1.85958e-06
9.48198e-07
-1.98878e-06
1.03866e-06
-2.10707e-06
1.13552e-06
-2.21314e-06
1.23593e-06
-2.30534e-06
1.3354e-06
-2.38167e-06
1.4273e-06
-2.44001e-06
1.50198e-06
-2.47855e-06
1.54598e-06
-2.49677e-06
1.54112e-06
-2.49725e-06
1.46418e-06
-2.4888e-06
1.28749e-06
-2.49201e-06
9.81677e-07
-2.55011e-06
5.21542e-07
-2.76291e-06
-3.59323e-06
6.15898e-07
-1.28089e-06
6.55885e-07
-1.455e-06
7.05228e-07
-1.62141e-06
7.64242e-07
-1.77945e-06
8.32961e-07
-1.92831e-06
9.1109e-07
-2.06693e-06
9.97884e-07
-2.19388e-06
1.09195e-06
-2.30723e-06
1.19092e-06
-2.40434e-06
1.29103e-06
-2.48182e-06
1.3864e-06
-2.53542e-06
1.46813e-06
-2.56032e-06
1.52313e-06
-2.55183e-06
1.53284e-06
-2.507e-06
1.47216e-06
-2.42818e-06
1.30998e-06
-2.32989e-06
1.01369e-06
-2.25388e-06
5.61645e-07
-2.31093e-06
-3.03162e-06
5.78442e-07
-1.30609e-06
6.12618e-07
-1.48918e-06
6.56209e-07
-1.665e-06
7.09438e-07
-1.83269e-06
7.72346e-07
-1.99123e-06
8.44778e-07
-2.13938e-06
9.263e-07
-2.27543e-06
1.01605e-06
-2.39701e-06
1.11247e-06
-2.5008e-06
1.21292e-06
-2.58231e-06
1.31299e-06
-2.63554e-06
1.40553e-06
-2.65291e-06
1.47918e-06
-2.62552e-06
1.51635e-06
-2.54423e-06
1.4911e-06
-2.40299e-06
1.36803e-06
-2.20687e-06
1.10623e-06
-1.99214e-06
6.68978e-07
-1.87374e-06
-2.36267e-06
5.20113e-07
-1.325e-06
5.48034e-07
-1.51711e-06
5.85188e-07
-1.70217e-06
6.31653e-07
-1.87917e-06
6.87459e-07
-2.04706e-06
7.52594e-07
-2.20454e-06
8.26973e-07
-2.34984e-06
9.10346e-07
-2.48041e-06
1.00214e-06
-2.59263e-06
1.10116e-06
-2.68136e-06
1.20505e-06
-2.73947e-06
1.30937e-06
-2.75728e-06
1.40593e-06
-2.72212e-06
1.48002e-06
-2.61838e-06
1.50626e-06
-2.42929e-06
1.44374e-06
-2.1444e-06
1.23497e-06
-1.78343e-06
8.08042e-07
-1.44688e-06
-1.55466e-06
4.44043e-07
-1.33779e-06
4.65663e-07
-1.53874e-06
4.95991e-07
-1.73251e-06
5.34912e-07
-1.91811e-06
5.82409e-07
-2.09457e-06
6.38589e-07
-2.26074e-06
7.03677e-07
-2.41495e-06
7.78005e-07
-2.55477e-06
8.61966e-07
-2.67663e-06
9.55902e-07
-2.77534e-06
1.05982e-06
-2.84343e-06
1.17272e-06
-2.87022e-06
1.29105e-06
-2.8405e-06
1.40558e-06
-2.73296e-06
1.49492e-06
-2.51868e-06
1.51457e-06
-2.16411e-06
1.38523e-06
-1.65414e-06
9.81007e-07
-1.04272e-06
-5.73679e-07
3.54039e-07
-1.34519e-06
3.69702e-07
-1.55441e-06
3.93092e-07
-1.75591e-06
4.23878e-07
-1.94891e-06
4.61978e-07
-2.13269e-06
5.07559e-07
-2.30634e-06
5.61053e-07
-2.46847e-06
6.232e-07
-2.61694e-06
6.95133e-07
-2.74859e-06
7.78473e-07
-2.85871e-06
8.75397e-07
-2.94039e-06
9.88479e-07
-2.98334e-06
1.11989e-06
-2.97195e-06
1.2688e-06
-2.88191e-06
1.42418e-06
-2.6741e-06
1.54706e-06
-2.28704e-06
1.53967e-06
-1.6468e-06
1.20069e-06
-7.03784e-07
6.26995e-07
2.54533e-07
-1.34848e-06
2.64913e-07
-1.5648e-06
2.81466e-07
-1.77247e-06
3.03708e-07
-1.97116e-06
3.31503e-07
-2.1605e-06
3.65015e-07
-2.33987e-06
4.04723e-07
-2.50819e-06
4.51496e-07
-2.66373e-06
5.06754e-07
-2.80387e-06
5.72744e-07
-2.92472e-06
6.52942e-07
-3.02061e-06
7.52561e-07
-3.08299e-06
8.78964e-07
-3.09838e-06
1.04125e-06
-3.04423e-06
1.24631e-06
-2.8792e-06
1.4801e-06
-2.52086e-06
1.64989e-06
-1.81663e-06
1.47415e-06
-5.28086e-07
2.10114e-06
1.50609e-07
-1.34942e-06
1.56511e-07
-1.5707e-06
1.66419e-07
-1.78239e-06
1.79863e-07
-1.98461e-06
1.96707e-07
-2.17735e-06
2.17065e-07
-2.36024e-06
2.41297e-07
-2.53244e-06
2.70078e-07
-2.69253e-06
3.04557e-07
-2.83836e-06
3.46662e-07
-2.96684e-06
3.99632e-07
-3.0736e-06
4.68943e-07
-3.15231e-06
5.6377e-07
-3.19322e-06
6.99201e-07
-3.17968e-06
8.99716e-07
-3.07973e-06
1.19911e-06
-2.82026e-06
1.5832e-06
-2.20074e-06
1.71009e-06
-6.54996e-07
3.81122e-06
4.80609e-08
5.00009e-08
5.33307e-08
5.78222e-08
6.34101e-08
7.01302e-08
7.81098e-08
8.75934e-08
9.90117e-08
1.13123e-07
1.31301e-07
1.5613e-07
1.92673e-07
2.50967e-07
3.50834e-07
5.34218e-07
9.03332e-07
1.41493e-06
)
;

boundaryField
{
    leftWall
    {
        type            calculated;
        value           uniform 0;
    }
    rightWall
    {
        type            calculated;
        value           uniform 0;
    }
    lowerWall
    {
        type            calculated;
        value           uniform 0;
    }
    atmosphere
    {
        type            calculated;
        value           nonuniform List<scalar> 
46
(
-2.64323e-06
1.90514e-06
4.40295e-06
4.54386e-06
4.32708e-06
4.06336e-06
3.78268e-06
3.49132e-06
3.19298e-06
2.89062e-06
2.58662e-06
2.28295e-06
1.98129e-06
1.68315e-06
1.39005e-06
1.10356e-06
8.25212e-07
5.56431e-07
2.97611e-07
4.05228e-08
-1.95609e-07
-4.12988e-07
-6.28618e-07
-3.69647e-07
-4.15178e-07
-4.59642e-07
-5.03028e-07
-1.34939e-06
-1.57265e-06
-1.78572e-06
-1.98911e-06
-2.18294e-06
-2.36696e-06
-2.54042e-06
-2.70202e-06
-2.84979e-06
-2.98096e-06
-3.09179e-06
-3.17715e-06
-3.22978e-06
-3.23798e-06
-3.17961e-06
-3.00366e-06
-2.56987e-06
-1.1666e-06
5.22615e-06
)
;
    }
    defaultFaces
    {
        type            empty;
        value           nonuniform List<scalar> 0();
    }
}


// ************************************************************************* //
