/*--------------------------------*- C++ -*----------------------------------*\
  =========                 |
  \\      /  F ield         | OpenFOAM: The Open Source CFD Toolbox
   \\    /   O peration     | Website:  https://openfoam.org
    \\  /    A nd           | Version:  9
     \\/     M anipulation  |
\*---------------------------------------------------------------------------*/
FoamFile
{
    format      ascii;
    class       volVectorField;
    location    "4.21";
    object      U;
}
// * * * * * * * * * * * * * * * * * * * * * * * * * * * * * * * * * * * * * //

dimensions      [0 1 -1 0 0 0 0];

internalField   nonuniform List<vector> 
2268
(
(0.00234259 -0.00110293 0)
(0.00620584 -0.00085695 0)
(0.00880065 -0.000658165 0)
(0.0111861 -0.000544744 0)
(0.0130956 -0.00043089 0)
(0.0145794 -0.000318234 0)
(0.0156683 -0.000205561 0)
(0.0163751 -0.000100376 0)
(0.0167067 -6.41872e-06 0)
(0.0167147 7.20808e-05 0)
(0.0164972 0.000117962 0)
(0.0161833 8.49735e-05 0)
(0.0160214 -4.23791e-05 0)
(0.0163227 -0.000304771 0)
(0.0174109 -0.000704728 0)
(0.0194685 -0.00111422 0)
(0.0219644 -0.000405146 0)
(0.0191664 0.00281125 0)
(0.00631465 0.00489636 0)
(-0.00618869 0.00241006 0)
(-0.00817991 -0.00107716 0)
(-0.00293686 -0.00212368 0)
(0.000508169 -0.000204949 0)
(0.00196802 -0.00298052 0)
(0.00545556 -0.00234719 0)
(0.0080094 -0.00188811 0)
(0.0103766 -0.00154844 0)
(0.0122915 -0.00123845 0)
(0.0138161 -0.000943823 0)
(0.014969 -0.000660439 0)
(0.0157624 -0.000392206 0)
(0.0162153 -0.00014946 0)
(0.0163745 4.57355e-05 0)
(0.0163018 0.00017058 0)
(0.0160713 0.000171027 0)
(0.0158143 -2.78723e-06 0)
(0.015697 -0.000385347 0)
(0.0158199 -0.000940222 0)
(0.0161055 -0.00135085 0)
(0.0160502 0.000166353 0)
(0.0136033 0.00532723 0)
(0.00716465 0.00824281 0)
(0.000252767 0.00506962 0)
(-0.00272122 -0.00060912 0)
(-0.00173934 -0.00265977 0)
(-0.00138452 -0.000875462 0)
(0.00173378 -0.00452457 0)
(0.00501118 -0.0036597 0)
(0.00753992 -0.0030281 0)
(0.00992794 -0.00251656 0)
(0.0119098 -0.00203494 0)
(0.0135252 -0.00157218 0)
(0.01478 -0.00112623 0)
(0.0156817 -0.000700361 0)
(0.0162442 -0.000311374 0)
(0.0165063 6.22771e-06 0)
(0.0165109 0.000226824 0)
(0.016289 0.000297344 0)
(0.0159003 0.00015053 0)
(0.0154132 -0.000233537 0)
(0.0148061 -0.000761161 0)
(0.0138547 -0.00100597 0)
(0.0124388 0.000910006 0)
(0.010383 0.00677592 0)
(0.00759121 0.00993971 0)
(0.00420689 0.00689745 0)
(0.00130976 0.000212257 0)
(0.000354092 -0.00259057 0)
(-0.000508122 -0.0014499 0)
(0.00158478 -0.00606497 0)
(0.00469554 -0.00500265 0)
(0.00725149 -0.00422022 0)
(0.00970579 -0.00355428 0)
(0.0117953 -0.0029061 0)
(0.0135319 -0.00227423 0)
(0.0149105 -0.00166116 0)
(0.0159304 -0.00107121 0)
(0.0165984 -0.000529327 0)
(0.0169447 -7.33681e-05 0)
(0.0169956 0.000272871 0)
(0.0167454 0.000461365 0)
(0.0162028 0.000415933 0)
(0.0153814 0.00013623 0)
(0.0141985 -0.000231118 0)
(0.0123886 -0.000197496 0)
(0.0100493 0.00187707 0)
(0.00840067 0.00754155 0)
(0.00760472 0.0106976 0)
(0.00639359 0.00800739 0)
(0.00435521 0.00119247 0)
(0.00251916 -0.00202551 0)
(0.00121717 -0.00103401 0)
(0.00148844 -0.00748661 0)
(0.00448868 -0.00633382 0)
(0.00711875 -0.00544696 0)
(0.00968063 -0.00464939 0)
(0.0119083 -0.00384285 0)
(0.0137876 -0.00304269 0)
(0.0153036 -0.00225852 0)
(0.0164461 -0.00149647 0)
(0.0172129 -0.000789684 0)
(0.0176281 -0.000179725 0)
(0.0177055 0.000320102 0)
(0.0174082 0.000672144 0)
(0.016709 0.000792061 0)
(0.0155976 0.000698786 0)
(0.0139865 0.000581129 0)
(0.0116727 0.000929821 0)
(0.00882622 0.00299866 0)
(0.00721184 0.00787197 0)
(0.0073906 0.01079 0)
(0.00758473 0.0084369 0)
(0.00615516 0.00219978 0)
(0.00370468 -0.00113404 0)
(0.00205898 0.000460437 0)
(0.00143554 -0.00885409 0)
(0.00439934 -0.00767286 0)
(0.00714449 -0.00671888 0)
(0.00984806 -0.00580751 0)
(0.0122352 -0.00484757 0)
(0.0142695 -0.00387778 0)
(0.0159291 -0.0029166 0)
(0.0171933 -0.0019718 0)
(0.0180497 -0.00108583 0)
(0.0185189 -0.000304389 0)
(0.0186084 0.000374681 0)
(0.0182552 0.000930695 0)
(0.0174085 0.00126568 0)
(0.0160585 0.0014087 0)
(0.0141444 0.00157499 0)
(0.0115694 0.00220436 0)
(0.00858602 0.00419085 0)
(0.00685807 0.00811564 0)
(0.00717931 0.0105175 0)
(0.00779256 0.00851818 0)
(0.0064298 0.00327734 0)
(0.0035701 -0.000101767 0)
(0.00133183 0.00127037 0)
(0.00140942 -0.0102365 0)
(0.00443267 -0.00905193 0)
(0.00733258 -0.008056 0)
(0.0102012 -0.00704147 0)
(0.012758 -0.00592806 0)
(0.0149505 -0.004784 0)
(0.0167527 -0.0036371 0)
(0.0181328 -0.00249537 0)
(0.019067 -0.00141268 0)
(0.0195747 -0.000441483 0)
(0.0196638 0.000440127 0)
(0.0192513 0.00123593 0)
(0.0182715 0.00182338 0)
(0.0167302 0.0022292 0)
(0.0146067 0.00267631 0)
(0.0119034 0.00352936 0)
(0.00895362 0.00538257 0)
(0.00711817 0.00846266 0)
(0.00708413 0.0102831 0)
(0.00729814 0.00867184 0)
(0.00555022 0.00449056 0)
(0.00211044 0.00127573 0)
(-0.00166645 0.00354073 0)
(0.00143315 -0.0116247 0)
(0.00459361 -0.0105043 0)
(0.0076757 -0.00949228 0)
(0.0107154 -0.00837739 0)
(0.0134389 -0.00710532 0)
(0.0157828 -0.0057785 0)
(0.0177198 -0.00443319 0)
(0.0192058 -0.00307457 0)
(0.0202048 -0.00177138 0)
(0.0207349 -0.000588449 0)
(0.0208098 0.000518432 0)
(0.0203368 0.00159313 0)
(0.0192416 0.0024652 0)
(0.0175504 0.00314866 0)
(0.0152826 0.00386446 0)
(0.0125121 0.00489125 0)
(0.00961079 0.00659092 0)
(0.00763218 0.00899878 0)
(0.00704124 0.0103605 0)
(0.00652189 0.00917031 0)
(0.00418626 0.00600969 0)
(0.000400794 0.00311362 0)
(-0.00565097 5.61281e-05 0)
(-0.0113531 0.00275715 0)
(-0.00656778 -0.00241176 0)
(-0.0010537 -0.00176479 0)
(0.001246 -0.000624964 0)
(0.0010772 0.00011709 0)
(-0.000784202 0.000625382 0)
(-0.00386562 0.00101944 0)
(-0.00750032 0.000799592 0)
(-0.00873368 -0.000778201 0)
(-0.00327074 -0.00247534 0)
(0.0037577 -0.00105676 0)
(0.000931019 0.0041094 0)
(-0.0245502 0.00768086 0)
(-0.040939 0.000717727 0)
(-0.0185144 -0.0100197 0)
(0.0151028 -0.0116192 0)
(0.0503133 -0.00945258 0)
(0.067435 0.00403039 0)
(0.0277784 0.0118999 0)
(-0.00301174 0.00510722 0)
(-0.00149104 -0.00265951 0)
(-0.00118743 -0.00188889 0)
(-0.00176814 -0.000361112 0)
(-0.00317895 0.000812861 0)
(-0.00536897 0.00161508 0)
(-0.00792474 0.00206467 0)
(-0.0104028 0.00150108 0)
(-0.0118147 -0.00102223 0)
(-0.0100405 -0.00369924 0)
(-0.00805481 -0.000572755 0)
(-0.0119027 0.00824251 0)
(-0.0229604 0.0113075 0)
(-0.0210414 -0.00186222 0)
(-0.00531319 -0.0173668 0)
(0.0144338 -0.0206505 0)
(0.0342195 -0.0163888 0)
(0.0502959 0.00815947 0)
(0.030375 0.0282167 0)
(0.0026117 0.00466467 0)
(0.000158899 -0.00218065 0)
(-0.00238867 -0.00121603 0)
(-0.00456749 0.000357721 0)
(-0.00665859 0.00168847 0)
(-0.00899874 0.00260774 0)
(-0.0113658 0.00301547 0)
(-0.0136139 0.00226597 0)
(-0.0154102 -0.000691452 0)
(-0.015901 -0.00393141 0)
(-0.0163151 0.000240701 0)
(-0.0182723 0.00987932 0)
(-0.0192565 0.0103963 0)
(-0.0116363 -0.00633503 0)
(-0.000790826 -0.0227945 0)
(0.0108307 -0.0271378 0)
(0.0232128 -0.0218706 0)
(0.0310523 0.00868696 0)
(0.022528 0.0418383 0)
(0.00363369 0.00371812 0)
(-0.000639274 -0.00070065 0)
(-0.00462225 9.59843e-05 0)
(-0.00763797 0.00140772 0)
(-0.0100688 0.0026806 0)
(-0.01241 0.00360975 0)
(-0.014683 0.00397096 0)
(-0.0168997 0.00313724 0)
(-0.0189913 -3.18621e-06 0)
(-0.0210244 -0.00339655 0)
(-0.0223638 0.000667923 0)
(-0.0213872 0.00944627 0)
(-0.0163181 0.00780483 0)
(-0.00719902 -0.010103 0)
(-0.000309944 -0.0262293 0)
(0.00616013 -0.0314167 0)
(0.0139056 -0.0248643 0)
(0.0157552 0.00962866 0)
(0.0118764 0.050456 0)
(0.00222322 0.00327569 0)
(-0.00320078 0.00126276 0)
(-0.00778082 0.00176878 0)
(-0.0111324 0.00262171 0)
(-0.013635 0.00370736 0)
(-0.0158544 0.00457913 0)
(-0.0179956 0.00492015 0)
(-0.0201198 0.00404849 0)
(-0.0222677 0.000929824 0)
(-0.0250602 -0.00237866 0)
(-0.0267389 0.00057649 0)
(-0.0235323 0.00739182 0)
(-0.0148741 0.00404034 0)
(-0.00598771 -0.0130927 0)
(-0.00228376 -0.0281562 0)
(0.000633434 -0.0338806 0)
(0.00516973 -0.0261261 0)
(0.00232735 0.0111011 0)
(-0.00132864 0.0537414 0)
(-0.000361246 0.00419892 0)
(-0.00705786 0.00358916 0)
(-0.0117247 0.00355726 0)
(-0.0150562 0.0038528 0)
(-0.0174179 0.00468779 0)
(-0.0193843 0.00546271 0)
(-0.0212486 0.00580957 0)
(-0.023131 0.00491855 0)
(-0.0250984 0.00190913 0)
(-0.0278242 -0.00127577 0)
(-0.0292053 0.000166172 0)
(-0.0247643 0.0043964 0)
(-0.0149998 -4.26638e-05 0)
(-0.00732305 -0.0152376 0)
(-0.00592733 -0.0289156 0)
(-0.00567333 -0.034967 0)
(-0.00396892 -0.0261261 0)
(-0.0088382 0.0138817 0)
(-0.0126384 0.0507733 0)
(-0.00426103 0.00605314 0)
(-0.0120588 0.00614165 0)
(-0.0162968 0.00527064 0)
(-0.0193422 0.00498804 0)
(-0.0214129 0.0055563 0)
(-0.0230038 0.00619844 0)
(-0.024412 0.00655558 0)
(-0.0258586 0.00567131 0)
(-0.027439 0.00276927 0)
(-0.0295915 -0.000403041 0)
(-0.0302316 -0.000521904 0)
(-0.0254136 0.00121426 0)
(-0.0163554 -0.00374733 0)
(-0.010301 -0.0166631 0)
(-0.0105795 -0.0287437 0)
(-0.0127137 -0.0349222 0)
(-0.0138767 -0.025476 0)
(-0.0169273 0.0161155 0)
(-0.0163481 0.0437858 0)
(-0.0116289 0.0128811 0)
(-0.0176858 0.00853576 0)
(-0.0212474 0.00674917 0)
(-0.0238589 0.00596979 0)
(-0.0255801 0.00626099 0)
(-0.0267132 0.00670628 0)
(-0.0275028 0.00703245 0)
(-0.0282819 0.00617958 0)
(-0.029263 0.00338518 0)
(-0.030605 9.76357e-05 0)
(-0.0304154 -0.00144643 0)
(-0.0257882 -0.00171372 0)
(-0.0182142 -0.00678408 0)
(-0.0138631 -0.0174246 0)
(-0.0155801 -0.0276933 0)
(-0.0200298 -0.0337253 0)
(-0.0236825 -0.0246418 0)
(-0.0229048 0.0160526 0)
(-0.0145572 0.0354727 0)
(0.00157064 -0.0134399 0)
(0.00505358 -0.0129872 0)
(0.00839 -0.0119752 0)
(0.0116751 -0.010685 0)
(0.0146341 -0.00914716 0)
(0.0171914 -0.00751402 0)
(0.0193177 -0.00583087 0)
(0.0209506 -0.00409095 0)
(0.0220326 -0.00239329 0)
(0.0225729 -0.000837133 0)
(0.0225994 0.000664575 0)
(0.0220281 0.00225577 0)
(0.020784 0.00362352 0)
(0.018917 0.00475843 0)
(0.0164966 0.00587739 0)
(0.0136661 0.00711971 0)
(0.0107935 0.00859572 0)
(0.00851985 0.0102319 0)
(0.00698601 0.0111687 0)
(0.00518837 0.0107217 0)
(0.00170446 0.00919698 0)
(-0.00373276 0.00769448 0)
(-0.0116813 0.0046762 0)
(0.00147471 -0.0181914 0)
(0.00551738 -0.0167708 0)
(0.00928067 -0.0152945 0)
(0.0127951 -0.0136296 0)
(0.0159478 -0.0117017 0)
(0.0187004 -0.00965371 0)
(0.0209986 -0.00751673 0)
(0.0227759 -0.00525207 0)
(0.02396 -0.00299725 0)
(0.0244856 -0.000916444 0)
(0.024346 0.00112715 0)
(0.0236082 0.00323892 0)
(0.0222833 0.00511018 0)
(0.0203415 0.00669096 0)
(0.0178497 0.00813878 0)
(0.0150059 0.00947627 0)
(0.0120825 0.0107185 0)
(0.00938441 0.0118339 0)
(0.00687973 0.0126316 0)
(0.00393451 0.0130213 0)
(-0.000244402 0.0131359 0)
(-0.00575761 0.0133516 0)
(-0.012842 0.0128462 0)
(0.00346251 -0.0163031 0)
(0.00649998 -0.0178884 0)
(0.00973766 -0.0170099 0)
(0.0127217 -0.0154329 0)
(0.0156756 -0.0133356 0)
(0.0184874 -0.0111387 0)
(0.0207548 -0.00883472 0)
(0.0226114 -0.00624066 0)
(0.0242919 -0.00353192 0)
(0.0253921 -0.00101706 0)
(0.0255241 0.00151448 0)
(0.0249665 0.00397807 0)
(0.0240257 0.00630458 0)
(0.0225482 0.00841671 0)
(0.0205015 0.0102489 0)
(0.0179265 0.0117272 0)
(0.0148479 0.0129561 0)
(0.0115487 0.0140517 0)
(0.00818096 0.0151409 0)
(0.00459776 0.0162764 0)
(0.000418061 0.0174005 0)
(-0.00443663 0.0181892 0)
(-0.0113376 0.0185004 0)
(0.00580024 -0.0277921 0)
(0.00472957 -0.0220375 0)
(0.00689619 -0.0200055 0)
(0.00789483 -0.0180653 0)
(0.0100858 -0.015673 0)
(0.0136042 -0.0129399 0)
(0.0148689 -0.00998031 0)
(0.0154735 -0.00738601 0)
(0.0182484 -0.00474984 0)
(0.0210862 -0.00158988 0)
(0.0220317 0.00175174 0)
(0.0220372 0.00443639 0)
(0.0217463 0.00710817 0)
(0.0217653 0.00956173 0)
(0.0225411 0.0115542 0)
(0.0221118 0.0137891 0)
(0.0184262 0.0154712 0)
(0.0132234 0.016624 0)
(0.00777368 0.0180761 0)
(0.00419515 0.0188583 0)
(0.00281798 0.020233 0)
(0.00264331 0.0216256 0)
(-0.00987958 0.0247133 0)
(0.00332348 -0.0317343 0)
(0.00535942 -0.0296857 0)
(-0.000970304 -0.0236978 0)
(-0.0195136 -0.0192108 0)
(-0.0290493 -0.0258394 0)
(-0.0257987 -0.0234377 0)
(-0.0219087 -0.0139743 0)
(-0.0148748 -0.015217 0)
(-0.00486235 -0.0149657 0)
(0.00447098 -0.00723438 0)
(0.0112073 -0.000291474 0)
(0.0158436 0.00420725 0)
(0.0196266 0.00772896 0)
(0.023288 0.00968228 0)
(0.0260909 0.0120184 0)
(0.029151 0.0194842 0)
(0.0307632 0.0286261 0)
(0.0301476 0.0295471 0)
(0.0340558 0.0295238 0)
(0.0354366 0.0272665 0)
(0.0340267 0.028108 0)
(0.0325417 0.0340301 0)
(0.0118916 0.0738146 0)
(-0.00287801 -0.0342605 0)
(0.00503509 -0.0224107 0)
(0.00878221 -0.00292001 0)
(-0.00318257 0.012518 0)
(-0.0128518 -0.0148159 0)
(-0.00980946 -0.0226879 0)
(-0.00186645 -0.0171413 0)
(0.00578527 -0.0202951 0)
(0.00745011 -0.0203901 0)
(0.00712933 -0.0132994 0)
(0.00782795 -0.00645613 0)
(0.00944462 -0.00186193 0)
(0.0110824 0.00215231 0)
(0.0109345 0.00462494 0)
(0.0063857 0.00819533 0)
(0.00359686 0.0111635 0)
(0.00643062 0.0191737 0)
(0.0108186 0.0172927 0)
(0.0182596 0.0144007 0)
(0.0250317 0.0228825 0)
(0.0223184 0.0274812 0)
(0.00863532 0.0333835 0)
(0.00399547 0.079793 0)
(-0.00724898 -0.0291535 0)
(-0.00863917 -0.0280451 0)
(-0.00319252 -0.0117497 0)
(0.00696058 0.0116263 0)
(0.0113894 -0.016633 0)
(0.0118661 -0.0279052 0)
(0.0150812 -0.0263498 0)
(0.0190452 -0.0249181 0)
(0.0162967 -0.0188353 0)
(0.00912396 -0.00991242 0)
(0.00299949 -0.00407331 0)
(-0.00103001 -0.00080285 0)
(-0.00417492 0.00360582 0)
(-0.00784182 0.00849964 0)
(-0.0123802 0.0155162 0)
(-0.0152609 0.0116449 0)
(-0.0168131 0.0206171 0)
(-0.0172212 0.0158302 0)
(-0.0180485 0.0080922 0)
(-0.0164631 0.0199146 0)
(-0.0104075 0.032628 0)
(-0.0133731 0.0427132 0)
(0.00619053 0.0619546 0)
(-0.00340716 -0.0235906 0)
(-0.0144182 -0.024448 0)
(-0.016101 -0.0221695 0)
(-0.000666161 -0.0027135 0)
(0.0103628 -0.0213627 0)
(0.00821054 -0.0282202 0)
(0.00660417 -0.0288718 0)
(0.00324821 -0.0225875 0)
(-0.00304432 -0.0111051 0)
(-0.0086681 -0.00130758 0)
(-0.0132061 0.00276868 0)
(-0.0177738 0.00488198 0)
(-0.0221656 0.00873686 0)
(-0.0258445 0.0142567 0)
(-0.0288334 0.0191364 0)
(-0.0332355 0.0170552 0)
(-0.0380762 0.0221807 0)
(-0.0393486 0.0152243 0)
(-0.0386641 0.00935224 0)
(-0.0334523 0.0120498 0)
(-0.0231713 0.0237654 0)
(-0.0126778 0.0324853 0)
(0.00893214 0.0315771 0)
(-0.00157811 -0.0146542 0)
(-0.00329886 -0.0171155 0)
(-0.00643893 -0.024878 0)
(-0.00266917 -0.0169217 0)
(0.00114534 -0.0232114 0)
(-0.00302941 -0.0250624 0)
(-0.00786758 -0.023716 0)
(-0.0135123 -0.015858 0)
(-0.0180826 -0.00574655 0)
(-0.0210794 0.00173811 0)
(-0.0236788 0.00606116 0)
(-0.0268229 0.00900678 0)
(-0.0300579 0.0123671 0)
(-0.0325647 0.0165628 0)
(-0.0340818 0.0203165 0)
(-0.0354728 0.0216301 0)
(-0.0354361 0.0233533 0)
(-0.0344091 0.0164645 0)
(-0.034339 0.00801827 0)
(-0.0317042 0.00448159 0)
(-0.0237774 0.0107044 0)
(-0.0118335 0.0179087 0)
(0.00210523 0.0147017 0)
(0.002685 -0.0162857 0)
(0.00180147 -0.0176016 0)
(-0.00137984 -0.0207632 0)
(-0.00266316 -0.0175399 0)
(-0.00363108 -0.0198658 0)
(-0.00873367 -0.0196627 0)
(-0.0145993 -0.01695 0)
(-0.0202754 -0.0105124 0)
(-0.0242983 -0.00268202 0)
(-0.0266188 0.00380843 0)
(-0.0283186 0.00824 0)
(-0.0301731 0.0115287 0)
(-0.0320275 0.0145927 0)
(-0.0332159 0.0177526 0)
(-0.0332549 0.0203844 0)
(-0.032315 0.0213618 0)
(-0.0299626 0.0206115 0)
(-0.0270366 0.0150204 0)
(-0.02555 0.00707336 0)
(-0.0249605 0.00142885 0)
(-0.0219914 0.00268335 0)
(-0.0153271 0.00802226 0)
(-0.00900571 0.00776222 0)
(0.00261046 -0.0186631 0)
(0.00226253 -0.0166701 0)
(-0.000487022 -0.0172397 0)
(-0.00336147 -0.0152224 0)
(-0.00648106 -0.0154575 0)
(-0.011658 -0.0142307 0)
(-0.0172968 -0.011118 0)
(-0.0223911 -0.0058749 0)
(-0.0259586 0.000173141 0)
(-0.0280216 0.00552046 0)
(-0.02932 0.00965257 0)
(-0.0303838 0.012854 0)
(-0.0311668 0.0155478 0)
(-0.0312641 0.0177841 0)
(-0.030346 0.0192446 0)
(-0.028461 0.019212 0)
(-0.0256867 0.017278 0)
(-0.0228835 0.0124438 0)
(-0.021386 0.0061042 0)
(-0.0211172 0.00112119 0)
(-0.0205363 -2.59387e-05 0)
(-0.0181365 0.00296993 0)
(-0.0155208 0.00558028 0)
(0.00119161 -0.02034 0)
(0.000443755 -0.0155954 0)
(-0.0021076 -0.014018 0)
(-0.00533738 -0.0120353 0)
(-0.00904279 -0.0109678 0)
(-0.0137368 -0.00912321 0)
(-0.0185859 -0.00607965 0)
(-0.0228276 -0.0018437 0)
(-0.0258602 0.0027882 0)
(-0.0277042 0.00706122 0)
(-0.0287512 0.0106123 0)
(-0.0292914 0.0134146 0)
(-0.029328 0.0155575 0)
(-0.0287063 0.0169989 0)
(-0.0273158 0.0175486 0)
(-0.0252436 0.0168051 0)
(-0.0227492 0.0145 0)
(-0.0205295 0.0103928 0)
(-0.019419 0.00538293 0)
(-0.0194456 0.00119676 0)
(-0.0197664 -0.000139307 0)
(-0.0193392 0.00149655 0)
(-0.0184713 0.00456863 0)
(-0.000513855 -0.0200443 0)
(-0.00214851 -0.0138645 0)
(-0.00482558 -0.0109334 0)
(-0.00804626 -0.00862383 0)
(-0.0116558 -0.00684245 0)
(-0.0156817 -0.00472259 0)
(-0.0196356 -0.00194547 0)
(-0.0230171 0.00144849 0)
(-0.0254882 0.00501305 0)
(-0.0270247 0.00836699 0)
(-0.0277852 0.0112232 0)
(-0.0279194 0.0134488 0)
(-0.0274883 0.0149919 0)
(-0.026492 0.0157994 0)
(-0.0249487 0.0157436 0)
(-0.0229968 0.014625 0)
(-0.0209228 0.0123383 0)
(-0.0192307 0.00893076 0)
(-0.0184541 0.0050011 0)
(-0.018698 0.00162243 0)
(-0.0194109 0.000301452 0)
(-0.0198265 0.00132429 0)
(-0.0198177 0.00408283 0)
(-0.0020388 -0.0176312 0)
(-0.00463133 -0.011324 0)
(-0.00763602 -0.00781147 0)
(-0.0108547 -0.00527816 0)
(-0.014201 -0.0032157 0)
(-0.0176047 -0.00108876 0)
(-0.0207827 0.00133472 0)
(-0.0234309 0.00403566 0)
(-0.0253498 0.00678405 0)
(-0.0265008 0.00934396 0)
(-0.0269458 0.0115057 0)
(-0.0267818 0.0131279 0)
(-0.0260917 0.014132 0)
(-0.0249411 0.0144571 0)
(-0.0234169 0.0140247 0)
(-0.02168 0.0127543 0)
(-0.0199848 0.0106484 0)
(-0.0186813 0.0078565 0)
(-0.0181155 0.0048184 0)
(-0.0184113 0.00223938 0)
(-0.0192297 0.00107212 0)
(-0.0199862 0.00174992 0)
(-0.0203435 0.00400922 0)
(-0.00313589 -0.0135816 0)
(-0.00662823 -0.00794665 0)
(-0.0100453 -0.00451315 0)
(-0.0133244 -0.00203969 0)
(-0.016447 -2.16067e-05 0)
(-0.0193702 0.00191063 0)
(-0.0219481 0.00392661 0)
(-0.0240133 0.00603007 0)
(-0.0254523 0.00809662 0)
(-0.0262382 0.00997186 0)
(-0.0264087 0.011508 0)
(-0.0260386 0.0125901 0)
(-0.0252152 0.0131424 0)
(-0.0240312 0.0131125 0)
(-0.0226011 0.0124598 0)
(-0.0210843 0.0111707 0)
(-0.0196909 0.00930379 0)
(-0.0186661 0.00703247 0)
(-0.0182247 0.00470183 0)
(-0.0184411 0.00280268 0)
(-0.0191372 0.00190306 0)
(-0.0198956 0.00237444 0)
(-0.0202778 0.00407289 0)
(-0.00384775 -0.00833196 0)
(-0.00805431 -0.00386124 0)
(-0.0118562 -0.000970081 0)
(-0.0152305 0.00114788 0)
(-0.018209 0.00286884 0)
(-0.020797 0.0044495 0)
(-0.0229452 0.00600924 0)
(-0.0245787 0.00755795 0)
(-0.0256461 0.00902494 0)
(-0.0261427 0.0103085 0)
(-0.0261061 0.0113046 0)
(-0.0256048 0.0119265 0)
(-0.0247261 0.0121133 0)
(-0.0235701 0.0118279 0)
(-0.0222555 0.0110569 0)
(-0.0209266 0.00982147 0)
(-0.019751 0.00820308 0)
(-0.0189011 0.00636635 0)
(-0.0185102 0.00457858 0)
(-0.0186101 0.00318658 0)
(-0.0190653 0.0025512 0)
(-0.0195755 0.00288658 0)
(-0.019802 0.00409145 0)
(-0.00425815 -0.00230612 0)
(-0.00894118 0.00074879 0)
(-0.0130342 0.00280105 0)
(-0.0164965 0.00433124 0)
(-0.0193886 0.00556676 0)
(-0.0217552 0.00667532 0)
(-0.0236113 0.00773351 0)
(-0.0249443 0.00874723 0)
(-0.0257482 0.00967107 0)
(-0.0260412 0.0104355 0)
(-0.0258681 0.0109668 0)
(-0.0252971 0.0112015 0)
(-0.0244131 0.0110953 0)
(-0.0233141 0.0106259 0)
(-0.0221112 0.00979686 0)
(-0.0209285 0.00864538 0)
(-0.0198964 0.00725603 0)
(-0.019135 0.00577107 0)
(-0.0187246 0.00439302 0)
(-0.0186683 0.00336263 0)
(-0.0188572 0.00290683 0)
(-0.0190788 0.00314191 0)
(-0.0190949 0.00399188 0)
(-0.00443656 0.00414268 0)
(-0.00937179 0.00567956 0)
(-0.0136318 0.00672969 0)
(-0.0171379 0.0075178 0)
(-0.0199637 0.00813971 0)
(-0.0221792 0.00869316 0)
(-0.023839 0.00921708 0)
(-0.0249714 0.00970728 0)
(-0.0256016 0.0101284 0)
(-0.025766 0.0104293 0)
(-0.0255173 0.010556 0)
(-0.024924 0.0104624 0)
(-0.0240672 0.0101177 0)
(-0.0230379 0.00951075 0)
(-0.021935 0.00865389 0)
(-0.0208615 0.00758872 0)
(-0.0199175 0.00639232 0)
(-0.0191863 0.0051803 0)
(-0.0187149 0.00410219 0)
(-0.0184917 0.00332177 0)
(-0.0184312 0.00297953 0)
(-0.0183845 0.00313686 0)
(-0.018189 0.00373644 0)
(-0.00444668 0.0107347 0)
(-0.00943403 0.0107376 0)
(-0.0137286 0.0107186 0)
(-0.017211 0.010678 0)
(-0.0199583 0.0106143 0)
(-0.0220545 0.0105661 0)
(-0.0235761 0.01054 0)
(-0.0245753 0.010519 0)
(-0.025097 0.0104699 0)
(-0.0251899 0.0103507 0)
(-0.0249119 0.0101198 0)
(-0.0243305 0.00974264 0)
(-0.0235217 0.00919759 0)
(-0.0225674 0.00848001 0)
(-0.0215529 0.00760548 0)
(-0.0205622 0.00661298 0)
(-0.0196716 0.00556725 0)
(-0.0189391 0.00455786 0)
(-0.0183919 0.00369232 0)
(-0.0180136 0.00307997 0)
(-0.017739 0.00280631 0)
(-0.0174643 0.00290138 0)
(-0.0170793 0.00332099 0)
(-0.00431586 0.0172538 0)
(-0.00919406 0.015756 0)
(-0.013401 0.0146621 0)
(-0.0167824 0.0137619 0)
(-0.0194199 0.012987 0)
(-0.0214019 0.0123234 0)
(-0.0228138 0.0117494 0)
(-0.02372 0.0112354 0)
(-0.0241756 0.0107459 0)
(-0.0242358 0.0102431 0)
(-0.0239603 0.00969176 0)
(-0.0234138 0.00906431 0)
(-0.0226658 0.00834438 0)
(-0.0217886 0.00753006 0)
(-0.0208543 0.00663605 0)
(-0.0199308 0.00569513 0)
(-0.0190764 0.0047583 0)
(-0.0183321 0.00389206 0)
(-0.0177136 0.00317148 0)
(-0.0172053 0.00266782 0)
(-0.0167585 0.00243153 0)
(-0.0163015 0.00247429 0)
(-0.0157595 0.00276081 0)
(-0.00405448 0.0235056 0)
(-0.00869797 0.0206002 0)
(-0.0127135 0.018457 0)
(-0.0159183 0.0167125 0)
(-0.0184071 0.0152373 0)
(-0.020264 0.013971 0)
(-0.021575 0.0128679 0)
(-0.022408 0.0118868 0)
(-0.0228218 0.0109879 0)
(-0.022873 0.0101341 0)
(-0.0226198 0.00929332 0)
(-0.0221223 0.00844118 0)
(-0.0214429 0.00756351 0)
(-0.020644 0.00665832 0)
(-0.0197858 0.00573703 0)
(-0.0189229 0.00482473 0)
(-0.0181002 0.00395917 0)
(-0.0173472 0.00318751 0)
(-0.0166737 0.00256024 0)
(-0.0160667 0.00212207 0)
(-0.015491 0.00190078 0)
(-0.0148971 0.00189702 0)
(-0.0142343 0.00208139 0)
(-0.00371548 0.0293284 0)
(-0.00799857 0.0251499 0)
(-0.0117235 0.0220124 0)
(-0.0146856 0.0194741 0)
(-0.016985 0.0173365 0)
(-0.0186974 0.0155011 0)
(-0.019904 0.0139021 0)
(-0.0206705 0.0124874 0)
(-0.0210541 0.0112127 0)
(-0.021109 0.0100397 0)
(-0.0208891 0.00893707 0)
(-0.0204488 0.00788125 0)
(-0.0198423 0.00685817 0)
(-0.0191228 0.00586402 0)
(-0.01834 0.0049057 0)
(-0.0175376 0.00400044 0)
(-0.0167503 0.00317417 0)
(-0.016 0.0024584 0)
(-0.0152935 0.00188525 0)
(-0.014621 0.00148081 0)
(-0.0139577 0.00125798 0)
(-0.0132696 0.00121056 0)
(-0.0125223 0.00131293 0)
(-0.00333142 0.0346078 0)
(-0.0071465 0.0292903 0)
(-0.0104927 0.0252521 0)
(-0.0131528 0.0219937 0)
(-0.0152218 0.0192527 0)
(-0.0167666 0.0168988 0)
(-0.0178592 0.0148489 0)
(-0.0185583 0.0130416 0)
(-0.0189156 0.011428 0)
(-0.0189798 0.00996798 0)
(-0.0187988 0.00862959 0)
(-0.0184197 0.0073889 0)
(-0.0178888 0.00623057 0)
(-0.0172502 0.00514806 0)
(-0.0165445 0.00414348 0)
(-0.0158064 0.00322672 0)
(-0.015063 0.00241372 0)
(-0.0143309 0.00172363 0)
(-0.0136152 0.00117493 0)
(-0.0129092 0.000780648 0)
(-0.0121959 0.000543664 0)
(-0.0114523 0.000453428 0)
(-0.010655 0.000486679 0)
(-0.00290163 0.0392616 0)
(-0.0061812 0.0329315 0)
(-0.00908016 0.0281087 0)
(-0.0113831 0.0242214 0)
(-0.013184 0.0209541 0)
(-0.0145395 0.0181468 0)
(-0.0155072 0.015701 0)
(-0.0161352 0.0135482 0)
(-0.0164663 0.0116359 0)
(-0.0165418 0.00992209 0)
(-0.016402 0.00837393 0)
(-0.0160862 0.00696643 0)
(-0.0156324 0.00568248 0)
(-0.0150766 0.00451259 0)
(-0.0144511 0.00345432 0)
(-0.0137833 0.0025112 0)
(-0.0130942 0.00169104 0)
(-0.0123966 0.00100345 0)
(-0.0116949 0.000456849 0)
(-0.0109848 5.50438e-05 0)
(-0.0102548 -0.00020586 0)
(-0.0094896 -0.000339297 0)
(-0.00867378 -0.00036711 0)
(-0.0024376 0.0432239 0)
(-0.00513238 0.0360128 0)
(-0.00753015 0.0305224 0)
(-0.00943061 0.0261135 0)
(-0.0109341 0.0224139 0)
(-0.0120844 0.0192302 0)
(-0.0129195 0.0164515 0)
(-0.013473 0.0140049 0)
(-0.0137772 0.0118363 0)
(-0.0138644 0.00990306 0)
(-0.0137665 0.00817135 0)
(-0.0135149 0.00661514 0)
(-0.0131395 0.00521557 0)
(-0.0126685 0.00396042 0)
(-0.0121269 0.00284334 0)
(-0.0115361 0.00186267 0)
(-0.010912 0.00101983 0)
(-0.0102647 0.00031725 0)
(-0.00959782 -0.000243982 0)
(-0.00890898 -0.000666574 0)
(-0.00819082 -0.000959055 0)
(-0.00743338 -0.00113678 0)
(-0.00662666 -0.00122076 0)
(-0.00195002 0.0464444 0)
(-0.00402009 0.0384886 0)
(-0.00587673 0.0324436 0)
(-0.00734231 0.0276361 0)
(-0.00853191 0.0236151 0)
(-0.00947063 0.0201408 0)
(-0.0101704 0.0170962 0)
(-0.0106481 0.0144099 0)
(-0.0109251 0.012029 0)
(-0.0110241 0.00991114 0)
(-0.0109687 0.0080224 0)
(-0.0107818 0.00633591 0)
(-0.0104858 0.00483142 0)
(-0.0101015 0.00349453 0)
(-0.00964765 0.00231584 0)
(-0.00914006 0.00128972 0)
(-0.00859074 0.000412822 0)
(-0.0080074 -0.000317672 0)
(-0.00739321 -0.00090593 0)
(-0.00674708 -0.00135923 0)
(-0.00606451 -0.00168928 0)
(-0.0053393 -0.00191272 0)
(-0.00456525 -0.00204995 0)
(-0.00140746 0.048884 0)
(-0.00282889 0.0403331 0)
(-0.0041393 0.033847 0)
(-0.00516443 0.0287708 0)
(-0.00603989 0.0245537 0)
(-0.00677031 0.0208777 0)
(-0.00733636 0.0176348 0)
(-0.00773904 0.0147631 0)
(-0.00798918 0.012214 0)
(-0.00810056 0.00994662 0)
(-0.0080879 0.00792747 0)
(-0.00796626 0.00612944 0)
(-0.00775045 0.00453144 0)
(-0.00745463 0.00311764 0)
(-0.00709169 0.00187659 0)
(-0.0066727 0.000799905 0)
(-0.00620627 -0.00011907 0)
(-0.00569819 -0.000886811 0)
(-0.00515117 -0.00151113 0)
(-0.004565 -0.00200243 0)
(-0.00393717 -0.00237459 0)
(-0.0032641 -0.0026451 0)
(-0.0025422 -0.00283392 0)
(-0.000702754 0.0504748 0)
(-0.00148391 0.0415492 0)
(-0.00231029 0.0347658 0)
(-0.00294894 0.0295395 0)
(-0.00353503 0.0252356 0)
(-0.00406053 0.0214439 0)
(-0.0044942 0.0180684 0)
(-0.00482286 0.0150653 0)
(-0.00504729 0.0123919 0)
(-0.00517195 0.0100101 0)
(-0.00520287 0.00788711 0)
(-0.00514709 0.00599641 0)
(-0.00501225 0.0043168 0)
(-0.00480618 0.00283198 0)
(-0.0045365 0.00152942 0)
(-0.00421013 0.000399248 0)
(-0.00383277 -0.000567206 0)
(-0.00340855 -0.00137873 0)
(-0.00293976 -0.00204548 0)
(-0.00242682 -0.00257998 0)
(-0.00186861 -0.00299755 0)
(-0.00126334 -0.00331624 0)
(-0.000609173 -0.00355569 0)
(0.000176545 0.0509794 0)
(2.56407e-06 0.0421689 0)
(-0.000415587 0.0352811 0)
(-0.000734683 0.0300049 0)
(-0.00107416 0.0256789 0)
(-0.00140743 0.0218438 0)
(-0.00171218 0.018399 0)
(-0.00196995 0.0153182 0)
(-0.00217162 0.0125645 0)
(-0.00231191 0.0101027 0)
(-0.00238802 0.00790224 0)
(-0.00239913 0.00593756 0)
(-0.00234597 0.00418844 0)
(-0.00223052 0.00263905 0)
(-0.00205559 0.001277 0)
(-0.00182442 9.20053e-05 0)
(-0.00154022 -0.000925359 0)
(-0.00120578 -0.00178503 0)
(-0.00082305 -0.00249854 0)
(-0.000392943 -0.00307969 0)
(8.46502e-05 -0.00354481 0)
(0.000610309 -0.00391239 0)
(0.00118477 -0.00420183 0)
(0.00104398 0.0502452 0)
(0.00148823 0.0422545 0)
(0.0014748 0.0354468 0)
(0.00143473 0.0302209 0)
(0.00130874 0.0259155 0)
(0.0011442 0.0220887 0)
(0.000955724 0.0186337 0)
(0.000759559 0.0155271 0)
(0.000573762 0.0127357 0)
(0.000413081 0.0102275 0)
(0.000288764 0.00797466 0)
(0.000209067 0.00595396 0)
(0.000179669 0.00414706 0)
(0.000204 0.00253974 0)
(0.00028357 0.00112077 0)
(0.000418356 -0.000119318 0)
(0.000607236 -0.00118964 0)
(0.000848488 -0.00210025 0)
(0.00114031 -0.00286319 0)
(0.0014813 -0.003493 0)
(0.00187076 -0.00400675 0)
(0.00230843 -0.00442338 0)
(0.00279446 -0.00476225 0)
(0.00174529 0.0484626 0)
(0.00282201 0.0417336 0)
(0.00325627 0.0352621 0)
(0.00349372 0.0302017 0)
(0.00357351 0.0259689 0)
(0.00355834 0.0221986 0)
(0.00346455 0.0187879 0)
(0.00331391 0.0157033 0)
(0.00313292 0.0129132 0)
(0.00294455 0.0103894 0)
(0.00276754 0.00810736 0)
(0.0026168 0.00604714 0)
(0.00250379 0.00419333 0)
(0.00243677 0.00253431 0)
(0.00242108 0.00106111 0)
(0.0024595 -0.000233847 0)
(0.00255265 -0.00135832 0)
(0.00269954 -0.00232154 0)
(0.00289828 -0.00313533 0)
(0.00314684 -0.00381456 0)
(0.00344369 -0.00437698 0)
(0.00378804 -0.0048422 0)
(0.00417985 -0.0052298 0)
(0.00222557 0.0458339 0)
(0.00391556 0.0405794 0)
(0.00484164 0.0346992 0)
(0.00539405 0.0299298 0)
(0.00568288 0.0258493 0)
(0.0057948 0.0221982 0)
(0.00577067 0.0188825 0)
(0.0056466 0.015862 0)
(0.00545716 0.0131077 0)
(0.00523232 0.0105952 0)
(0.00499721 0.00830425 0)
(0.0047725 0.00621906 0)
(0.00457468 0.00432788 0)
(0.00441625 0.00262259 0)
(0.00430595 0.00109752 0)
(0.00424898 -0.000252071 0)
(0.0042474 -0.00143152 0)
(0.00430067 -0.00244837 0)
(0.0044065 -0.00331351 0)
(0.00456191 -0.00404186 0)
(0.00476441 -0.00465201 0)
(0.00501276 -0.00516464 0)
(0.00530716 -0.00560008 0)
(0.00255679 0.0425536 0)
(0.00481703 0.0388315 0)
(0.00622902 0.0337241 0)
(0.00710342 0.0293871 0)
(0.00758944 0.0255695 0)
(0.00780696 0.0221104 0)
(0.00783152 0.0189383 0)
(0.00771662 0.0160193 0)
(0.00750578 0.0133302 0)
(0.00723559 0.0108521 0)
(0.00693684 0.00856973 0)
(0.00663513 0.00647188 0)
(0.0063513 0.0045513 0)
(0.00610155 0.00280416 0)
(0.00589758 0.00122886 0)
(0.00574677 -0.00017549 0)
(0.00565245 -0.00141088 0)
(0.00561434 -0.00248217 0)
(0.00562942 -0.00339865 0)
(0.00569326 -0.00417493 0)
(0.00580202 -0.00483084 0)
(0.00595402 -0.00538899 0)
(0.00615015 -0.00587108 0)
(0.00283842 0.0387421 0)
(0.00561924 0.0365498 0)
(0.00745852 0.032357 0)
(0.00861053 0.0285934 0)
(0.00926164 0.0251512 0)
(0.00956151 0.0219553 0)
(0.00961511 0.0189736 0)
(0.00949311 0.0161898 0)
(0.00924863 0.0135916 0)
(0.00892474 0.0111673 0)
(0.00855723 0.00890799 0)
(0.00817589 0.00680765 0)
(0.00780509 0.00486411 0)
(0.00746416 0.00307842 0)
(0.00716744 0.00145376 0)
(0.00692442 -6.16348e-06 0)
(0.00673975 -0.00129901 0)
(0.00661345 -0.00242595 0)
(0.00654152 -0.00339363 0)
(0.00651735 -0.00421597 0)
(0.00653495 -0.00491468 0)
(0.0065922 -0.0055157 0)
(0.00669121 -0.00604306 0)
(0.00313707 0.034432 0)
(0.00637908 0.0337988 0)
(0.00856649 0.0306677 0)
(0.00993083 0.0276019 0)
(0.010698 0.0246281 0)
(0.0110466 0.0217576 0)
(0.0111051 0.0190074 0)
(0.0109584 0.016388 0)
(0.0106682 0.0139019 0)
(0.0102831 0.0115473 0)
(0.00984277 0.00932262 0)
(0.00938007 0.00722794 0)
(0.00892193 0.0052666 0)
(0.00849006 0.00344487 0)
(0.00810118 0.00177102 0)
(0.00776697 0.000253936 0)
(0.00749386 -0.00109891 0)
(0.00728267 -0.00228371 0)
(0.00712849 -0.00330304 0)
(0.00702148 -0.00416905 0)
(0.00695205 -0.00490648 0)
(0.00691751 -0.00554699 0)
(0.00692224 -0.00611827 0)
(0.00349074 0.0296057 0)
(0.00713803 0.0306471 0)
(0.00958856 0.02874 0)
(0.0110886 0.0264804 0)
(0.0119098 0.0240471 0)
(0.0122636 0.0215495 0)
(0.0122976 0.0190627 0)
(0.0121071 0.0166293 0)
(0.0117599 0.0142707 0)
(0.0113079 0.0119973 0)
(0.0107929 0.00981584 0)
(0.010249 0.0077333 0)
(0.00970437 0.00575866 0)
(0.00918212 0.00390325 0)
(0.00870097 0.00218033 0)
(0.00827514 0.000603924 0)
(0.00791375 -0.00081276 0)
(0.00761979 -0.00205955 0)
(0.00738824 -0.00313248 0)
(0.00720457 -0.00403956 0)
(0.00705305 -0.00481031 0)
(0.00693033 -0.00548637 0)
(0.00684489 -0.00610075 0)
(0.00392888 0.0242186 0)
(0.00794144 0.0271597 0)
(0.0105645 0.0266642 0)
(0.0121098 0.0253068 0)
(0.0129109 0.0234652 0)
(0.0132193 0.0213703 0)
(0.0131969 0.0191648 0)
(0.0129446 0.0169289 0)
(0.0125319 0.0147057 0)
(0.0120113 0.0125198 0)
(0.0114236 0.0103874 0)
(0.010802 0.00832254 0)
(0.0101738 0.00633944 0)
(0.00956239 0.00445386 0)
(0.00898802 0.00268308 0)
(0.00846766 0.00104552 0)
(0.00801463 -0.000440063 0)
(0.00763659 -0.00175583 0)
(0.00733103 -0.00288752 0)
(0.00707689 -0.00383324 0)
(0.00684786 -0.00463012 0)
(0.00664012 -0.00533779 0)
(0.00646966 -0.00599619 0)
(0.00453708 0.0181939 0)
(0.00887194 0.0234121 0)
(0.0115484 0.0245517 0)
(0.013017 0.0241742 0)
(0.0137097 0.0229484 0)
(0.0139195 0.0212622 0)
(0.0138122 0.019338 0)
(0.0134856 0.0172978 0)
(0.0130059 0.0152092 0)
(0.0124213 0.0131119 0)
(0.0117687 0.011032 0)
(0.0110772 0.00899028 0)
(0.0103717 0.00700534 0)
(0.00967403 0.00509595 0)
(0.00900485 0.00328167 0)
(0.00838386 0.00158341 0)
(0.00782994 2.38829e-05 0)
(0.00735937 -0.00137143 0)
(0.0069784 -0.00257308 0)
(0.00665756 -0.00355561 0)
(0.00635342 -0.0043684 0)
(0.0060623 -0.0051049 0)
(0.00581363 -0.00581211 0)
(0.0056219 0.0116101 0)
(0.0101076 0.019602 0)
(0.0126002 0.0225886 0)
(0.0138101 0.0232072 0)
(0.0142977 0.0225697 0)
(0.0143647 0.0212633 0)
(0.0141562 0.0195969 0)
(0.0137552 0.0177356 0)
(0.0132173 0.0157715 0)
(0.0125821 0.0137589 0)
(0.0118791 0.0117335 0)
(0.0111315 0.00972128 0)
(0.0103592 0.00774413 0)
(0.00958111 0.0058219 0)
(0.00881639 0.00397411 0)
(0.00808602 0.00222113 0)
(0.00741412 0.000585784 0)
(0.00682964 -0.000902737 0)
(0.00636066 -0.00219679 0)
(0.00596835 -0.00321531 0)
(0.00558713 -0.00402658 0)
(0.00521258 -0.00479216 0)
(0.0048969 -0.00555988 0)
(0.0070711 0.00222075 0)
(0.0114635 0.0154444 0)
(0.01357 0.0209283 0)
(0.0143927 0.0225231 0)
(0.0146299 0.0223866 0)
(0.0145471 0.0213931 0)
(0.0142476 0.0199397 0)
(0.0137905 0.0182294 0)
(0.0132161 0.0163745 0)
(0.0125527 0.0144416 0)
(0.0118206 0.0124736 0)
(0.0110358 0.0105003 0)
(0.0102126 0.00854504 0)
(0.00936489 0.00662731 0)
(0.00850807 0.00476434 0)
(0.00766071 0.00297214 0)
(0.00684707 0.0012668 0)
(0.00610751 -0.000329119 0)
(0.00551562 -0.00175612 0)
(0.0050194 -0.00281616 0)
(0.00455586 -0.00360243 0)
(0.00410028 -0.00440972 0)
(0.0037404 -0.00526082 0)
(0.00579104 -0.00588941 0)
(0.0130489 0.0138251 0)
(0.0144213 0.020437 0)
(0.0146959 0.0223061 0)
(0.0146752 0.0224246 0)
(0.0144794 0.0216533 0)
(0.0141316 0.0203752 0)
(0.0136565 0.0188006 0)
(0.0130777 0.0170527 0)
(0.0124129 0.0152064 0)
(0.0116751 0.0133092 0)
(0.0108745 0.0113939 0)
(0.0100198 0.00948441 0)
(0.00911933 0.00759929 0)
(0.00818216 0.00575238 0)
(0.00721835 0.00395187 0)
(0.0062419 0.00219787 0)
(0.00529127 0.000487952 0)
(0.00450497 -0.0011235 0)
(0.00375816 -0.00226546 0)
(0.0032247 -0.00306407 0)
(0.00271917 -0.00398082 0)
(0.00236993 -0.00495729 0)
(-0.00220528 -0.0173778 0)
(0.0119728 0.00414039 0)
(0.0124559 0.0176076 0)
(0.0139396 0.0215196 0)
(0.0143026 0.02235 0)
(0.0142354 0.0219527 0)
(0.0139434 0.0209115 0)
(0.0135004 0.0195052 0)
(0.0129433 0.0178885 0)
(0.012293 0.0161518 0)
(0.011562 0.0143506 0)
(0.0107586 0.0125219 0)
(0.00988851 0.0106924 0)
(0.0089554 0.00888264 0)
(0.00796007 0.00710801 0)
(0.00689766 0.00537824 0)
(0.0057635 0.00369622 0)
(0.00459815 0.00203864 0)
(0.00354035 0.000251147 0)
(0.00187339 -0.0011285 0)
(0.00141365 -0.00225806 0)
(0.00103351 -0.00349988 0)
(0.000828389 -0.00468477 0)
(-0.0183509 0.00375909 0)
(-0.0216728 0.00332021 0)
(-0.0247293 0.00333397 0)
(-0.0282326 0.00567982 0)
(-0.0188992 0.0110118 0)
(-0.0229995 0.010062 0)
(-0.0270326 0.00960351 0)
(-0.0304157 0.00968725 0)
(-0.0180061 0.018631 0)
(-0.0225262 0.0186414 0)
(-0.0270363 0.0177533 0)
(-0.0311124 0.0162603 0)
(-0.0226257 0.0239526 0)
(-0.021309 0.0225659 0)
(-0.0186252 0.0225643 0)
(-0.0195794 0.0214767 0)
(-0.00324407 0.0378902 0)
(-0.000208947 0.0186299 0)
(0.00447607 0.0246926 0)
(0.0065594 0.0356108 0)
(0.00764759 0.0297948 0)
(0.00753974 0.00363624 0)
(0.00670582 0.0122075 0)
(0.00383289 0.0265484 0)
(0.023843 0.0326987 0)
(0.0230214 0.0106301 0)
(0.0188396 0.0228465 0)
(0.0150143 0.0399608 0)
(0.022047 0.0209114 0)
(0.0242112 0.0176182 0)
(0.0229306 0.0271395 0)
(0.0239058 0.0415209 0)
(0.00731499 0.0128352 0)
(0.00790851 0.0174738 0)
(0.0080433 0.0253382 0)
(0.0105671 0.0328685 0)
(-0.00769829 0.0108856 0)
(-0.00684506 0.0161223 0)
(-0.00494768 0.0209928 0)
(-0.00208353 0.0245263 0)
(-0.0144051 0.00970171 0)
(-0.0134335 0.0130009 0)
(-0.0119025 0.0161962 0)
(-0.00984791 0.0186991 0)
(-0.0176774 0.0082205 0)
(-0.016916 0.0106765 0)
(-0.0158284 0.0130266 0)
(-0.0144463 0.0150194 0)
(-0.0193396 0.00710721 0)
(-0.0187925 0.00904065 0)
(-0.0180155 0.0108769 0)
(-0.0170404 0.0125094 0)
(-0.0200521 0.00634801 0)
(-0.0196473 0.00784821 0)
(-0.0190583 0.00929634 0)
(-0.0183145 0.0106299 0)
(-0.0200517 0.00579152 0)
(-0.0197373 0.00692795 0)
(-0.0192743 0.00805718 0)
(-0.0186808 0.00912897 0)
(-0.0195824 0.00533818 0)
(-0.0193138 0.00618691 0)
(-0.0189272 0.00705263 0)
(-0.018432 0.00789568 0)
(-0.0188255 0.00489544 0)
(-0.0185587 0.00552408 0)
(-0.0182015 0.00617986 0)
(-0.0177583 0.00683315 0)
(-0.0178416 0.00439156 0)
(-0.0175501 0.00485593 0)
(-0.0171906 0.00535061 0)
(-0.0167647 0.0058538 0)
(-0.016647 0.00379564 0)
(-0.0163191 0.00413815 0)
(-0.0159404 0.00451055 0)
(-0.0155108 0.00489693 0)
(-0.0152489 0.00310222 0)
(-0.0148836 0.00335352 0)
(-0.0144797 0.00363285 0)
(-0.0140367 0.00392852 0)
(-0.01366 0.00232176 0)
(-0.0132626 0.00250348 0)
(-0.0128355 0.002711 0)
(-0.0123776 0.00293567 0)
(-0.0119029 0.00147395 0)
(-0.0114826 0.00160111 0)
(-0.0110386 0.00175206 0)
(-0.0105699 0.00192021 0)
(-0.0100104 0.000582925 0)
(-0.00957784 0.000665944 0)
(-0.00912587 0.000771071 0)
(-0.00865359 0.000893165 0)
(-0.00802316 -0.000325842 0)
(-0.00758954 -0.000279824 0)
(-0.00713942 -0.000212998 0)
(-0.00667202 -0.000129498 0)
(-0.00598779 -0.00122783 0)
(-0.00556359 -0.00121392 0)
(-0.00512491 -0.00118018 0)
(-0.00467109 -0.00113003 0)
(-0.0039537 -0.00210082 0)
(-0.00354833 -0.0021157 0)
(-0.00312985 -0.00211147 0)
(-0.00269771 -0.00209102 0)
(-0.00197114 -0.00292555 0)
(-0.00159262 -0.00296698 0)
(-0.00120193 -0.00298985 0)
(-0.000798593 -0.00299664 0)
(-8.93034e-05 -0.00368603 0)
(0.000255765 -0.00375256 0)
(0.00061242 -0.00380094 0)
(0.000981046 -0.00383337 0)
(0.00164509 -0.00436956 0)
(0.00195157 -0.00446026 0)
(0.00226926 -0.00453317 0)
(0.00259853 -0.00459026 0)
(0.00318908 -0.00496648 0)
(0.00345317 -0.0050808 0)
(0.00372829 -0.00517771 0)
(0.00401477 -0.00525898 0)
(0.00450463 -0.00546998 0)
(0.0047238 -0.00560765 0)
(0.00495394 -0.00572836 0)
(0.0051954 -0.00583372 0)
(0.00555983 -0.00587587 0)
(0.00573271 -0.00603684 0)
(0.00591662 -0.00618143 0)
(0.00611197 -0.00631111 0)
(0.00633014 -0.00618236 0)
(0.00645648 -0.00636679 0)
(0.00659401 -0.00653559 0)
(0.00674324 -0.00669013 0)
(0.00679954 -0.00638995 0)
(0.00688014 -0.00659822 0)
(0.00697226 -0.00679186 0)
(0.00707648 -0.00697209 0)
(0.00696148 -0.00650134 0)
(0.00699818 -0.00673414 0)
(0.00704694 -0.00695359 0)
(0.00710844 -0.00716072 0)
(0.00681909 -0.00652133 0)
(0.00681487 -0.00677991 0)
(0.00682356 -0.00702666 0)
(0.00684587 -0.00726231 0)
(0.00638469 -0.00645707 0)
(0.00634385 -0.00674351 0)
(0.00631723 -0.00701975 0)
(0.00630544 -0.00728607 0)
(0.00567812 -0.00631861 0)
(0.00560694 -0.00663631 0)
(0.00555181 -0.00694513 0)
(0.005513 -0.00724475 0)
(0.00472459 -0.00612091 0)
(0.00463264 -0.00647486 0)
(0.00455891 -0.00682015 0)
(0.00450288 -0.00715577 0)
(0.00355405 -0.00588819 0)
(0.00345619 -0.00628398 0)
(0.00337821 -0.00666928 0)
(0.00331824 -0.00704245 0)
(0.00220699 -0.00566326 0)
(0.00212461 -0.0061039 0)
(0.00206121 -0.00652857 0)
(0.00201358 -0.00693606 0)
(0.000747913 -0.00548425 0)
(0.000710338 -0.00597094 0)
(0.000683075 -0.00643111 0)
(0.000663386 -0.0068661 0)
(-0.0277627 0.0142155 0)
(-0.0269184 0.010842 0)
(-0.0289671 0.00859998 0)
(-0.0310299 0.00731001 0)
(-0.0323439 0.00706132 0)
(-0.0327091 0.00703372 0)
(-0.0322908 0.00711991 0)
(-0.0315395 0.00632027 0)
(-0.0310577 0.00378383 0)
(-0.0308946 0.000239136 0)
(-0.0297758 -0.00305225 0)
(-0.0261355 -0.00555113 0)
(-0.021209 -0.0102772 0)
(-0.0193296 -0.0174906 0)
(-0.0228789 -0.0245589 0)
(-0.0301517 -0.0298692 0)
(-0.0367679 -0.023189 0)
(-0.0311519 0.009822 0)
(-0.011265 0.0233127 0)
(-0.0334043 0.0111659 0)
(-0.0343844 0.0107518 0)
(-0.0363255 0.00954722 0)
(-0.038213 0.00817292 0)
(-0.0393336 0.00711762 0)
(-0.0391964 0.00626725 0)
(-0.0376261 0.00555858 0)
(-0.0348555 0.00448193 0)
(-0.0317961 0.00225799 0)
(-0.0293172 -0.00107242 0)
(-0.027403 -0.00477005 0)
(-0.0253732 -0.00807276 0)
(-0.023701 -0.0116423 0)
(-0.0243526 -0.0153275 0)
(-0.0285455 -0.0186217 0)
(-0.0362586 -0.0223337 0)
(-0.0439794 -0.021214 0)
(-0.0379764 -0.00695743 0)
(-0.0147763 0.00148224 0)
(-0.0360444 0.0142203 0)
(-0.0387281 0.0125198 0)
(-0.0407551 0.0109321 0)
(-0.0425579 0.00916869 0)
(-0.0437587 0.00741642 0)
(-0.0433115 0.0057098 0)
(-0.0409598 0.00375884 0)
(-0.0369065 0.00184078 0)
(-0.0318669 -0.000338838 0)
(-0.0274141 -0.00294713 0)
(-0.0247386 -0.0057948 0)
(-0.0237777 -0.00867354 0)
(-0.0243949 -0.0113175 0)
(-0.0266871 -0.0132645 0)
(-0.0298069 -0.014593 0)
(-0.034838 -0.0168798 0)
(-0.0420384 -0.0193977 0)
(-0.0380182 -0.0192155 0)
(-0.0174428 -0.0189502 0)
(-0.0274208 0.017075 0)
(-0.0346993 0.0139878 0)
(-0.0381537 0.0118162 0)
(-0.0412489 0.00992645 0)
(-0.0437067 0.00793492 0)
(-0.0420006 0.00567968 0)
(-0.0382924 0.00253715 0)
(-0.0342511 -0.000354417 0)
(-0.0293562 -0.00243924 0)
(-0.0249122 -0.00430696 0)
(-0.0221038 -0.00637002 0)
(-0.0212288 -0.00879544 0)
(-0.0224457 -0.0110422 0)
(-0.0259664 -0.0127124 0)
(-0.0270849 -0.014521 0)
(-0.0276634 -0.0159505 0)
(-0.0358322 -0.0186722 0)
(-0.0348918 -0.0245664 0)
(-0.0239557 -0.0408218 0)
(0.00531545 0.0385183 0)
(0.000342586 0.0281988 0)
(-0.00434853 0.0203078 0)
(-0.0174662 0.022871 0)
(-0.026849 0.0102253 0)
(-0.0201186 -0.00487789 0)
(-0.0124552 -0.00805199 0)
(-0.00821002 -0.0138527 0)
(-0.00579392 -0.0167963 0)
(-0.0037918 -0.0162105 0)
(-0.00150955 -0.0130318 0)
(0.000485151 -0.009294 0)
(0.00300415 -0.00603432 0)
(0.0107622 -0.00634812 0)
(0.0280067 -0.0134423 0)
(0.0178456 -0.00185725 0)
(-0.00841441 -0.00475827 0)
(-0.00311019 -0.0522212 0)
(-0.00242434 -0.0811317 0)
(0.00116833 0.0283372 0)
(0.00622531 0.0227515 0)
(0.0106298 0.020301 0)
(0.0140478 0.0275891 0)
(0.0170261 0.00944676 0)
(0.0143938 -0.00674474 0)
(0.00865591 -0.00570595 0)
(0.00424723 -0.00628304 0)
(0.00139959 -0.0077987 0)
(0.000600024 -0.00992164 0)
(0.00226982 -0.0113734 0)
(0.0057978 -0.0119782 0)
(0.0108056 -0.0154515 0)
(0.0190403 -0.0242547 0)
(0.0290084 -0.0261192 0)
(0.022472 0.0214114 0)
(0.00695762 -0.00232013 0)
(0.00997295 -0.0291226 0)
(-0.00453051 -0.0618879 0)
(0.0115408 0.0287762 0)
(0.0140126 0.0176 0)
(0.0180121 0.0160067 0)
(0.0270135 0.0184427 0)
(0.035212 0.0074656 0)
(0.0308378 0.00147376 0)
(0.0193087 0.00167896 0)
(0.0108858 -0.00197037 0)
(0.00587777 -0.00671425 0)
(0.00421261 -0.0109398 0)
(0.00581211 -0.0145398 0)
(0.00969635 -0.0160485 0)
(0.0141797 -0.01966 0)
(0.0163988 -0.0279902 0)
(0.00910596 -0.0267137 0)
(0.01049 0.0258032 0)
(0.0223984 -0.00405923 0)
(0.0255427 -0.0250455 0)
(0.0125462 -0.0523156 0)
(0.0248798 0.0318398 0)
(0.0210358 0.016319 0)
(0.0201088 0.0135078 0)
(0.0240073 0.0106027 0)
(0.0266239 0.00791217 0)
(0.021876 0.0102445 0)
(0.0163815 0.00984216 0)
(0.0118275 0.00410249 0)
(0.00832926 -0.00371577 0)
(0.00770113 -0.0113948 0)
(0.00988691 -0.0178738 0)
(0.0139351 -0.0206662 0)
(0.0184441 -0.0226993 0)
(0.0186147 -0.0248714 0)
(0.00609434 -0.0203344 0)
(0.0118816 0.00997531 0)
(0.0282623 -0.0122222 0)
(0.0274291 -0.0218212 0)
(0.0178047 -0.0351129 0)
(0.0160524 0.0313984 0)
(0.0166243 0.0186895 0)
(0.0142522 0.0135512 0)
(0.0131947 0.00894259 0)
(0.0117552 0.0100311 0)
(0.0102031 0.0124992 0)
(0.00873379 0.0119894 0)
(0.00663446 0.00678186 0)
(0.00490465 -0.00236613 0)
(0.00572118 -0.012916 0)
(0.00851007 -0.0207576 0)
(0.0115486 -0.02408 0)
(0.0141964 -0.0244199 0)
(0.0145265 -0.020232 0)
(0.00959804 -0.0148989 0)
(0.0134174 -0.00342319 0)
(0.0206691 -0.0125808 0)
(0.0164307 -0.0171905 0)
(0.00746068 -0.0143773 0)
(0.00324197 0.0260944 0)
(0.00626063 0.0196804 0)
(0.00522846 0.0150083 0)
(0.00347827 0.0115388 0)
(0.00205567 0.0112566 0)
(0.00192127 0.0124133 0)
(0.00210466 0.0123176 0)
(0.00133676 0.00775581 0)
(0.00130938 -0.0028971 0)
(0.00308773 -0.0149758 0)
(0.00428024 -0.0223178 0)
(0.00379312 -0.0247369 0)
(0.00233421 -0.0243776 0)
(0.00157897 -0.0192357 0)
(0.000970502 -0.0145712 0)
(0.00477287 -0.00772108 0)
(0.00943807 -0.0109233 0)
(0.00776043 -0.0126817 0)
(0.00331134 -0.00941983 0)
(-0.00597647 0.0210968 0)
(-0.00274424 0.0187595 0)
(-0.00264861 0.0158095 0)
(-0.00360434 0.0129852 0)
(-0.00410745 0.0114856 0)
(-0.00343673 0.0117255 0)
(-0.00244321 0.0119738 0)
(-0.00197411 0.00773979 0)
(-0.00103894 -0.00425712 0)
(-0.000341057 -0.0155169 0)
(-0.00271587 -0.0206581 0)
(-0.00723377 -0.0220508 0)
(-0.0111924 -0.022351 0)
(-0.0118652 -0.0200512 0)
(-0.010106 -0.0165491 0)
(-0.00663997 -0.0118901 0)
(-0.0030855 -0.012033 0)
(-0.0019897 -0.0118525 0)
(-0.00152739 -0.00661928 0)
(-0.0117928 0.0174411 0)
(-0.0089433 0.0172634 0)
(-0.00801015 0.0157549 0)
(-0.00791552 0.0132412 0)
(-0.00762077 0.0110247 0)
(-0.00666203 0.0106931 0)
(-0.00516062 0.010844 0)
(-0.00358326 0.0069012 0)
(-0.00318894 -0.00450746 0)
(-0.00545413 -0.013253 0)
(-0.0106874 -0.0159147 0)
(-0.0164401 -0.0178014 0)
(-0.0195225 -0.0204664 0)
(-0.0195528 -0.0213128 0)
(-0.0184008 -0.0184367 0)
(-0.0167182 -0.0145536 0)
(-0.0151329 -0.0132404 0)
(-0.0137128 -0.0138329 0)
(-0.0091948 -0.0122384 0)
(-0.0151318 0.014724 0)
(-0.0126089 0.0155435 0)
(-0.0110335 0.0149164 0)
(-0.0101485 0.0127581 0)
(-0.00954439 0.0103302 0)
(-0.00864864 0.0095805 0)
(-0.00715406 0.00936059 0)
(-0.00551905 0.00592169 0)
(-0.00600581 -0.00283679 0)
(-0.00989958 -0.00901079 0)
(-0.0151063 -0.0108002 0)
(-0.0194155 -0.0141645 0)
(-0.0217227 -0.0194559 0)
(-0.0224817 -0.0215241 0)
(-0.0233214 -0.0185139 0)
(-0.0239976 -0.0150747 0)
(-0.0238136 -0.0140167 0)
(-0.0218175 -0.0189403 0)
(-0.0127276 -0.0269228 0)
(-0.0168345 0.0125472 0)
(-0.0145681 0.0136975 0)
(-0.0126724 0.0135241 0)
(-0.0113326 0.0119151 0)
(-0.0106312 0.00974354 0)
(-0.0100508 0.00870979 0)
(-0.00900629 0.00814323 0)
(-0.00788576 0.00527202 0)
(-0.00856586 -0.000563258 0)
(-0.0116639 -0.00498142 0)
(-0.015106 -0.00731757 0)
(-0.0178858 -0.0114478 0)
(-0.0206507 -0.0175995 0)
(-0.0235816 -0.0198368 0)
(-0.0261757 -0.0168709 0)
(-0.0275658 -0.0146271 0)
(-0.0268058 -0.0156922 0)
(-0.0226735 -0.025829 0)
(-0.0112156 -0.0425899 0)
(-0.017483 0.0107255 0)
(-0.0154903 0.0118852 0)
(-0.0136127 0.0119412 0)
(-0.0121346 0.0108836 0)
(-0.011318 0.00926116 0)
(-0.0108551 0.00816443 0)
(-0.0100966 0.00727807 0)
(-0.00929345 0.00492797 0)
(-0.00970715 0.00101382 0)
(-0.0115658 -0.00247408 0)
(-0.0136069 -0.00526655 0)
(-0.0154589 -0.00926858 0)
(-0.0183083 -0.0144292 0)
(-0.0222556 -0.0166273 0)
(-0.0251369 -0.0150591 0)
(-0.0257592 -0.0146182 0)
(-0.0243482 -0.0183454 0)
(-0.0207902 -0.0330163 0)
(-0.0109981 -0.0574638 0)
(-0.0174294 0.00918659 0)
(-0.0156981 0.0102374 0)
(-0.0139812 0.0104269 0)
(-0.012542 0.00978195 0)
(-0.0115832 0.0086737 0)
(-0.01093 0.00766434 0)
(-0.0102012 0.00659208 0)
(-0.00954018 0.00464892 0)
(-0.00961563 0.00178683 0)
(-0.0105375 -0.00112055 0)
(-0.0117013 -0.00396409 0)
(-0.0130598 -0.00751026 0)
(-0.0152974 -0.0113829 0)
(-0.0181738 -0.0135851 0)
(-0.0200839 -0.013939 0)
(-0.0200383 -0.0152399 0)
(-0.0181693 -0.0207672 0)
(-0.0158553 -0.0380463 0)
(-0.00859339 -0.070784 0)
(-0.0168756 0.00785802 0)
(-0.0153427 0.00876881 0)
(-0.0137732 0.00903311 0)
(-0.0123763 0.00866488 0)
(-0.0112936 0.00789552 0)
(-0.0104398 0.00700916 0)
(-0.00962032 0.00592863 0)
(-0.00891621 0.00427865 0)
(-0.00866261 0.00201511 0)
(-0.00892159 -0.000492347 0)
(-0.00943554 -0.00317296 0)
(-0.0102117 -0.00626807 0)
(-0.011527 -0.0094672 0)
(-0.0130683 -0.0118746 0)
(-0.0137845 -0.0135947 0)
(-0.012956 -0.0163681 0)
(-0.0105381 -0.0230235 0)
(-0.00897067 -0.0404902 0)
(-0.00452182 -0.0798437 0)
(-0.0159412 0.00665979 0)
(-0.014534 0.00742835 0)
(-0.013062 0.00771811 0)
(-0.0116833 0.00752139 0)
(-0.0105011 0.00696461 0)
(-0.00948211 0.00619385 0)
(-0.00853365 0.00517539 0)
(-0.00770126 0.00373674 0)
(-0.00715075 0.00183075 0)
(-0.00691968 -0.000393771 0)
(-0.00690011 -0.00288314 0)
(-0.00708426 -0.00568946 0)
(-0.00752875 -0.00862977 0)
(-0.00794378 -0.0113466 0)
(-0.00766688 -0.0140641 0)
(-0.00623939 -0.0179682 0)
(-0.00358622 -0.0252698 0)
(-0.00220463 -0.041549 0)
(-7.11111e-05 -0.0837165 0)
(-0.0147057 0.00552722 0)
(-0.0133671 0.00616239 0)
(-0.0119507 0.00644173 0)
(-0.0105711 0.00634216 0)
(-0.00930696 0.00591977 0)
(-0.00815668 0.00524444 0)
(-0.00708299 0.00430169 0)
(-0.00610824 0.00301042 0)
(-0.00531066 0.00132413 0)
(-0.00471524 -0.000707399 0)
(-0.00427467 -0.00305116 0)
(-0.00396128 -0.00571228 0)
(-0.00373513 -0.00861315 0)
(-0.00336143 -0.0116648 0)
(-0.00242598 -0.0151322 0)
(-0.000659779 -0.0198612 0)
(0.0018843 -0.0274967 0)
(0.00368508 -0.0424173 0)
(0.00460696 -0.0820949 0)
(-0.0132282 0.004419 0)
(-0.0119226 0.00493429 0)
(-0.0105357 0.00518144 0)
(-0.00914937 0.00512747 0)
(-0.00782379 0.00478735 0)
(-0.00657485 0.00418679 0)
(-0.00539449 0.00331469 0)
(-0.00429449 0.00212482 0)
(-0.00331213 0.00057721 0)
(-0.00246421 -0.00132456 0)
(-0.00172766 -0.00357175 0)
(-0.00106723 -0.00617567 0)
(-0.000415793 -0.00913216 0)
(0.000401219 -0.0124862 0)
(0.00164122 -0.0165091 0)
(0.00345647 -0.0218371 0)
(0.00569975 -0.0296906 0)
(0.0078476 -0.0432628 0)
(0.0079613 -0.0761344 0)
(-0.0115585 0.00331463 0)
(-0.0102688 0.00372454 0)
(-0.00889988 0.00392837 0)
(-0.00751084 0.00388746 0)
(-0.00614867 0.00359401 0)
(-0.00483547 0.0030488 0)
(-0.00357775 0.00223621 0)
(-0.00238713 0.0011217 0)
(-0.0012857 -0.00032984 0)
(-0.000286242 -0.00213728 0)
(0.000621562 -0.0043154 0)
(0.00146677 -0.00689403 0)
(0.00230832 -0.00991769 0)
(0.00326064 -0.0134948 0)
(0.00446801 -0.0178869 0)
(0.00599024 -0.023597 0)
(0.00763106 -0.0315247 0)
(0.00925267 -0.0437637 0)
(0.00846963 -0.0683465 0)
(-0.00974296 0.00220913 0)
(-0.0084665 0.00252712 0)
(-0.00711556 0.00268335 0)
(-0.00573395 0.00263699 0)
(-0.00435944 0.00236777 0)
(-0.00301612 0.00186227 0)
(-0.00171852 0.00109978 0)
(-0.000481351 4.92097e-05 0)
(0.000676359 -0.00132347 0)
(0.00174033 -0.00304816 0)
(0.00270948 -0.00515733 0)
(0.00359683 -0.00769734 0)
(0.00443494 -0.0107412 0)
(0.0052797 -0.0144207 0)
(0.00618589 -0.0189751 0)
(0.00713159 -0.0248032 0)
(0.00788609 -0.0325402 0)
(0.00824726 -0.043409 0)
(0.00653942 -0.0610969 0)
(-0.00782771 0.00110796 0)
(-0.0065713 0.00134567 0)
(-0.00524621 0.00145415 0)
(-0.00388622 0.00139277 0)
(-0.00252288 0.00113505 0)
(-0.00118088 0.000659831 0)
(0.000120269 -5.70748e-05 0)
(0.00136136 -0.00104582 0)
(0.00252107 -0.00234043 0)
(0.00357957 -0.00397601 0)
(0.00452286 -0.00599441 0)
(0.00534375 -0.00845247 0)
(0.00604234 -0.0114344 0)
(0.00662225 -0.015073 0)
(0.00707065 -0.0195776 0)
(0.00731226 -0.0252615 0)
(0.00714605 -0.0325614 0)
(0.00634711 -0.0421418 0)
(0.00415879 -0.0556147 0)
(-0.00585934 2.27444e-05 0)
(-0.00463517 0.000189814 0)
(-0.00334816 0.000252568 0)
(-0.00202563 0.000172161 0)
(-0.000695108 -8.02474e-05 0)
(0.000618491 -0.000529318 0)
(0.0018921 -0.00120071 0)
(0.00310198 -0.00212369 0)
(0.00422207 -0.00333111 0)
(0.00522494 -0.00485954 0)
(0.00608326 -0.00675333 0)
(0.00676937 -0.00907144 0)
(0.00725304 -0.0118972 0)
(0.00749522 -0.015353 0)
(0.00743378 -0.0196183 0)
(0.00696459 -0.0249491 0)
(0.00595181 -0.0316842 0)
(0.00419622 -0.040309 0)
(0.00192283 -0.0520172 0)
(-0.00388466 -0.00103206 0)
(-0.00270717 -0.000927936 0)
(-0.00147208 -0.000908003 0)
(-0.000202538 -0.00100836 0)
(0.0010765 -0.00125773 0)
(0.00233994 -0.00168141 0)
(0.00356211 -0.00230464 0)
(0.00471526 -0.00315474 0)
(0.00576818 -0.00426198 0)
(0.00668587 -0.00566073 0)
(0.00742913 -0.00739268 0)
(0.00795296 -0.00951213 0)
(0.00820288 -0.0120936 0)
(0.00810803 -0.0152424 0)
(0.00757099 -0.019111 0)
(0.00646751 -0.0239223 0)
(0.00471017 -0.0300107 0)
(0.0020395 -0.0380391 0)
(-0.000404567 -0.0504391 0)
(-0.00195008 -0.00204153 0)
(-0.000833818 -0.00199448 0)
(0.000335887 -0.0020145 0)
(0.00153858 -0.00213439 0)
(0.00275107 -0.00238115 0)
(0.00394821 -0.00277876 0)
(0.00510259 -0.0033505 0)
(0.0061834 -0.00412053 0)
(0.00715525 -0.00511505 0)
(0.00797713 -0.00636359 0)
(0.00860123 -0.00790159 0)
(0.00897062 -0.00977437 0)
(0.00901549 -0.0120428 0)
(0.00864656 -0.0147923 0)
(0.00774757 -0.0181483 0)
(0.00618331 -0.0223112 0)
(0.00388172 -0.0276609 0)
(0.000383824 -0.0353256 0)
(-0.00240018 -0.0508501 0)
(-0.000100919 -0.0029917 0)
(0.000940895 -0.00299754 0)
(0.00203325 -0.00305531 0)
(0.00315767 -0.0031942 0)
(0.00429236 -0.00343848 0)
(0.00541243 -0.0038096 0)
(0.0064896 -0.00432768 0)
(0.00749132 -0.00501282 0)
(0.00837967 -0.00588604 0)
(0.00911022 -0.0069706 0)
(0.00963062 -0.00829397 0)
(0.0098787 -0.00989091 0)
(0.00977962 -0.0118081 0)
(0.0092417 -0.0141121 0)
(0.00815358 -0.0169065 0)
(0.00639996 -0.0203782 0)
(0.00394975 -0.0249726 0)
(0.000318089 -0.0323294 0)
(-0.0023463 -0.0521886 0)
(0.00161942 -0.00387043 0)
(0.00257559 -0.00392656 0)
(0.00358083 -0.00402093 0)
(0.0046183 -0.004179 0)
(0.00566755 -0.00442176 0)
(0.0067044 -0.00476737 0)
(0.00770067 -0.00523213 0)
(0.00862344 -0.0058315 0)
(0.00943418 -0.00658093 0)
(0.0100877 -0.00749702 0)
(0.0105312 -0.0085993 0)
(0.010703 -0.00991302 0)
(0.0105319 -0.0114738 0)
(0.0099362 -0.0133365 0)
(0.00882746 -0.015596 0)
(0.00713245 -0.0184475 0)
(0.00487404 -0.0224197 0)
(0.00180602 -0.0295287 0)
(-0.000372372 -0.0526211 0)
(0.00317022 -0.00466788 0)
(0.00403197 -0.00477309 0)
(0.00494271 -0.00490417 0)
(0.00588726 -0.00508281 0)
(0.00684663 -0.00532649 0)
(0.00779786 -0.0056497 0)
(0.00871376 -0.00606466 0)
(0.00956237 -0.00658208 0)
(0.0103062 -0.00721189 0)
(0.0109017 -0.0079645 0)
(0.0112983 -0.00885257 0)
(0.0114387 -0.00989424 0)
(0.0112593 -0.0111188 0)
(0.0106925 -0.0125777 0)
(0.00967282 -0.0143708 0)
(0.00815637 -0.0167198 0)
(0.00617083 -0.0202358 0)
(0.00362548 -0.0271498 0)
(0.00156546 -0.0511035 0)
(0.00451439 -0.00537657 0)
(0.00527541 -0.00553097 0)
(0.00608676 -0.00570015 0)
(0.00693492 -0.00590218 0)
(0.00780261 -0.00615096 0)
(0.00866857 -0.00645725 0)
(0.00950738 -0.00682924 0)
(0.0102891 -0.00727305 0)
(0.0109787 -0.00779357 0)
(0.0115355 -0.0083957 0)
(0.0119132 -0.00908657 0)
(0.01206 -0.00987947 0)
(0.01192 -0.0108008 0)
(0.0114368 -0.0119038 0)
(0.0105589 -0.013298 0)
(0.00924886 -0.0152286 0)
(0.00750094 -0.0183455 0)
(0.00526425 -0.024888 0)
(0.00296106 -0.0481709 0)
(0.0056195 -0.00599142 0)
(0.00627597 -0.00619625 0)
(0.00698537 -0.00640619 0)
(0.00773594 -0.00663581 0)
(0.00851226 -0.00689555 0)
(0.00929514 -0.00719263 0)
(0.0100615 -0.00753142 0)
(0.0107844 -0.00791388 0)
(0.0114319 -0.00834035 0)
(0.0119675 -0.00881092 0)
(0.0123493 -0.00932811 0)
(0.0125307 -0.00990152 0)
(0.0124617 -0.0105561 0)
(0.0120917 -0.0113475 0)
(0.0113734 -0.0123923 0)
(0.0102608 -0.0139443 0)
(0.0087006 -0.0166386 0)
(0.00662903 -0.0225712 0)
(0.00401828 -0.0441019 0)
(0.00645897 -0.00650962 0)
(0.00700955 -0.00676714 0)
(0.00761675 -0.00702158 0)
(0.00827049 -0.00728417 0)
(0.00895735 -0.00756214 0)
(0.00966044 -0.00785947 0)
(0.0103595 -0.00817714 0)
(0.0110309 -0.00851344 0)
(0.0116468 -0.00886463 0)
(0.012175 -0.00922645 0)
(0.0125781 -0.00959699 0)
(0.0128136 -0.00998209 0)
(0.0128342 -0.0104046 0)
(0.01259 -0.0109205 0)
(0.0120301 -0.0116493 0)
(0.0110959 -0.0128415 0)
(0.00969943 -0.0150835 0)
(0.00781051 -0.020202 0)
(0.00505536 -0.038995 0)
(0.00701343 -0.00693071 0)
(0.00745929 -0.007244 0)
(0.00796621 -0.00754749 0)
(0.00852569 -0.00784921 0)
(0.0091262 -0.00815355 0)
(0.00975325 -0.0084617 0)
(0.0103897 -0.00877181 0)
(0.0110156 -0.00907902 0)
(0.0116075 -0.00937595 0)
(0.0121379 -0.00965407 0)
(0.0125738 -0.00990656 0)
(0.0128755 -0.010134 0)
(0.0129956 -0.0103544 0)
(0.0128786 -0.0106206 0)
(0.0124612 -0.0110506 0)
(0.0116657 -0.0118898 0)
(0.0103885 -0.0136741 0)
(0.00872032 -0.0179029 0)
(0.00604234 -0.0328906 0)
(0.00727203 -0.00725652 0)
(0.00761691 -0.00762933 0)
(0.00802768 -0.00798681 0)
(0.00849706 -0.00833411 0)
(0.00901518 -0.00867316 0)
(0.00956993 -0.009003 0)
(0.0101473 -0.00931961 0)
(0.0107315 -0.00961562 0)
(0.0113037 -0.00988046 0)
(0.0118416 -0.0101012 0)
(0.0123169 -0.010265 0)
(0.0126924 -0.0103645 0)
(0.0129183 -0.0104075 0)
(0.0129276 -0.0104357 0)
(0.0126311 -0.0105565 0)
(0.0119065 -0.0110034 0)
(0.0106005 -0.0122679 0)
(0.00876359 -0.0155607 0)
(0.00583437 -0.0264378 0)
(0.00723352 -0.00749134 0)
(0.00748384 -0.00792777 0)
(0.00780475 -0.00834415 0)
(0.00818962 -0.00874305 0)
(0.00862991 -0.00912457 0)
(0.00911567 -0.00948634 0)
(0.00963608 -0.009823 0)
(0.0101794 -0.0101255 0)
(0.0107323 -0.0103807 0)
(0.0112784 -0.0105713 0)
(0.0117953 -0.0106772 0)
(0.0122499 -0.0106794 0)
(0.0125914 -0.0105687 0)
(0.0127408 -0.0103624 0)
(0.0125757 -0.0101366 0)
(0.0119084 -0.0100874 0)
(0.0104896 -0.0106478 0)
(0.00814004 -0.0128207 0)
(0.0045684 -0.0206081 0)
(0.00690684 -0.00764201 0)
(0.00707189 -0.00814617 0)
(0.00731136 -0.00862567 0)
(0.00761862 -0.00908104 0)
(0.00798595 -0.00951128 0)
(0.00840526 -0.00991358 0)
(0.00886877 -0.0102823 0)
(0.00936905 -0.0106077 0)
(0.00989849 -0.0108751 0)
(0.0104478 -0.0110634 0)
(0.0110027 -0.0111451 0)
(0.0115387 -0.0110871 0)
(0.0120106 -0.010856 0)
(0.0123366 -0.0104309 0)
(0.0123728 -0.00983161 0)
(0.0118776 -0.00918027 0)
(0.0105155 -0.008828 0)
(0.00797833 -0.00966605 0)
(0.00412668 -0.0154215 0)
(0.00631122 -0.00771824 0)
(0.00640327 -0.00829369 0)
(0.0065718 -0.00883909 0)
(0.00680944 -0.00935372 0)
(0.00710877 -0.00983651 0)
(0.00746321 -0.0102852 0)
(0.00786773 -0.0106951 0)
(0.00831903 -0.0110573 0)
(0.00881536 -0.0113568 0)
(0.00935545 -0.0115708 0)
(0.009936 -0.0116654 0)
(0.0105461 -0.011594 0)
(0.0111568 -0.0112966 0)
(0.0117014 -0.0107043 0)
(0.0120405 -0.0097589 0)
(0.0119051 -0.00847104 0)
(0.0108794 -0.00707695 0)
(0.00859964 -0.00640918 0)
(0.00469452 -0.010113 0)
(0.00547563 -0.00773292 0)
(0.00551014 -0.00838181 0)
(0.00562011 -0.00899348 0)
(0.0057969 -0.00956721 0)
(0.00603309 -0.010103 0)
(0.00632325 -0.0106004 0)
(0.0066646 -0.0110567 0)
(0.00705741 -0.0114651 0)
(0.0075052 -0.0118128 0)
(0.00801471 -0.0120775 0)
(0.00859472 -0.0122231 0)
(0.00925266 -0.0121939 0)
(0.00998618 -0.0119073 0)
(0.0107648 -0.0112464 0)
(0.0114881 -0.0100603 0)
(0.0118996 -0.00820259 0)
(0.0115056 -0.00571414 0)
(0.00989842 -0.00329138 0)
(0.0059026 -0.0041539 0)
(0.00443826 -0.00770262 0)
(0.00443366 -0.00842424 0)
(0.00449885 -0.009099 0)
(0.00462396 -0.00972783 0)
(0.00480158 -0.0103131 0)
(0.00502724 -0.0108568 0)
(0.00529979 -0.0113595 0)
(0.00562191 -0.0118178 0)
(0.00600083 -0.0122228 0)
(0.00644938 -0.0125562 0)
(0.00698688 -0.0127853 0)
(0.00763927 -0.0128539 0)
(0.00843643 -0.012669 0)
(0.009402 -0.0120791 0)
(0.0105145 -0.010844 0)
(0.0115929 -0.00861718 0)
(0.0121159 -0.00508797 0)
(0.011767 -0.000491761 0)
(0.0076769 0.00329667 0)
(0.00324638 -0.00764765 0)
(0.00322311 -0.00843613 0)
(0.00325761 -0.00916586 0)
(0.00333981 -0.00984123 0)
(0.00346299 -0.0104679 0)
(0.00362362 -0.011051 0)
(0.00382148 -0.0115943 0)
(0.00406011 -0.0120987 0)
(0.00434784 -0.0125604 0)
(0.00469962 -0.0129679 0)
(0.00513972 -0.0132971 0)
(0.00570565 -0.013502 0)
(0.00645349 -0.0134976 0)
(0.00746368 -0.0131281 0)
(0.00882464 -0.0121046 0)
(0.0105134 -0.00989647 0)
(0.0121187 -0.00567416 0)
(0.0139856 0.00151644 0)
(0.0103765 0.0129854 0)
(0.00195726 -0.00759128 0)
(0.00193505 -0.00843233 0)
(0.00195114 -0.00920277 0)
(0.00199767 -0.00991146 0)
(0.0020698 -0.0105673 0)
(0.00216521 -0.0111784 0)
(0.00228397 -0.0117514 0)
(0.00242889 -0.0122906 0)
(0.00260639 -0.0127971 0)
(0.00282825 -0.0132667 0)
(0.00311482 -0.0136867 0)
(0.00350054 -0.0140279 0)
(0.00404461 -0.0142309 0)
(0.00485233 -0.0141731 0)
(0.00609784 -0.0135967 0)
(0.00795806 -0.011931 0)
(0.010286 -0.0078674 0)
(0.0151178 0.00179686 0)
(0.0131125 0.0250602 0)
(0.000641048 -0.007557 0)
(0.00063218 -0.00843046 0)
(0.000636911 -0.00922357 0)
(0.000651927 -0.00994976 0)
(0.000675331 -0.0106205 0)
(0.000706276 -0.0112458 0)
(0.000744795 -0.0118338 0)
(0.000791875 -0.0123912 0)
(0.000849814 -0.0129221 0)
(0.000922979 -0.0134279 0)
(0.00101936 -0.0139048 0)
(0.00115371 -0.0143414 0)
(0.00135449 -0.0147119 0)
(0.00168063 -0.014959 0)
(0.00225838 -0.0149462 0)
(0.00332665 -0.0143018 0)
(0.00506278 -0.0119094 0)
(0.00928511 -0.00271675 0)
(0.0127927 0.0411783 0)
)
;

boundaryField
{
    leftWall
    {
        type            noSlip;
    }
    rightWall
    {
        type            noSlip;
    }
    lowerWall
    {
        type            noSlip;
    }
    atmosphere
    {
        type            pressureInletOutletVelocity;
        value           nonuniform List<vector> 
46
(
(0 -0.0173778 0)
(0.0119728 0.00414039 0)
(0.0124559 0.0176076 0)
(0.0139396 0.0215196 0)
(0.0143026 0.02235 0)
(0.0142354 0.0219527 0)
(0.0139434 0.0209115 0)
(0.0135004 0.0195052 0)
(0.0129433 0.0178885 0)
(0.012293 0.0161518 0)
(0.011562 0.0143506 0)
(0.0107586 0.0125219 0)
(0.00988851 0.0106924 0)
(0.0089554 0.00888264 0)
(0.00796007 0.00710801 0)
(0.00689766 0.00537824 0)
(0.0057635 0.00369622 0)
(0.00459815 0.00203864 0)
(0.00354035 0.000251147 0)
(0 -0.0011285 0)
(0 -0.00225806 0)
(0 -0.00349988 0)
(0 -0.00468477 0)
(0 -0.00548425 0)
(0 -0.00597094 0)
(0 -0.00643111 0)
(0 -0.0068661 0)
(0 -0.007557 0)
(0 -0.00843046 0)
(0 -0.00922357 0)
(0 -0.00994976 0)
(0 -0.0106205 0)
(0 -0.0112458 0)
(0 -0.0118338 0)
(0 -0.0123912 0)
(0 -0.0129221 0)
(0 -0.0134279 0)
(0 -0.0139048 0)
(0 -0.0143414 0)
(0 -0.0147119 0)
(0 -0.014959 0)
(0 -0.0149462 0)
(0 -0.0143018 0)
(0 -0.0119094 0)
(0 -0.00271675 0)
(0.0127927 0.0411783 0)
)
;
    }
    defaultFaces
    {
        type            empty;
    }
}


// ************************************************************************* //
