/*--------------------------------*- C++ -*----------------------------------*\
  =========                 |
  \\      /  F ield         | OpenFOAM: The Open Source CFD Toolbox
   \\    /   O peration     | Website:  https://openfoam.org
    \\  /    A nd           | Version:  9
     \\/     M anipulation  |
\*---------------------------------------------------------------------------*/
FoamFile
{
    format      ascii;
    class       volVectorField;
    location    "5.8";
    object      U;
}
// * * * * * * * * * * * * * * * * * * * * * * * * * * * * * * * * * * * * * //

dimensions      [0 1 -1 0 0 0 0];

internalField   nonuniform List<vector> 
2268
(
(0.0013396 -0.000670861 0)
(0.00410586 -0.000742748 0)
(0.00668085 -0.000688571 0)
(0.00912516 -0.000619532 0)
(0.0112969 -0.000539679 0)
(0.0131695 -0.000458221 0)
(0.0147837 -0.00039563 0)
(0.0161961 -0.000350056 0)
(0.0174482 -0.000312306 0)
(0.0185333 -0.000274279 0)
(0.0194439 -0.000246669 0)
(0.0202522 -0.000257969 0)
(0.0211188 -0.000345451 0)
(0.0222948 -0.000528313 0)
(0.0239889 -0.000754244 0)
(0.025961 -0.000778492 0)
(0.0272983 0.000163259 0)
(0.0232181 0.00262884 0)
(0.0114898 0.00417984 0)
(-0.00273452 0.0038462 0)
(-0.0120541 0.00114519 0)
(-0.010853 -0.00212228 0)
(-0.00383213 -0.00197542 0)
(0.00140158 -0.00190196 0)
(0.00407192 -0.00196724 0)
(0.00655672 -0.00185494 0)
(0.00899034 -0.00168059 0)
(0.0111844 -0.00147938 0)
(0.0131139 -0.00127997 0)
(0.0148014 -0.00111398 0)
(0.016284 -0.000980639 0)
(0.0175829 -0.000858348 0)
(0.0186778 -0.000726274 0)
(0.0195436 -0.00061069 0)
(0.0202156 -0.000571926 0)
(0.0207944 -0.000673658 0)
(0.0214166 -0.000931371 0)
(0.0221568 -0.00121053 0)
(0.0228018 -0.00101269 0)
(0.0227907 0.00102467 0)
(0.019573 0.00571751 0)
(0.0112187 0.0086499 0)
(0.00159189 0.00785929 0)
(-0.00529154 0.00344611 0)
(-0.00718891 -0.00252829 0)
(-0.00470145 -0.00506427 0)
(0.00144933 -0.00313199 0)
(0.0040887 -0.00313886 0)
(0.00652949 -0.00297903 0)
(0.00895639 -0.00273216 0)
(0.0111732 -0.0024277 0)
(0.0131443 -0.00211824 0)
(0.0148798 -0.00185128 0)
(0.0164051 -0.00162599 0)
(0.0177287 -0.00140896 0)
(0.0188161 -0.00116703 0)
(0.019623 -0.000937595 0)
(0.0201548 -0.000805807 0)
(0.0204671 -0.000853238 0)
(0.0206297 -0.00108717 0)
(0.0206603 -0.00132278 0)
(0.0204302 -0.000931041 0)
(0.0197182 0.0017893 0)
(0.0168968 0.00804915 0)
(0.0111091 0.0118779 0)
(0.00480279 0.0108467 0)
(-0.000538563 0.00557613 0)
(-0.00345634 -0.00221676 0)
(-0.00292292 -0.00739038 0)
(0.00146547 -0.00442726 0)
(0.00410065 -0.00435538 0)
(0.00655727 -0.0041397 0)
(0.00901379 -0.00382503 0)
(0.0112759 -0.0034196 0)
(0.0132967 -0.00299863 0)
(0.0150794 -0.00262615 0)
(0.0166433 -0.00230058 0)
(0.0179884 -0.00197525 0)
(0.0190652 -0.00160164 0)
(0.0198073 -0.00122592 0)
(0.0201943 -0.000954519 0)
(0.0202475 -0.00088187 0)
(0.0199922 -0.00100666 0)
(0.0194125 -0.00111416 0)
(0.0184297 -0.00053405 0)
(0.0171666 0.00256293 0)
(0.0150097 0.00977959 0)
(0.0114458 0.0140728 0)
(0.00732522 0.0130932 0)
(0.00326486 0.00747222 0)
(0.000428363 -0.00154108 0)
(-0.000159636 -0.00822532 0)
(0.00147064 -0.00571134 0)
(0.00411566 -0.00558924 0)
(0.00663132 -0.00532706 0)
(0.00915193 -0.00495115 0)
(0.0114813 -0.00444561 0)
(0.013561 -0.00391035 0)
(0.0153927 -0.00342776 0)
(0.0169934 -0.00299465 0)
(0.018358 -0.0025489 0)
(0.0194217 -0.00202214 0)
(0.0200955 -0.00146774 0)
(0.0203369 -0.00101191 0)
(0.0201425 -0.000759139 0)
(0.0195082 -0.000699334 0)
(0.018392 -0.000601146 0)
(0.0167101 0.000192732 0)
(0.0147879 0.0033717 0)
(0.0132504 0.0108016 0)
(0.011637 0.0153753 0)
(0.00926421 0.0146816 0)
(0.00677879 0.00881944 0)
(0.00450716 -0.000583599 0)
(0.00252377 -0.00729477 0)
(0.0014785 -0.00699588 0)
(0.0041534 -0.00684374 0)
(0.00675667 -0.00654534 0)
(0.00936698 -0.0061112 0)
(0.0117795 -0.00550173 0)
(0.0139242 -0.00484624 0)
(0.015805 -0.00424778 0)
(0.0174391 -0.00370013 0)
(0.0188189 -0.00312312 0)
(0.0198662 -0.00242288 0)
(0.0204702 -0.00165951 0)
(0.0205718 -0.000979523 0)
(0.0201529 -0.000496816 0)
(0.0191936 -0.000192706 0)
(0.0176423 0.000173841 0)
(0.015417 0.00121871 0)
(0.0128336 0.00432547 0)
(0.0115348 0.0111864 0)
(0.0113765 0.0158943 0)
(0.0107284 0.0154844 0)
(0.00984517 0.0095098 0)
(0.00787183 0.00081804 0)
(0.00423558 -0.00500366 0)
(0.00149017 -0.00830121 0)
(0.00422768 -0.00813308 0)
(0.00693622 -0.00780801 0)
(0.00965039 -0.00731519 0)
(0.0121536 -0.00659297 0)
(0.0143644 -0.00580769 0)
(0.0162916 -0.00508552 0)
(0.0179532 -0.00441529 0)
(0.0193401 -0.00369676 0)
(0.0203642 -0.00280342 0)
(0.0208977 -0.00180337 0)
(0.0208717 -0.000866186 0)
(0.0202622 -0.000116407 0)
(0.0190464 0.00047192 0)
(0.0171818 0.00114175 0)
(0.0146318 0.00244445 0)
(0.0116966 0.00543787 0)
(0.0102577 0.0112919 0)
(0.0108334 0.0157553 0)
(0.0116989 0.0154967 0)
(0.0117061 0.00992871 0)
(0.0093509 0.00265862 0)
(0.00433646 -0.00167525 0)
(0.00152614 -0.00965317 0)
(0.00434113 -0.00949027 0)
(0.00716018 -0.00914477 0)
(0.00997972 -0.00858801 0)
(0.0125721 -0.00774026 0)
(0.0148461 -0.00681291 0)
(0.0168153 -0.00595468 0)
(0.0184956 -0.00514766 0)
(0.0198765 -0.00427481 0)
(0.0208651 -0.00316585 0)
(0.0213263 -0.00190163 0)
(0.0211894 -0.00067899 0)
(0.0204317 0.000365224 0)
(0.0190354 0.00126182 0)
(0.016978 0.00224277 0)
(0.0142858 0.00377729 0)
(0.0113119 0.00662545 0)
(0.00972232 0.0114391 0)
(0.0103961 0.015244 0)
(0.0118444 0.0150849 0)
(0.0119126 0.0105512 0)
(0.00905991 0.00491039 0)
(0.00285633 0.000508823 0)
(-0.0144628 0.00360466 0)
(-0.0126105 -0.00165197 0)
(-0.00771391 -0.00161979 0)
(-0.00511886 -0.000902449 0)
(-0.00359097 -0.000479709 0)
(-0.00288496 -0.000195734 0)
(-0.00218523 -0.000388221 0)
(1.80672e-05 -0.000939429 0)
(0.00483072 -0.00195334 0)
(0.0126207 -0.00184534 0)
(0.0154909 0.000665771 0)
(0.00768703 0.00263902 0)
(-0.00505375 0.0061289 0)
(-0.0369798 0.00496684 0)
(-0.0331208 -0.00531799 0)
(-0.00777947 -0.00670152 0)
(0.00736211 -0.00300041 0)
(0.0121436 -0.000109547 0)
(0.00968344 0.00328031 0)
(-0.00797161 0.00811563 0)
(-0.00643814 -0.00184989 0)
(-0.00658283 -0.00181321 0)
(-0.00682724 -0.000998948 0)
(-0.00697112 -0.000543634 0)
(-0.00691255 -0.00039586 0)
(-0.00635246 -0.000935032 0)
(-0.00449856 -0.00223819 0)
(-0.000824099 -0.0040174 0)
(0.00470915 -0.00342041 0)
(0.00616503 0.00214343 0)
(-0.000569537 0.00646247 0)
(-0.0104699 0.0126179 0)
(-0.0286421 0.0098048 0)
(-0.022304 -0.00930493 0)
(-0.00802089 -0.0121607 0)
(0.00137837 -0.0056054 0)
(0.00457036 -0.00161846 0)
(0.00944273 0.00648254 0)
(-0.000276333 0.00956502 0)
(-0.00344651 -0.00118675 0)
(-0.00637585 -0.00117053 0)
(-0.00823359 -0.000583365 0)
(-0.00931771 -0.000315542 0)
(-0.00986588 -0.000415265 0)
(-0.00980041 -0.00130652 0)
(-0.00863878 -0.00322607 0)
(-0.00618963 -0.00555897 0)
(-0.00246027 -0.00462842 0)
(-0.00193122 0.00343555 0)
(-0.00756008 0.00954476 0)
(-0.0142152 0.016242 0)
(-0.0212358 0.0109915 0)
(-0.0155722 -0.0128037 0)
(-0.00710765 -0.0160505 0)
(-0.00207412 -0.00731246 0)
(-0.00119115 -0.00355745 0)
(0.00594596 0.00858036 0)
(0.0027079 0.00960124 0)
(-0.00283785 0.000690214 0)
(-0.00715155 0.000140577 0)
(-0.00992752 0.000214854 0)
(-0.0116279 0.000163144 0)
(-0.0126795 -0.000199477 0)
(-0.0131777 -0.00140454 0)
(-0.0128695 -0.00378965 0)
(-0.0116948 -0.00653152 0)
(-0.0095088 -0.00542049 0)
(-0.00924927 0.00463365 0)
(-0.0135259 0.0117635 0)
(-0.0174634 0.0177733 0)
(-0.0166636 0.0100647 0)
(-0.0102675 -0.0151226 0)
(-0.00611112 -0.0182695 0)
(-0.00456224 -0.00767674 0)
(-0.00615991 -0.00502949 0)
(0.00126467 0.00867726 0)
(0.00202875 0.00962757 0)
(-0.00403708 0.00294303 0)
(-0.00878787 0.00181132 0)
(-0.0120191 0.00127066 0)
(-0.0141061 0.000844431 0)
(-0.0155738 0.000239197 0)
(-0.0166213 -0.00120637 0)
(-0.0171702 -0.00388438 0)
(-0.0173739 -0.00688349 0)
(-0.0169718 -0.00584056 0)
(-0.0165053 0.00536266 0)
(-0.0184295 0.013058 0)
(-0.0192735 0.017543 0)
(-0.0127813 0.00727291 0)
(-0.00622365 -0.0165625 0)
(-0.00579819 -0.0190657 0)
(-0.00664692 -0.00686025 0)
(-0.00996422 -0.00601754 0)
(-0.00340712 0.00659881 0)
(9.51554e-05 0.0103877 0)
(-0.0064044 0.00537215 0)
(-0.0111001 0.00359594 0)
(-0.0144732 0.00244481 0)
(-0.0167625 0.00165814 0)
(-0.0185363 0.000872659 0)
(-0.0200511 -0.000723996 0)
(-0.021358 -0.00351247 0)
(-0.0228753 -0.00655612 0)
(-0.0243277 -0.00577728 0)
(-0.0235165 0.00514306 0)
(-0.0220567 0.0130705 0)
(-0.0190533 0.0156867 0)
(-0.00948612 0.00356261 0)
(-0.00413568 -0.0170955 0)
(-0.00661193 -0.0187737 0)
(-0.00846023 -0.00546088 0)
(-0.0120022 -0.00653239 0)
(-0.00719359 0.00286424 0)
(-0.00239173 0.0121026 0)
(-0.00963338 0.0078846 0)
(-0.0139087 0.00533803 0)
(-0.0171935 0.00364197 0)
(-0.0195464 0.00254302 0)
(-0.0214978 0.00164624 0)
(-0.0233366 -8.33339e-06 0)
(-0.0252093 -0.0027549 0)
(-0.0276718 -0.00566061 0)
(-0.0304074 -0.00526798 0)
(-0.0294013 0.00398081 0)
(-0.0249187 0.0115478 0)
(-0.0181004 0.0124718 0)
(-0.00771852 9.77655e-07 0)
(-0.00434101 -0.01684 0)
(-0.00833648 -0.0178381 0)
(-0.00986344 -0.00427558 0)
(-0.0122995 -0.00648023 0)
(-0.00969965 -0.00177645 0)
(-0.007747 0.0169195 0)
(-0.0133454 0.0101203 0)
(-0.0170128 0.00689934 0)
(-0.020043 0.00481521 0)
(-0.0223862 0.00346681 0)
(-0.0244 0.00249704 0)
(-0.0263642 0.00085076 0)
(-0.0285181 -0.00174844 0)
(-0.0314012 -0.00444046 0)
(-0.0344729 -0.00457653 0)
(-0.0333701 0.0022901 0)
(-0.0271086 0.00864847 0)
(-0.0177474 0.00833664 0)
(-0.00789452 -0.00288076 0)
(-0.006208 -0.0160442 0)
(-0.0107168 -0.0166616 0)
(-0.0111835 -0.00398378 0)
(-0.0112329 -0.00621703 0)
(-0.0101892 -0.00696965 0)
(0.0015656 -0.0117534 0)
(0.00454233 -0.0117826 0)
(0.00752424 -0.0114094 0)
(0.0104921 -0.0107382 0)
(0.0132092 -0.009675 0)
(0.015578 -0.00850828 0)
(0.0176106 -0.00740648 0)
(0.0193068 -0.00634148 0)
(0.0206454 -0.00519506 0)
(0.0215432 -0.00370393 0)
(0.0218829 -0.00198219 0)
(0.0216057 -0.000270865 0)
(0.0206931 0.00127657 0)
(0.0191353 0.00268256 0)
(0.0169419 0.00413811 0)
(0.0142337 0.00596034 0)
(0.0114655 0.0085082 0)
(0.00985156 0.0118715 0)
(0.0100597 0.0144749 0)
(0.0108761 0.0145874 0)
(0.0100555 0.0121652 0)
(0.00610828 0.00926045 0)
(-0.00104618 0.0072713 0)
(0.00142835 -0.0147262 0)
(0.00468072 -0.0146488 0)
(0.00784478 -0.0141654 0)
(0.01084 -0.01334 0)
(0.0136145 -0.0119914 0)
(0.0161415 -0.0105241 0)
(0.0183154 -0.00907884 0)
(0.0200155 -0.00759895 0)
(0.0211394 -0.00601128 0)
(0.0217113 -0.0040518 0)
(0.0218218 -0.001848 0)
(0.0214863 0.000381604 0)
(0.0206294 0.00247568 0)
(0.0191702 0.00443108 0)
(0.01711 0.00634057 0)
(0.0146204 0.00832613 0)
(0.0121503 0.0104419 0)
(0.0104099 0.0125516 0)
(0.00957167 0.0141871 0)
(0.00871537 0.0148895 0)
(0.00646747 0.01474 0)
(0.00205746 0.0144311 0)
(-0.00411503 0.0143218 0)
(0.0033356 -0.016219 0)
(0.00546476 -0.0169405 0)
(0.00810712 -0.0166382 0)
(0.00982373 -0.0157017 0)
(0.0121162 -0.0139399 0)
(0.0152274 -0.0121461 0)
(0.0179413 -0.0104599 0)
(0.0198037 -0.00860296 0)
(0.0207378 -0.00654318 0)
(0.0210002 -0.00420426 0)
(0.0209364 -0.00172527 0)
(0.020684 0.000795885 0)
(0.0200728 0.00326708 0)
(0.0188765 0.00565857 0)
(0.0170945 0.00797076 0)
(0.0149775 0.0101542 0)
(0.0129639 0.0121045 0)
(0.0113492 0.0136591 0)
(0.00964233 0.0150159 0)
(0.00742352 0.0163386 0)
(0.00434273 0.0174795 0)
(-0.000110438 0.0183448 0)
(-0.0054494 0.0190954 0)
(0.0134392 -0.0233493 0)
(0.00780045 -0.018041 0)
(0.00904252 -0.0175238 0)
(0.00412033 -0.0161353 0)
(0.00378369 -0.0152999 0)
(0.0099857 -0.0138195 0)
(0.0142228 -0.0115243 0)
(0.0159218 -0.00913237 0)
(0.0166878 -0.00676507 0)
(0.0173507 -0.00416276 0)
(0.0173666 -0.00151049 0)
(0.0172522 0.000912127 0)
(0.0169661 0.0037372 0)
(0.0160069 0.00647149 0)
(0.0148544 0.0090157 0)
(0.0140914 0.0111255 0)
(0.0143527 0.0127277 0)
(0.0149071 0.0143298 0)
(0.0109841 0.0164068 0)
(0.00548976 0.0174966 0)
(0.00306951 0.0190234 0)
(-0.00013138 0.0204647 0)
(-0.00547674 0.0213637 0)
(-0.0075871 -0.0347083 0)
(-0.00425496 -0.0254863 0)
(-0.00725302 -0.0149182 0)
(-0.0307138 -0.00257975 0)
(-0.0314845 -0.0306662 0)
(-0.0246536 -0.030008 0)
(-0.0190793 -0.0223109 0)
(-0.0149716 -0.014144 0)
(-0.0109225 -0.0106985 0)
(-0.00522868 -0.00638 0)
(0.00035813 -0.00187047 0)
(0.00468679 0.000960621 0)
(0.00766356 0.00576534 0)
(0.00978836 0.010055 0)
(0.0110172 0.0130341 0)
(0.0110251 0.0146335 0)
(0.0108181 0.0145295 0)
(0.0123922 0.017804 0)
(0.0102962 0.0356474 0)
(-0.00228428 0.0301819 0)
(-0.00918957 0.0307398 0)
(-0.0108336 0.0359746 0)
(-0.00711694 0.0388376 0)
(-0.00617612 -0.014911 0)
(-0.0102917 -0.0167524 0)
(-0.00760185 -0.00292786 0)
(0.00656215 0.0124357 0)
(0.0110244 -0.0249621 0)
(-0.00732586 -0.0181163 0)
(-0.019866 -0.0188262 0)
(-0.0201151 -0.0140941 0)
(-0.0176457 -0.0148429 0)
(-0.0147939 -0.0130453 0)
(-0.0107775 -0.00883089 0)
(-0.00720337 -0.00488169 0)
(-0.0049595 0.000121292 0)
(-0.00448959 0.0049499 0)
(-0.00718994 0.00956014 0)
(-0.0137539 0.0147674 0)
(-0.0229904 0.0142409 0)
(-0.0285802 0.0123831 0)
(-0.0246322 0.0321797 0)
(-0.0231285 0.034745 0)
(-0.0295093 0.0294322 0)
(-0.0280514 0.0216324 0)
(-0.021338 0.0219711 0)
(0.000403757 -0.0148355 0)
(-0.00889594 -0.0163692 0)
(-0.0128575 -0.02229 0)
(0.00151418 -0.0154651 0)
(0.00277128 -0.0172 0)
(-0.00839163 -0.00280259 0)
(-0.0115612 -0.0124527 0)
(-0.0161817 -0.0149874 0)
(-0.0186909 -0.0160434 0)
(-0.0208503 -0.0152583 0)
(-0.0224609 -0.0114566 0)
(-0.0240299 -0.00606802 0)
(-0.0264235 0.000883659 0)
(-0.0303599 0.00875708 0)
(-0.0360592 0.0170692 0)
(-0.0409137 0.0240055 0)
(-0.0417757 0.0220834 0)
(-0.0414593 0.0149325 0)
(-0.0402316 0.0270314 0)
(-0.0369183 0.0366352 0)
(-0.0316726 0.0286412 0)
(-0.0251726 0.0167985 0)
(-0.0246184 0.0232754 0)
(0.000353995 -0.0101772 0)
(-0.00127563 -0.00878737 0)
(-0.00524149 -0.0168395 0)
(-0.00752603 -0.0150286 0)
(-0.0107972 -0.0101191 0)
(-0.0133401 -0.0035829 0)
(-0.0142178 -0.00789478 0)
(-0.0179711 -0.0105497 0)
(-0.0220802 -0.0113722 0)
(-0.0264594 -0.0104376 0)
(-0.0306259 -0.00714762 0)
(-0.0344881 -0.00169717 0)
(-0.0382903 0.00580953 0)
(-0.0421092 0.0144508 0)
(-0.0452466 0.0221233 0)
(-0.0456062 0.0243772 0)
(-0.043318 0.0186401 0)
(-0.0424732 0.0153273 0)
(-0.0412378 0.023555 0)
(-0.0336183 0.0287314 0)
(-0.0240271 0.0202162 0)
(-0.0210179 0.0149708 0)
(-0.0226324 0.0248483 0)
(0.000207235 -0.0116173 0)
(-0.000231904 -0.00892065 0)
(-0.00364704 -0.011558 0)
(-0.00824886 -0.0100627 0)
(-0.0121541 -0.00706537 0)
(-0.014302 -0.00351556 0)
(-0.0159676 -0.00511357 0)
(-0.0195682 -0.00645731 0)
(-0.0238438 -0.00662195 0)
(-0.0284468 -0.00547636 0)
(-0.0329326 -0.00255493 0)
(-0.0369349 0.00236414 0)
(-0.0401784 0.00917088 0)
(-0.0421619 0.0166601 0)
(-0.0421234 0.022168 0)
(-0.0400969 0.0218196 0)
(-0.0384032 0.0163478 0)
(-0.038384 0.0150527 0)
(-0.0359894 0.0190018 0)
(-0.0290256 0.0190132 0)
(-0.023081 0.0144722 0)
(-0.0219034 0.0157835 0)
(-0.0202509 0.0215288 0)
(-0.00026094 -0.0109369 0)
(-0.00114931 -0.00727667 0)
(-0.00389456 -0.00731086 0)
(-0.00776702 -0.00586346 0)
(-0.0113059 -0.00386377 0)
(-0.0138239 -0.0018241 0)
(-0.0161812 -0.00211245 0)
(-0.0195754 -0.00257498 0)
(-0.0234539 -0.0023335 0)
(-0.0274876 -0.00109026 0)
(-0.0313941 0.00148644 0)
(-0.0347886 0.00566195 0)
(-0.0371207 0.011157 0)
(-0.0377281 0.0167446 0)
(-0.0363199 0.0201899 0)
(-0.0339407 0.0194004 0)
(-0.0326182 0.0157815 0)
(-0.0321897 0.0143167 0)
(-0.029986 0.0147413 0)
(-0.0260074 0.0134007 0)
(-0.0232089 0.0122651 0)
(-0.0217771 0.0146393 0)
(-0.0190442 0.0173195 0)
(-0.000809844 -0.00976656 0)
(-0.00222263 -0.00566318 0)
(-0.00454302 -0.00412661 0)
(-0.00755177 -0.00249649 0)
(-0.0105148 -0.000865553 0)
(-0.0130403 0.000539624 0)
(-0.0155287 0.000835688 0)
(-0.0185017 0.000863405 0)
(-0.0217284 0.00128842 0)
(-0.0250095 0.00251209 0)
(-0.0281523 0.00477903 0)
(-0.0307866 0.00816284 0)
(-0.0323396 0.0122391 0)
(-0.0323261 0.0160227 0)
(-0.0308319 0.0180691 0)
(-0.0288294 0.0174599 0)
(-0.0275199 0.0151169 0)
(-0.0266751 0.013187 0)
(-0.0250517 0.012004 0)
(-0.0228773 0.0108571 0)
(-0.0212661 0.0109307 0)
(-0.0199021 0.012658 0)
(-0.0176482 0.0141137 0)
(-0.00129779 -0.00787474 0)
(-0.00304074 -0.00378602 0)
(-0.00515614 -0.00157651 0)
(-0.00758381 0.000203915 0)
(-0.0100164 0.00171471 0)
(-0.0122737 0.00289602 0)
(-0.0145289 0.00344242 0)
(-0.0169865 0.00368657 0)
(-0.0195646 0.00419391 0)
(-0.0221677 0.00536344 0)
(-0.0246032 0.00731802 0)
(-0.026499 0.00992556 0)
(-0.0274319 0.0127688 0)
(-0.0271687 0.0151972 0)
(-0.0258964 0.0163792 0)
(-0.0242946 0.0158771 0)
(-0.0230755 0.01415 0)
(-0.022169 0.0120988 0)
(-0.0210566 0.0104274 0)
(-0.0198182 0.00948981 0)
(-0.018759 0.00977499 0)
(-0.0176233 0.0110686 0)
(-0.0159294 0.0119192 0)
(-0.00154604 -0.00556118 0)
(-0.00352862 -0.00172488 0)
(-0.00556225 0.000630453 0)
(-0.00765021 0.00242921 0)
(-0.00967892 0.00386579 0)
(-0.011593 0.00495138 0)
(-0.0134826 0.00559646 0)
(-0.0154634 0.00593849 0)
(-0.017525 0.00649331 0)
(-0.0195638 0.00757328 0)
(-0.0213583 0.00916309 0)
(-0.022616 0.0110503 0)
(-0.0231011 0.0129457 0)
(-0.022731 0.0144375 0)
(-0.0216754 0.0150497 0)
(-0.0203682 0.0145511 0)
(-0.0192452 0.0131532 0)
(-0.018415 0.0112293 0)
(-0.0177237 0.00953002 0)
(-0.0170736 0.00864874 0)
(-0.0164173 0.00888114 0)
(-0.0155004 0.00982357 0)
(-0.0141123 0.0102728 0)
(-0.00164098 -0.0030125 0)
(-0.00374829 0.000428894 0)
(-0.0057471 0.00267088 0)
(-0.00764208 0.0043582 0)
(-0.00939863 0.00567949 0)
(-0.0110183 0.00667279 0)
(-0.0125725 0.00732958 0)
(-0.0141704 0.00774438 0)
(-0.0158111 0.00830617 0)
(-0.0173536 0.00922215 0)
(-0.0185978 0.0104092 0)
(-0.0193695 0.0116984 0)
(-0.0195575 0.0129005 0)
(-0.0191403 0.0137465 0)
(-0.0182509 0.0139611 0)
(-0.0171629 0.0134172 0)
(-0.0161596 0.0122195 0)
(-0.0154327 0.010582 0)
(-0.0149908 0.00905562 0)
(-0.014683 0.00818523 0)
(-0.0142963 0.00825385 0)
(-0.0135352 0.00875073 0)
(-0.0123238 0.00886411 0)
(-0.00163469 -0.000409976 0)
(-0.00378951 0.00262009 0)
(-0.00576894 0.00462639 0)
(-0.00754917 0.00610806 0)
(-0.00913143 0.00725911 0)
(-0.0105425 0.00812803 0)
(-0.0118505 0.0087396 0)
(-0.0131381 0.00918558 0)
(-0.0143999 0.00969294 0)
(-0.0155124 0.0103877 0)
(-0.0163366 0.0112008 0)
(-0.0167759 0.0120251 0)
(-0.0167757 0.0127218 0)
(-0.0163454 0.0131174 0)
(-0.0155884 0.0130515 0)
(-0.0146873 0.0124561 0)
(-0.0138385 0.0113992 0)
(-0.0132016 0.0100551 0)
(-0.0128396 0.00876964 0)
(-0.0126464 0.00793772 0)
(-0.0123388 0.00775627 0)
(-0.0116667 0.00780903 0)
(-0.0106328 0.00762888 0)
(-0.00158225 0.00215676 0)
(-0.00373658 0.0048157 0)
(-0.0056878 0.00652004 0)
(-0.00738506 0.00774342 0)
(-0.0088499 0.00868378 0)
(-0.0101156 0.00939493 0)
(-0.0112411 0.00991284 0)
(-0.0122796 0.0103113 0)
(-0.0132258 0.0107103 0)
(-0.0140047 0.0111778 0)
(-0.0145301 0.0116799 0)
(-0.0147458 0.0121428 0)
(-0.0146295 0.0124689 0)
(-0.0142048 0.0125481 0)
(-0.0135531 0.0122875 0)
(-0.0128025 0.0116554 0)
(-0.0120917 0.0107064 0)
(-0.0115355 0.00957839 0)
(-0.0111757 0.00849871 0)
(-0.0109273 0.0077043 0)
(-0.0105874 0.00728266 0)
(-0.00998671 0.00700445 0)
(-0.0091192 0.0065848 0)
(-0.00154482 0.00466533 0)
(-0.00364708 0.00697732 0)
(-0.00554221 0.00835029 0)
(-0.00716357 0.00929132 0)
(-0.00853586 0.00999662 0)
(-0.00968902 0.0105219 0)
(-0.0106704 0.0109022 0)
(-0.0115168 0.0111876 0)
(-0.0122284 0.0114423 0)
(-0.012766 0.0117011 0)
(-0.0130828 0.0119454 0)
(-0.0131498 0.0121259 0)
(-0.0129634 0.0121775 0)
(-0.012552 0.0120314 0)
(-0.0119798 0.0116357 0)
(-0.0113383 0.0109796 0)
(-0.0107239 0.0101089 0)
(-0.0102122 0.00912463 0)
(-0.00982513 0.00817313 0)
(-0.0095013 0.00738984 0)
(-0.0091123 0.00681032 0)
(-0.00855273 0.00631062 0)
(-0.00781294 0.00571602 0)
(-0.00152588 0.00711602 0)
(-0.003543 0.00906505 0)
(-0.00535517 0.0101046 0)
(-0.00689586 0.0107571 0)
(-0.00818211 0.0112152 0)
(-0.00923812 0.0115347 0)
(-0.010102 0.0117457 0)
(-0.0108023 0.0118802 0)
(-0.011345 0.0119724 0)
(-0.0117142 0.0120387 0)
(-0.0118891 0.0120666 0)
(-0.0118595 0.0120236 0)
(-0.0116323 0.0118676 0)
(-0.0112362 0.0115569 0)
(-0.0107216 0.0110637 0)
(-0.0101543 0.0103882 0)
(-0.00960066 0.00956716 0)
(-0.00910918 0.0086712 0)
(-0.00869077 0.00779211 0)
(-0.00830518 0.00700683 0)
(-0.0078757 0.00632992 0)
(-0.00734022 0.00569071 0)
(-0.00669186 0.00498297 0)
(-0.0015055 0.00950505 0)
(-0.00342234 0.0110529 0)
(-0.00513736 0.0117707 0)
(-0.00659002 0.012137 0)
(-0.00778841 0.0123445 0)
(-0.00875347 0.012448 0)
(-0.00951744 0.0124726 0)
(-0.0101047 0.0124381 0)
(-0.0105257 0.0123617 0)
(-0.0107787 0.0122497 0)
(-0.010859 0.0120925 0)
(-0.0107682 0.0118685 0)
(-0.0105189 0.0115508 0)
(-0.0101378 0.0111148 0)
(-0.00966463 0.0105464 0)
(-0.00914713 0.00985081 0)
(-0.00863091 0.00905597 0)
(-0.00814779 0.00820982 0)
(-0.00770407 0.00736924 0)
(-0.0072755 0.00657807 0)
(-0.00681845 0.005842 0)
(-0.00629848 0.00511949 0)
(-0.00571313 0.00434661 0)
(-0.00146917 0.0118202 0)
(-0.00328738 0.0129336 0)
(-0.00489925 0.0133388 0)
(-0.00625269 0.0134237 0)
(-0.007357 0.0133833 0)
(-0.00823225 0.0132696 0)
(-0.00890705 0.0131027 0)
(-0.00940345 0.0128941 0)
(-0.00973469 0.0126513 0)
(-0.00990698 0.012375 0)
(-0.0099248 0.0120569 0)
(-0.00979634 0.0116823 0)
(-0.00953689 0.0112341 0)
(-0.00917028 0.0106979 0)
(-0.00872792 0.0100673 0)
(-0.00824484 0.00934864 0)
(-0.00775318 0.00856247 0)
(-0.0072747 0.00774071 0)
(-0.00681443 0.00691848 0)
(-0.00635932 0.00612086 0)
(-0.00588605 0.0053498 0)
(-0.00537719 0.00458065 0)
(-0.00483398 0.00377549 0)
(-0.00141185 0.0140448 0)
(-0.00313934 0.0147122 0)
(-0.00464421 0.0147972 0)
(-0.00588544 0.0146074 0)
(-0.00688834 0.0143276 0)
(-0.00767298 0.0140032 0)
(-0.00826536 0.0136488 0)
(-0.00868569 0.0132701 0)
(-0.00894825 0.0128685 0)
(-0.00906321 0.0124416 0)
(-0.00903973 0.0119819 0)
(-0.00888921 0.0114791 0)
(-0.0086274 0.0109219 0)
(-0.0082751 0.0103018 0)
(-0.00785727 0.00961637 0)
(-0.00740015 0.00887137 0)
(-0.00692708 0.00808151 0)
(-0.00645391 0.00726773 0)
(-0.00598569 0.00645167 0)
(-0.00551676 0.00564781 0)
(-0.00503599 0.00485661 0)
(-0.00453599 0.00406348 0)
(-0.00402044 0.00324635 0)
(-0.00134962 0.0161666 0)
(-0.00297652 0.0163894 0)
(-0.00436304 0.0161329 0)
(-0.00548213 0.0156789 0)
(-0.00637904 0.0151738 0)
(-0.00707338 0.0146513 0)
(-0.0075887 0.0141198 0)
(-0.00794339 0.0135804 0)
(-0.00815155 0.0130311 0)
(-0.00822479 0.0124674 0)
(-0.00817411 0.0118824 0)
(-0.00801187 0.0112682 0)
(-0.00775301 0.0106172 0)
(-0.0074154 0.00992415 0)
(-0.00701898 0.00918824 0)
(-0.00658385 0.00841421 0)
(-0.00612754 0.00761221 0)
(-0.00566237 0.00679581 0)
(-0.00519368 0.00597834 0)
(-0.00472043 0.00516819 0)
(-0.00423863 0.00436533 0)
(-0.00374662 0.00356116 0)
(-0.0032493 0.00274324 0)
(-0.00128634 0.0181759 0)
(-0.00278147 0.0179461 0)
(-0.00403386 0.0173379 0)
(-0.00503101 0.0166349 0)
(-0.00582353 0.015922 0)
(-0.00643088 0.0152172 0)
(-0.00687487 0.0145227 0)
(-0.00717228 0.0138356 0)
(-0.00733642 0.0131514 0)
(-0.00737883 0.0124644 0)
(-0.00731069 0.0117681 0)
(-0.00714393 0.011056 0)
(-0.00689204 0.0103225 0)
(-0.00657007 0.00956422 0)
(-0.00619408 0.0087808 0)
(-0.00577974 0.00797576 0)
(-0.00534069 0.00715592 0)
(-0.00488693 0.00632995 0)
(-0.00442401 0.00550601 0)
(-0.00395362 0.00468896 0)
(-0.00347577 0.00387859 0)
(-0.00299192 0.00306989 0)
(-0.00250733 0.0022561 0)
(-0.00118575 0.0200412 0)
(-0.00252783 0.0193551 0)
(-0.00364353 0.0184149 0)
(-0.00452613 0.01748 0)
(-0.00521962 0.0165767 0)
(-0.00574517 0.0157065 0)
(-0.00612394 0.0148644 0)
(-0.00637141 0.014044 0)
(-0.00649971 0.0132386 0)
(-0.00651951 0.0124415 0)
(-0.00644113 0.0116463 0)
(-0.00627534 0.0108474 0)
(-0.00603378 0.0100404 0)
(-0.00572898 0.00922261 0)
(-0.00537386 0.0083939 0)
(-0.00498082 0.00755659 0)
(-0.00456073 0.00671509 0)
(-0.00412197 0.00587485 0)
(-0.00367007 0.00504076 0)
(-0.00320816 0.00421558 0)
(-0.00273841 0.003399 0)
(-0.00226379 0.00258811 0)
(-0.0017894 0.00177939 0)
(-0.00104539 0.0217147 0)
(-0.00222843 0.0206028 0)
(-0.00320751 0.0193676 0)
(-0.00397554 0.0182189 0)
(-0.00457212 0.0171429 0)
(-0.00501988 0.0161247 0)
(-0.00533887 0.0151515 0)
(-0.00554283 0.014213 0)
(-0.0056422 0.0133001 0)
(-0.00564609 0.0124054 0)
(-0.00556335 0.0115226 0)
(-0.00540312 0.0106465 0)
(-0.00517511 0.00977325 0)
(-0.0048895 0.00890077 0)
(-0.00455666 0.00802868 0)
(-0.00418647 0.00715839 0)
(-0.00378771 0.00629266 0)
(-0.0033675 0.00543479 0)
(-0.00293114 0.00458763 0)
(-0.00248243 0.00375261 0)
(-0.00202453 0.00292934 0)
(-0.00156104 0.00211604 0)
(-0.00109663 0.00131094 0)
(-0.000902263 0.0231707 0)
(-0.00191588 0.0216843 0)
(-0.00274712 0.0201898 0)
(-0.00339202 0.0188496 0)
(-0.00388912 0.0176219 0)
(-0.00426101 0.0164757 0)
(-0.00452476 0.0153896 0)
(-0.00469102 0.0143486 0)
(-0.00476761 0.0133422 0)
(-0.00476149 0.012362 0)
(-0.00467959 0.0114019 0)
(-0.00452918 0.010457 0)
(-0.00431798 0.00952394 0)
(-0.00405406 0.0086008 0)
(-0.00374561 0.00768706 0)
(-0.00340048 0.0067835 0)
(-0.0030258 0.00589176 0)
(-0.00262765 0.00501375 0)
(-0.00221093 0.00415101 0)
(-0.00177962 0.00330415 0)
(-0.00133725 0.00247264 0)
(-0.000887512 0.00165524 0)
(-0.000434579 0.000851006 0)
(-0.000766732 0.0244097 0)
(-0.00160381 0.0225916 0)
(-0.00227401 0.0208688 0)
(-0.00278445 0.0193647 0)
(-0.00317748 0.0180124 0)
(-0.00347486 0.0167624 0)
(-0.0036879 0.0155835 0)
(-0.00382218 0.0144569 0)
(-0.00388188 0.0133708 0)
(-0.0038713 0.0123168 0)
(-0.00379517 0.0112889 0)
(-0.00365875 0.0102828 0)
(-0.0034678 0.00929552 0)
(-0.00322846 0.00832527 0)
(-0.00294702 0.00737152 0)
(-0.00262962 0.00643465 0)
(-0.00228205 0.00551561 0)
(-0.00190942 0.00461547 0)
(-0.0015162 0.00373496 0)
(-0.00110627 0.00287412 0)
(-0.00068318 0.00203228 0)
(-0.000250481 0.00120836 0)
(0.000188181 0.000401685 0)
(-0.000642549 0.0254376 0)
(-0.00129843 0.0233157 0)
(-0.00179373 0.0213895 0)
(-0.00215702 0.0197543 0)
(-0.00244163 0.0183131 0)
(-0.00266737 0.0169883 0)
(-0.00283537 0.0157387 0)
(-0.00294384 0.0145437 0)
(-0.00299259 0.0133916 0)
(-0.00298298 0.0122749 0)
(-0.00291746 0.0111882 0)
(-0.00279926 0.0101279 0)
(-0.00263224 0.0090913 0)
(-0.00242072 0.00807714 0)
(-0.00216929 0.00708491 0)
(-0.00188264 0.00611484 0)
(-0.00156536 0.00516754 0)
(-0.00122174 0.00424362 0)
(-0.000855769 0.00334334 0)
(-0.000471106 0.00246641 0)
(-7.11776e-05 0.00161195 0)
(0.000340709 0.000778859 0)
(0.000761384 -3.36326e-05 0)
(-0.000532487 0.0262636 0)
(-0.00100034 0.0238479 0)
(-0.00130588 0.0217334 0)
(-0.0015092 0.0200073 0)
(-0.00168427 0.018525 0)
(-0.00184495 0.0171594 0)
(-0.00197548 0.015862 0)
(-0.00206484 0.0146152 0)
(-0.00210855 0.0134103 0)
(-0.00210525 0.0122413 0)
(-0.00205516 0.0111043 0)
(-0.00195952 0.00999607 0)
(-0.00182032 0.00891488 0)
(-0.00164015 0.00785972 0)
(-0.00142206 0.00683041 0)
(-0.0011694 0.00582729 0)
(-0.000885728 0.00485093 0)
(-0.0005746 0.0039018 0)
(-0.00023955 0.00297997 0)
(0.000116005 0.00208494 0)
(0.0004888 0.00121567 0)
(0.000875763 0.000370822 0)
(0.00127412 -0.000450651 0)
(-0.000418489 0.026898 0)
(-0.000686997 0.0241822 0)
(-0.000795361 0.0218856 0)
(-0.000836279 0.0201177 0)
(-0.00091025 0.0186551 0)
(-0.00101711 0.0172844 0)
(-0.00111856 0.0159606 0)
(-0.00119507 0.0146777 0)
(-0.00123923 0.0134323 0)
(-0.00124739 0.0122212 0)
(-0.00121758 0.0110417 0)
(-0.00114898 0.00989171 0)
(-0.00104172 0.00877011 0)
(-0.000896688 0.00767659 0)
(-0.000715478 0.00661143 0)
(-0.000500234 0.00557537 0)
(-0.00025355 0.00456921 0)
(2.16467e-05 0.00359359 0)
(0.000322213 0.00264859 0)
(0.00064492 0.00173367 0)
(0.000986617 0.00084758 0)
(0.0013444 -1.13163e-05 0)
(0.00171581 -0.000844539 0)
(-0.000207688 0.0273056 0)
(-0.000252523 0.0243133 0)
(-0.000206896 0.0218736 0)
(-0.000141956 0.0201126 0)
(-0.000142074 0.0187138 0)
(-0.000200211 0.0173706 0)
(-0.000276203 0.0160398 0)
(-0.000344029 0.0147361 0)
(-0.000393498 0.0134628 0)
(-0.000418269 0.0122195 0)
(-0.000413817 0.0110053 0)
(-0.000377047 0.00981919 0)
(-0.000306108 0.00866109 0)
(-0.000200237 0.00753153 0)
(-5.96185e-05 0.00643156 0)
(0.000114725 0.00536254 0)
(0.000321047 0.00432584 0)
(0.00055698 0.00332248 0)
(0.000819677 0.00235283 0)
(0.001106 0.00141642 0)
(0.00141279 0.000511833 0)
(0.0017372 -0.000363002 0)
(0.00207699 -0.00121025 0)
(0.000151915 0.0273152 0)
(0.000342481 0.0242511 0)
(0.000482642 0.0217646 0)
(0.000588025 0.0200502 0)
(0.000623278 0.0187193 0)
(0.000602081 0.0174223 0)
(0.000547954 0.016103 0)
(0.000483572 0.0147948 0)
(0.000422487 0.0135068 0)
(0.000374729 0.0122417 0)
(0.000347885 0.0110002 0)
(0.000347502 0.00978334 0)
(0.000377392 0.00859221 0)
(0.000439908 0.00742855 0)
(0.000536149 0.00629448 0)
(0.000666111 0.00519229 0)
(0.000828804 0.00412415 0)
(0.00102234 0.00309178 0)
(0.00124407 0.00209607 0)
(0.0014908 0.00113679 0)
(0.00175921 0.000212377 0)
(0.00204631 -0.00067981 0)
(0.00235001 -0.00154282 0)
(0.000587554 0.0268048 0)
(0.00102736 0.0240009 0)
(0.00125385 0.0216008 0)
(0.00137916 0.0199736 0)
(0.00141974 0.0187028 0)
(0.00141031 0.0174504 0)
(0.00136285 0.0161591 0)
(0.00128913 0.0148624 0)
(0.00120552 0.0135724 0)
(0.00112574 0.0122947 0)
(0.00106025 0.0110327 0)
(0.00101672 0.0097895 0)
(0.0010006 0.00856807 0)
(0.00101554 0.00737171 0)
(0.00106369 0.00620386 0)
(0.00114593 0.00506796 0)
(0.00126193 0.00396728 0)
(0.00141022 0.0029045 0)
(0.00158827 0.00188132 0)
(0.00179269 0.000897947 0)
(0.00201973 -4.72385e-05 0)
(0.00226605 -0.000957666 0)
(0.0025296 -0.00183759 0)
(0.00100533 0.0257461 0)
(0.00175278 0.0235236 0)
(0.0020927 0.0213863 0)
(0.00223382 0.0198974 0)
(0.0022682 0.0186868 0)
(0.00224738 0.0174784 0)
(0.00217878 0.0162276 0)
(0.00207401 0.0149546 0)
(0.001952 0.0136718 0)
(0.00182874 0.0123881 0)
(0.00171627 0.01111 0)
(0.00162343 0.00984335 0)
(0.00155653 0.00859332 0)
(0.00151999 0.00736496 0)
(0.00151668 0.00616315 0)
(0.00154816 0.00499268 0)
(0.00161468 0.00385807 0)
(0.00171522 0.00276325 0)
(0.00184734 0.00171105 0)
(0.00200732 0.000702484 0)
(0.00219065 -0.000264047 0)
(0.00239333 -0.00119303 0)
(0.00261323 -0.00209047 0)
(0.00139672 0.0241477 0)
(0.00249783 0.0227758 0)
(0.00298901 0.0210935 0)
(0.00316802 0.0198148 0)
(0.00318428 0.0186885 0)
(0.0031172 0.0175398 0)
(0.00299265 0.0163372 0)
(0.00283141 0.0150925 0)
(0.0026537 0.01382 0)
(0.00247543 0.0125322 0)
(0.00230836 0.0112394 0)
(0.00216102 0.00995018 0)
(0.00203961 0.00867203 0)
(0.00194861 0.00741166 0)
(0.00189117 0.00617536 0)
(0.00186932 0.0049692 0)
(0.00188394 0.00379902 0)
(0.00193452 0.00267022 0)
(0.0020189 0.0015872 0)
(0.00213295 0.000552269 0)
(0.00227101 -0.000435798 0)
(0.00242786 -0.00138301 0)
(0.00260125 -0.00229798 0)
(0.00187926 0.021979 0)
(0.00335968 0.0217453 0)
(0.00398786 0.0206985 0)
(0.00418495 0.0197292 0)
(0.00414501 0.0187412 0)
(0.00399166 0.0176715 0)
(0.00378098 0.0165171 0)
(0.00354246 0.0152967 0)
(0.00329573 0.0140305 0)
(0.00305447 0.0127357 0)
(0.00282821 0.0114263 0)
(0.00262378 0.0101136 0)
(0.00244621 0.00880687 0)
(0.00229933 0.00751414 0)
(0.00218619 0.00624277 0)
(0.00210915 0.00499982 0)
(0.00206973 0.00379234 0)
(0.0020683 0.00262732 0)
(0.00210334 0.00151118 0)
(0.00217057 0.000448445 0)
(0.00226256 -0.000561003 0)
(0.00237209 -0.00152539 0)
(0.00249678 -0.00245743 0)
(0.00260407 0.0190746 0)
(0.00447382 0.0204428 0)
(0.00514095 0.0202567 0)
(0.00525838 0.0196978 0)
(0.00509796 0.0188922 0)
(0.00482279 0.0179064 0)
(0.00450605 0.0167896 0)
(0.00417932 0.0155811 0)
(0.00385854 0.0143111 0)
(0.00355284 0.0130026 0)
(0.00326793 0.0116726 0)
(0.00300773 0.0103344 0)
(0.00277532 0.00899839 0)
(0.00257339 0.00767323 0)
(0.0024045 0.00636673 0)
(0.00227119 0.00508646 0)
(0.00217583 0.00384024 0)
(0.00212009 0.00263654 0)
(0.00210395 0.0014843 0)
(0.00212372 0.000391559 0)
(0.00216954 -0.000638838 0)
(0.00223083 -0.00161852 0)
(0.00230527 -0.00256688 0)
(0.00370202 0.0151239 0)
(0.00586747 0.0189263 0)
(0.00643034 0.0199096 0)
(0.00633045 0.0198207 0)
(0.0059771 0.0191931 0)
(0.00555282 0.0182684 0)
(0.00512361 0.0171646 0)
(0.00471098 0.0159481 0)
(0.00432194 0.0146606 0)
(0.00395864 0.0133297 0)
(0.00362175 0.0119746 0)
(0.00331174 0.0106091 0)
(0.00302933 0.00924376 0)
(0.00277579 0.00788721 0)
(0.00255298 0.00654689 0)
(0.00236345 0.00523008 0)
(0.00221039 0.00394467 0)
(0.0020973 0.00270004 0)
(0.00202697 0.00150772 0)
(0.00199817 0.000381286 0)
(0.00199786 -0.000669293 0)
(0.00201033 -0.00166119 0)
(0.00203365 -0.00262533 0)
(0.00544414 0.0102556 0)
(0.00751056 0.0174711 0)
(0.00777299 0.0198677 0)
(0.00728854 0.0202031 0)
(0.00668858 0.0196813 0)
(0.00611425 0.0187618 0)
(0.00558853 0.0176325 0)
(0.00510926 0.0163836 0)
(0.00466982 0.0150642 0)
(0.00426416 0.0137033 0)
(0.00388791 0.01232 0)
(0.00353836 0.0109272 0)
(0.00321422 0.00953448 0)
(0.00291534 0.00814953 0)
(0.00264275 0.00677883 0)
(0.00239865 0.00542857 0)
(0.00218666 0.00410568 0)
(0.00201206 0.00281903 0)
(0.00188206 0.00158174 0)
(0.00180179 0.000415024 0)
(0.00175394 -0.000654322 0)
(0.00171698 -0.0016531 0)
(0.00168936 -0.00263336 0)
(0.00708222 0.00187417 0)
(0.00908698 0.0158408 0)
(0.0089007 0.0202842 0)
(0.00793752 0.0209001 0)
(0.00711664 0.0203494 0)
(0.00644267 0.019357 0)
(0.00586681 0.0181611 0)
(0.00535786 0.0168596 0)
(0.00489605 0.0154994 0)
(0.0044692 0.0141059 0)
(0.00406997 0.0126951 0)
(0.00369403 0.0112777 0)
(0.00333897 0.0098619 0)
(0.00300372 0.00845387 0)
(0.00268834 0.00705881 0)
(0.00239411 0.00568138 0)
(0.00212379 0.0043264 0)
(0.00188304 0.00300011 0)
(0.00168424 0.00171363 0)
(0.00154572 0.00049468 0)
(0.0014421 -0.000594595 0)
(0.00135562 -0.00159426 0)
(0.00127977 -0.0025948 0)
(0.00538157 -0.00507414 0)
(0.0111159 0.0156631 0)
(0.00972573 0.0217197 0)
(0.00814711 0.0220192 0)
(0.00720516 0.0211901 0)
(0.00652631 0.0200359 0)
(0.00596538 0.0187455 0)
(0.00546956 0.0173852 0)
(0.00501386 0.0159849 0)
(0.00458584 0.0145618 0)
(0.00417896 0.0131274 0)
(0.0037895 0.01169 0)
(0.00341519 0.010256 0)
(0.00305461 0.0088309 0)
(0.00270691 0.00741876 0)
(0.00237168 0.00602301 0)
(0.00204891 0.00464628 0)
(0.00174086 0.00329062 0)
(0.00146166 0.00195932 0)
(0.00124919 0.00067124 0)
(0.00105052 -0.000462869 0)
(0.000922775 -0.00147845 0)
(0.00081182 -0.00251956 0)
(-0.000795175 -0.0153705 0)
(0.00987615 0.00962895 0)
(0.00845055 0.0230209 0)
(0.00769656 0.0234141 0)
(0.00703036 0.0221768 0)
(0.00647268 0.0208211 0)
(0.00597119 0.0194329 0)
(0.00550584 0.0180169 0)
(0.00506493 0.0165794 0)
(0.00464238 0.0151285 0)
(0.00423484 0.0136715 0)
(0.00384015 0.0122151 0)
(0.00345666 0.0107646 0)
(0.0030829 0.00932514 0)
(0.00271727 0.00790087 0)
(0.00235764 0.00649534 0)
(0.00200028 0.00511121 0)
(0.00164051 0.00375049 0)
(0.00128314 0.00241022 0)
(0.000964864 0.00105478 0)
(0.000493291 -0.000155519 0)
(0.000381213 -0.00127471 0)
(0.000288898 -0.00241228 0)
(-0.00841509 0.0063854 0)
(-0.013015 0.00557442 0)
(-0.0172338 0.00585628 0)
(-0.0226933 0.00876818 0)
(-0.0097081 0.0137758 0)
(-0.0135314 0.0133255 0)
(-0.0172485 0.0130282 0)
(-0.0203645 0.0129142 0)
(-0.00991929 0.0193865 0)
(-0.0130459 0.0191663 0)
(-0.0163024 0.0183771 0)
(-0.0192752 0.01729 0)
(-0.00901535 0.0213407 0)
(-0.00944381 0.0209451 0)
(-0.0114791 0.021096 0)
(-0.0155645 0.0196099 0)
(-0.00593806 0.0322883 0)
(-0.00753506 0.0353233 0)
(-0.0115602 0.0457031 0)
(-0.0160663 0.0435203 0)
(-0.0222901 0.0261129 0)
(-0.0251216 0.0338874 0)
(-0.0248103 0.0378292 0)
(-0.0208886 0.0323573 0)
(-0.0274457 0.0337571 0)
(-0.0258818 0.0346749 0)
(-0.0210308 0.0280226 0)
(-0.0155916 0.0221082 0)
(-0.0189928 0.0299451 0)
(-0.0151255 0.0255613 0)
(-0.0119684 0.0179986 0)
(-0.00994637 0.0138496 0)
(-0.0161162 0.0215235 0)
(-0.0135032 0.0188942 0)
(-0.0118632 0.0150073 0)
(-0.0111968 0.012293 0)
(-0.0160495 0.0167134 0)
(-0.0143839 0.0153991 0)
(-0.0132423 0.0135566 0)
(-0.0125936 0.0117942 0)
(-0.0156376 0.0136728 0)
(-0.0145218 0.012942 0)
(-0.0136608 0.0118906 0)
(-0.0130553 0.0106897 0)
(-0.0145047 0.0116179 0)
(-0.0136716 0.0111576 0)
(-0.0129502 0.010467 0)
(-0.0123528 0.00958412 0)
(-0.0129441 0.009986 0)
(-0.0122163 0.00961971 0)
(-0.0115246 0.0090757 0)
(-0.010877 0.00835016 0)
(-0.0112885 0.00850538 0)
(-0.0106179 0.00813963 0)
(-0.00994996 0.0076322 0)
(-0.00929085 0.00697105 0)
(-0.00973856 0.0071714 0)
(-0.00914973 0.0067754 0)
(-0.00855542 0.00626855 0)
(-0.00796555 0.00564093 0)
(-0.0083731 0.00604012 0)
(-0.00788168 0.00561666 0)
(-0.00738726 0.00511201 0)
(-0.00690134 0.00451981 0)
(-0.00719557 0.00511103 0)
(-0.00679303 0.00467278 0)
(-0.00639218 0.00417955 0)
(-0.00600303 0.00362777 0)
(-0.0061731 0.0043459 0)
(-0.00583954 0.00390514 0)
(-0.00551117 0.0034295 0)
(-0.00519538 0.00291723 0)
(-0.00526378 0.00369924 0)
(-0.00497848 0.00326446 0)
(-0.00470023 0.00280892 0)
(-0.0044341 0.00233179 0)
(-0.00443044 0.00313163 0)
(-0.00417649 0.0027076 0)
(-0.00393017 0.00227227 0)
(-0.00369488 0.00182532 0)
(-0.00364543 0.00261339 0)
(-0.00341044 0.002202 0)
(-0.00318279 0.00178555 0)
(-0.0029647 0.00136396 0)
(-0.00289119 0.00212392 0)
(-0.0026668 0.00172506 0)
(-0.00244889 0.00132522 0)
(-0.00223892 0.000924422 0)
(-0.00215896 0.00165014 0)
(-0.00194004 0.00126239 0)
(-0.00172644 0.00087633 0)
(-0.0015191 0.000492024 0)
(-0.00144707 0.00118469 0)
(-0.00123095 0.00080587 0)
(-0.00101884 0.000430508 0)
(-0.000811339 5.86591e-05 0)
(-0.000759173 0.00072439 0)
(-0.000544995 0.000351984 0)
(-0.000333486 -1.58e-05 0)
(-0.000125031 -0.000378927 0)
(-0.00010269 0.000269147 0)
(0.000109097 -9.94422e-05 0)
(0.000319504 -0.00046264 0)
(0.000528293 -0.000820449 0)
(0.000512504 -0.000178954 0)
(0.00072054 -0.00054621 0)
(0.000928384 -0.000907585 0)
(0.0011359 -0.00126312 0)
(0.00107524 -0.000616287 0)
(0.00127755 -0.000984481 0)
(0.00148072 -0.0013465 0)
(0.00168469 -0.00170244 0)
(0.00157404 -0.00103821 0)
(0.00176826 -0.00140934 0)
(0.00196426 -0.00177416 0)
(0.00216203 -0.0021328 0)
(0.00199802 -0.00143949 0)
(0.00218161 -0.00181528 0)
(0.00236774 -0.00218472 0)
(0.00255645 -0.002548 0)
(0.00233765 -0.00181466 0)
(0.00250802 -0.00219653 0)
(0.00268156 -0.00257213 0)
(0.00285834 -0.00294167 0)
(0.00258544 -0.00215835 0)
(0.00274009 -0.00254746 0)
(0.00289842 -0.00293045 0)
(0.00306053 -0.00330759 0)
(0.00273641 -0.00246552 0)
(0.00287306 -0.00286278 0)
(0.00301379 -0.00325418 0)
(0.00315876 -0.00364003 0)
(0.00278847 -0.00273171 0)
(0.00290516 -0.00313783 0)
(0.00302625 -0.00353847 0)
(0.00315197 -0.00393397 0)
(0.00274254 -0.00295317 0)
(0.00283768 -0.00336872 0)
(0.00293752 -0.00377933 0)
(0.00304235 -0.00418534 0)
(0.00260239 -0.00312708 0)
(0.0026749 -0.0035526 0)
(0.00275243 -0.00397388 0)
(0.00283537 -0.00439126 0)
(0.00237428 -0.00325165 0)
(0.0024237 -0.00368782 0)
(0.00247862 -0.00412065 0)
(0.00253944 -0.00455037 0)
(0.00206636 -0.00332652 0)
(0.00209319 -0.00377443 0)
(0.00212621 -0.00422001 0)
(0.00216579 -0.00466325 0)
(0.00168804 -0.00335356 0)
(0.00169425 -0.00381504 0)
(0.00170766 -0.00427503 0)
(0.00172837 -0.00473315 0)
(0.00125001 -0.00333849 0)
(0.0012399 -0.00381614 0)
(0.00123824 -0.00429253 0)
(0.00124443 -0.00476671 0)
(0.000765971 -0.00329492 0)
(0.000747333 -0.00379165 0)
(0.000737894 -0.00428542 0)
(0.000735988 -0.00477514 0)
(0.000256124 -0.00323446 0)
(0.000243603 -0.00375472 0)
(0.000236869 -0.00426679 0)
(0.000234117 -0.00477061 0)
(-0.0216039 0.0167276 0)
(-0.0196412 0.0121724 0)
(-0.0218462 0.00895088 0)
(-0.024425 0.00665177 0)
(-0.0268178 0.00501439 0)
(-0.0288081 0.00385784 0)
(-0.0305677 0.00225392 0)
(-0.0325725 6.12631e-07 0)
(-0.0352821 -0.00236251 0)
(-0.0377098 -0.00364818 0)
(-0.036181 -0.000778525 0)
(-0.029139 0.00258454 0)
(-0.0190818 0.001264 0)
(-0.0109719 -0.0064031 0)
(-0.0104286 -0.0143971 0)
(-0.0143527 -0.0149591 0)
(-0.0130803 -0.00568659 0)
(-0.00847719 -0.00719319 0)
(-0.00545795 -0.0131655 0)
(-0.0227618 0.0139421 0)
(-0.0232971 0.0125811 0)
(-0.0257741 0.0107027 0)
(-0.028587 0.00875816 0)
(-0.0312652 0.00694867 0)
(-0.0332678 0.00528947 0)
(-0.0344578 0.00349568 0)
(-0.0352132 0.00143384 0)
(-0.0359729 -0.000820602 0)
(-0.0364531 -0.00341041 0)
(-0.0347958 -0.00437178 0)
(-0.0295895 -0.00448313 0)
(-0.0222516 -0.00608993 0)
(-0.0163974 -0.00960382 0)
(-0.01498 -0.0130508 0)
(-0.0161232 -0.0142292 0)
(-0.0129327 -0.0110686 0)
(-0.00543277 -0.012073 0)
(-0.000104708 -0.0166797 0)
(-0.022766 0.0159011 0)
(-0.0246818 0.014203 0)
(-0.0275506 0.0123586 0)
(-0.030845 0.0104862 0)
(-0.0336588 0.00858352 0)
(-0.0353664 0.00632714 0)
(-0.0361227 0.00386707 0)
(-0.035801 0.00137412 0)
(-0.0346095 -0.00103234 0)
(-0.0336485 -0.0038816 0)
(-0.0325206 -0.0061944 0)
(-0.0289839 -0.00794225 0)
(-0.023309 -0.00984512 0)
(-0.0183394 -0.0118393 0)
(-0.0158946 -0.0136201 0)
(-0.0152665 -0.0151167 0)
(-0.0112949 -0.0155548 0)
(-0.00297821 -0.016522 0)
(0.00158569 -0.0176736 0)
(-0.0205916 0.0168702 0)
(-0.0230197 0.0151799 0)
(-0.0259749 0.0133336 0)
(-0.0311487 0.011556 0)
(-0.033639 0.0092705 0)
(-0.0325523 0.00696186 0)
(-0.032828 0.00415146 0)
(-0.0329326 0.000985458 0)
(-0.0316221 -0.00177635 0)
(-0.0304178 -0.00407102 0)
(-0.029515 -0.00649105 0)
(-0.0263917 -0.00934978 0)
(-0.0210574 -0.0114835 0)
(-0.0164351 -0.012988 0)
(-0.0142614 -0.0143704 0)
(-0.013712 -0.0154303 0)
(-0.0104793 -0.0181669 0)
(-0.00408408 -0.018055 0)
(-0.0152045 -0.0196919 0)
(-0.0187709 0.0298741 0)
(-0.0170119 0.0239545 0)
(-0.0174411 0.0249216 0)
(-0.0267934 0.0294168 0)
(-0.0279619 0.00900894 0)
(-0.0202253 0.00449155 0)
(-0.0131009 0.00417804 0)
(-0.00885241 -0.00170009 0)
(-0.00480609 -0.006542 0)
(-0.000824361 -0.00866735 0)
(0.00276175 -0.0138039 0)
(0.00669987 -0.0240707 0)
(0.0115959 -0.0287949 0)
(0.0150063 -0.0250434 0)
(0.015293 -0.0195215 0)
(0.0135157 -0.0234665 0)
(0.0119057 -0.0332415 0)
(-0.000376416 -0.0257942 0)
(0.00590107 -0.0334819 0)
(-0.0151795 0.0201406 0)
(-0.00991935 0.0160592 0)
(-0.00522906 0.0182482 0)
(0.00286182 0.025589 0)
(0.00669662 0.00216114 0)
(0.00358761 -0.00489085 0)
(0.00303275 -0.0021828 0)
(0.00359054 -0.00448844 0)
(0.00465413 -0.00791604 0)
(0.00750041 -0.0102033 0)
(0.0124203 -0.0138072 0)
(0.0172159 -0.0189623 0)
(0.0197717 -0.0217988 0)
(0.0218365 -0.0185928 0)
(0.0249513 -0.014401 0)
(0.0243505 -0.0136056 0)
(0.0162701 -0.00987862 0)
(-0.00571 -0.00582563 0)
(-0.00205851 -0.0201146 0)
(-0.00929623 0.01463 0)
(-0.00621506 0.0113144 0)
(-0.0022613 0.0116646 0)
(0.00997857 0.0143805 0)
(0.019894 0.00534326 0)
(0.0147088 0.00419589 0)
(0.00743917 0.00197035 0)
(0.00523338 -0.00351673 0)
(0.0062076 -0.00975429 0)
(0.0104291 -0.0144082 0)
(0.0163631 -0.0195342 0)
(0.0209799 -0.0229841 0)
(0.0214807 -0.0236357 0)
(0.0215134 -0.0224999 0)
(0.0241149 -0.0182432 0)
(0.023042 -0.00888744 0)
(0.0158498 -0.000924258 0)
(0.00689528 -0.00142739 0)
(0.00354914 -0.035143 0)
(-0.00766646 0.0113547 0)
(-0.00645654 0.00849067 0)
(-0.00434767 0.00658557 0)
(0.00177103 0.00445626 0)
(0.00480506 0.00427068 0)
(0.00209474 0.00885947 0)
(0.0010375 0.00481163 0)
(0.00184103 -0.00379409 0)
(0.00539773 -0.0133746 0)
(0.0105164 -0.020201 0)
(0.0161769 -0.0253829 0)
(0.021395 -0.0268029 0)
(0.0241488 -0.0237806 0)
(0.024165 -0.0232439 0)
(0.0229205 -0.0183082 0)
(0.022029 -0.00622552 0)
(0.0216056 0.0027764 0)
(0.0237258 0.00206533 0)
(0.0118875 -0.0155292 0)
(-0.0103452 0.0100895 0)
(-0.00893008 0.00688495 0)
(-0.00700314 0.00411419 0)
(-0.00494841 0.00205922 0)
(-0.00448663 0.00511294 0)
(-0.00432987 0.00812344 0)
(-0.00268598 0.00346519 0)
(0.000961697 -0.00729199 0)
(0.00539308 -0.0173843 0)
(0.00837554 -0.0238688 0)
(0.0110326 -0.0291248 0)
(0.0139892 -0.0299404 0)
(0.0164091 -0.0251119 0)
(0.017516 -0.0226619 0)
(0.0172688 -0.0167788 0)
(0.0170496 -0.0072018 0)
(0.0173835 0.00118978 0)
(0.0187288 0.00372438 0)
(0.00585957 0.000433581 0)
(-0.0118849 0.0092953 0)
(-0.0109502 0.00580289 0)
(-0.00948855 0.00275461 0)
(-0.00803377 0.00190523 0)
(-0.00704221 0.00463285 0)
(-0.00542814 0.00616268 0)
(-0.00219897 0.000175362 0)
(0.00213242 -0.0114655 0)
(0.00478097 -0.0195582 0)
(0.00433431 -0.0244474 0)
(0.00321755 -0.0300989 0)
(0.00300922 -0.0313403 0)
(0.00405126 -0.0268971 0)
(0.00566775 -0.0236889 0)
(0.00685416 -0.0170408 0)
(0.00840974 -0.00814266 0)
(0.00986956 0.00171008 0)
(0.010767 0.00760081 0)
(0.00432587 0.00903669 0)
(-0.012367 0.00853981 0)
(-0.0116181 0.00481769 0)
(-0.0103289 0.0013052 0)
(-0.00868747 0.000607027 0)
(-0.00668279 0.0028602 0)
(-0.00378698 0.00347124 0)
(-7.06696e-05 -0.00339035 0)
(0.00235854 -0.013637 0)
(0.00164386 -0.0189605 0)
(-0.000992251 -0.0224486 0)
(-0.00348489 -0.0288247 0)
(-0.00528184 -0.0307477 0)
(-0.00624345 -0.0276625 0)
(-0.00672071 -0.0243961 0)
(-0.00660067 -0.0184438 0)
(-0.00440819 -0.0105542 0)
(-0.00136516 0.000435335 0)
(0.00136417 0.0079763 0)
(0.00169748 0.0147531 0)
(-0.0115527 0.00778086 0)
(-0.0107091 0.00390324 0)
(-0.00967459 -3.70279e-05 0)
(-0.008245 -0.00112622 0)
(-0.00593939 0.00026431 0)
(-0.0025149 0.000336282 0)
(0.000363755 -0.00556288 0)
(0.000316749 -0.0131314 0)
(-0.00219096 -0.0166465 0)
(-0.00477607 -0.0201066 0)
(-0.00705542 -0.0266556 0)
(-0.00980413 -0.0285771 0)
(-0.0128519 -0.0259765 0)
(-0.0160374 -0.0228275 0)
(-0.0183915 -0.018604 0)
(-0.0185561 -0.0127116 0)
(-0.0156295 -0.00288454 0)
(-0.00962634 0.00441675 0)
(-0.00386284 0.0128737 0)
(-0.00987008 0.00678723 0)
(-0.00888167 0.00310574 0)
(-0.00826493 -0.000912798 0)
(-0.00741668 -0.002597 0)
(-0.00575553 -0.00204377 0)
(-0.00324251 -0.00235606 0)
(-0.00151808 -0.00625361 0)
(-0.00234729 -0.0114612 0)
(-0.00438154 -0.0144745 0)
(-0.00615718 -0.0182187 0)
(-0.00888251 -0.0237775 0)
(-0.0129386 -0.0252297 0)
(-0.0169928 -0.0225706 0)
(-0.0207271 -0.0195724 0)
(-0.024137 -0.0165313 0)
(-0.0265078 -0.0128877 0)
(-0.0248475 -0.00778553 0)
(-0.0174675 -0.00325403 0)
(-0.00840862 0.00333808 0)
(-0.00820514 0.00556728 0)
(-0.00710911 0.00240978 0)
(-0.00674456 -0.00124153 0)
(-0.00661881 -0.00332989 0)
(-0.00596199 -0.00336617 0)
(-0.00467702 -0.00395835 0)
(-0.00373655 -0.00648751 0)
(-0.00422149 -0.0100977 0)
(-0.0056121 -0.013003 0)
(-0.00728362 -0.0163785 0)
(-0.0102425 -0.0202675 0)
(-0.0144877 -0.0212907 0)
(-0.0183608 -0.0191683 0)
(-0.0213373 -0.0165205 0)
(-0.0237901 -0.0139663 0)
(-0.0252311 -0.0121854 0)
(-0.02365 -0.0122676 0)
(-0.0175138 -0.011812 0)
(-0.00879709 -0.00913596 0)
(-0.00699496 0.00436483 0)
(-0.00598098 0.00174906 0)
(-0.00570536 -0.00124433 0)
(-0.00599432 -0.00330347 0)
(-0.00599601 -0.00388955 0)
(-0.00539883 -0.00470699 0)
(-0.00494213 -0.00661449 0)
(-0.00534264 -0.00923565 0)
(-0.00645924 -0.0117642 0)
(-0.00809854 -0.0144619 0)
(-0.0107553 -0.0170263 0)
(-0.0142231 -0.0177834 0)
(-0.0173021 -0.0165277 0)
(-0.0193562 -0.0146254 0)
(-0.0203073 -0.0129025 0)
(-0.0199077 -0.0126425 0)
(-0.0177868 -0.0154037 0)
(-0.0133595 -0.0183946 0)
(-0.00621237 -0.0195533 0)
(-0.00611516 0.00337021 0)
(-0.005324 0.00119795 0)
(-0.00512157 -0.00117497 0)
(-0.00538497 -0.0029932 0)
(-0.00556495 -0.0039881 0)
(-0.00541782 -0.0049896 0)
(-0.00533952 -0.0065458 0)
(-0.0057708 -0.00854566 0)
(-0.00674343 -0.010611 0)
(-0.00822394 -0.0126983 0)
(-0.0103973 -0.014489 0)
(-0.0130041 -0.0151661 0)
(-0.0152288 -0.0146546 0)
(-0.0164909 -0.0137399 0)
(-0.016534 -0.0132322 0)
(-0.0152131 -0.0142458 0)
(-0.0128612 -0.0179162 0)
(-0.00958466 -0.0228149 0)
(-0.00409154 -0.026549 0)
(-0.0053823 0.00260018 0)
(-0.00476901 0.000789182 0)
(-0.00459253 -0.00113918 0)
(-0.0047681 -0.00274643 0)
(-0.00497167 -0.00389779 0)
(-0.00504159 -0.0049821 0)
(-0.00517632 -0.00631831 0)
(-0.00563366 -0.00791393 0)
(-0.00648394 -0.00958438 0)
(-0.00773602 -0.0112231 0)
(-0.00942656 -0.0125933 0)
(-0.0113205 -0.0133085 0)
(-0.0128832 -0.0133976 0)
(-0.0136788 -0.0133936 0)
(-0.0134873 -0.0139863 0)
(-0.0122614 -0.0160224 0)
(-0.0102561 -0.0202138 0)
(-0.00750803 -0.0262058 0)
(-0.00297775 -0.0314922 0)
(-0.00469547 0.00199491 0)
(-0.00419537 0.000461123 0)
(-0.00401592 -0.00114919 0)
(-0.0041053 -0.00258018 0)
(-0.00427479 -0.00375137 0)
(-0.0044218 -0.00484109 0)
(-0.00464034 -0.00602139 0)
(-0.00507606 -0.00734433 0)
(-0.00579155 -0.00872029 0)
(-0.00679793 -0.0100548 0)
(-0.00807472 -0.0111997 0)
(-0.00944073 -0.0119917 0)
(-0.0105618 -0.0125212 0)
(-0.011156 -0.0131897 0)
(-0.0110896 -0.0145575 0)
(-0.0103668 -0.0173012 0)
(-0.00911163 -0.0220566 0)
(-0.00721047 -0.0291319 0)
(-0.00342735 -0.0359302 0)
(-0.00401384 0.00149464 0)
(-0.00357841 0.000167585 0)
(-0.00337646 -0.00120783 0)
(-0.00338097 -0.00248656 0)
(-0.00348809 -0.00361433 0)
(-0.00363406 -0.00466556 0)
(-0.00385289 -0.00573075 0)
(-0.00422096 -0.00686477 0)
(-0.00478664 -0.00803029 0)
(-0.00555749 -0.00916181 0)
(-0.00649951 -0.0101804 0)
(-0.0074871 -0.0110363 0)
(-0.0083255 -0.0118441 0)
(-0.00886299 -0.0129211 0)
(-0.00905859 -0.0147188 0)
(-0.00897279 -0.0178246 0)
(-0.00868615 -0.0229766 0)
(-0.00810385 -0.0312956 0)
(-0.00509608 -0.0410994 0)
(-0.00332257 0.00105583 0)
(-0.00291789 -0.000117624 0)
(-0.00268315 -0.00131966 0)
(-0.00260654 -0.00246764 0)
(-0.0026346 -0.00352407 0)
(-0.00272769 -0.00451667 0)
(-0.00289147 -0.00549447 0)
(-0.0031624 -0.00649607 0)
(-0.00357285 -0.00751168 0)
(-0.00412745 -0.00850514 0)
(-0.00479565 -0.0094434 0)
(-0.00549836 -0.0103303 0)
(-0.00613144 -0.0112788 0)
(-0.00663486 -0.012538 0)
(-0.00704083 -0.014467 0)
(-0.00746429 -0.0175885 0)
(-0.0080235 -0.0228008 0)
(-0.00893763 -0.0324339 0)
(-0.00681081 -0.0479396 0)
(-0.00261755 0.000647989 0)
(-0.00222019 -0.000410859 0)
(-0.00194783 -0.0014846 0)
(-0.00179651 -0.00252436 0)
(-0.00173822 -0.00350444 0)
(-0.00174832 -0.00443444 0)
(-0.00182394 -0.00534098 0)
(-0.00198093 -0.00624794 0)
(-0.00223664 -0.00715695 0)
(-0.00259189 -0.0080551 0)
(-0.00302387 -0.00893599 0)
(-0.00348527 -0.00982575 0)
(-0.00392375 -0.010824 0)
(-0.00432633 -0.0121202 0)
(-0.00475065 -0.0139975 0)
(-0.00531321 -0.0169248 0)
(-0.00609199 -0.0219483 0)
(-0.00761839 -0.0326066 0)
(-0.00606081 -0.0552387 0)
(-0.00190189 0.000250361 0)
(-0.00149681 -0.000723011 0)
(-0.00118373 -0.00170097 0)
(-0.000962377 -0.00265435 0)
(-0.000818016 -0.00356592 0)
(-0.00073534 -0.00443819 0)
(-0.000709175 -0.00528567 0)
(-0.000744702 -0.00612378 0)
(-0.000848677 -0.00695899 0)
(-0.0010186 -0.00779271 0)
(-0.00123744 -0.00863367 0)
(-0.00147486 -0.00951662 0)
(-0.0017018 -0.0105263 0)
(-0.00191559 -0.01181 0)
(-0.00215607 -0.0136012 0)
(-0.00249561 -0.0163368 0)
(-0.00287754 -0.0211524 0)
(-0.00413478 -0.0321556 0)
(-0.00325965 -0.0604667 0)
(-0.00118317 -0.000149859 0)
(-0.000762053 -0.00106004 0)
(-0.000407851 -0.00196705 0)
(-0.000121775 -0.00285366 0)
(0.000103972 -0.00370873 0)
(0.000279072 -0.00453239 0)
(0.000408911 -0.00533318 0)
(0.000493731 -0.00612231 0)
(0.000533132 -0.006909 0)
(0.00053242 -0.00770286 0)
(0.000506113 -0.00852197 0)
(0.000476883 -0.00940534 0)
(0.000467469 -0.0104282 0)
(0.000488423 -0.0117164 0)
(0.000530006 -0.0134793 0)
(0.000556708 -0.0161313 0)
(0.000696186 -0.0207637 0)
(-0.000150689 -0.0314088 0)
(-0.000305977 -0.0624777 0)
(-0.000472096 -0.000559411 0)
(-3.18022e-05 -0.00142398 0)
(0.000361222 -0.00227963 0)
(0.000705384 -0.00311654 0)
(0.00100487 -0.00392796 0)
(0.00126596 -0.0047138 0)
(0.00149353 -0.00548006 0)
(0.00169027 -0.00623628 0)
(0.00185912 -0.00699373 0)
(0.00200693 -0.00776743 0)
(0.00214697 -0.00858189 0)
(0.00229874 -0.00948005 0)
(0.00248455 -0.0105349 0)
(0.00272464 -0.0118649 0)
(0.00303329 -0.0136692 0)
(0.0034079 -0.0163352 0)
(0.00387352 -0.0208307 0)
(0.00359827 -0.0307177 0)
(0.00294845 -0.0609809 0)
(0.000218621 -0.000980484 0)
(0.000677309 -0.00181365 0)
(0.00110447 -0.00263369 0)
(0.00149861 -0.00343553 0)
(0.001862 -0.00421554 0)
(0.00219876 -0.0049743 0)
(0.00251286 -0.00571702 0)
(0.0028076 -0.00645292 0)
(0.00308688 -0.00719503 0)
(0.0033574 -0.00796231 0)
(0.00363044 -0.00878429 0)
(0.0039223 -0.0097083 0)
(0.00425337 -0.0108096 0)
(0.00464707 -0.0122072 0)
(0.00512772 -0.0140969 0)
(0.00570171 -0.0168415 0)
(0.00631233 -0.0212795 0)
(0.00664782 -0.0301334 0)
(0.00585081 -0.0564567 0)
(0.000875044 -0.00141188 0)
(0.00134845 -0.0022253 0)
(0.00180312 -0.00302261 0)
(0.00223784 -0.00380172 0)
(0.00265376 -0.00456122 0)
(0.00305345 -0.00530252 0)
(0.00343966 -0.00603078 0)
(0.00381496 -0.00675536 0)
(0.00418233 -0.00749062 0)
(0.00454636 -0.00825819 0)
(0.00491432 -0.00909125 0)
(0.00529656 -0.0100409 0)
(0.00570613 -0.0111855 0)
(0.00615823 -0.0126463 0)
(0.00666673 -0.0146174 0)
(0.0072208 -0.0174394 0)
(0.00771547 -0.0218165 0)
(0.00815905 -0.0296961 0)
(0.00707402 -0.05 0)
(0.00148276 -0.00185001 0)
(0.00196516 -0.00265335 0)
(0.0024393 -0.00343846 0)
(0.00290424 -0.00420514 0)
(0.0033604 -0.00495342 0)
(0.00380904 -0.00568528 0)
(0.00425143 -0.0064059 0)
(0.00468845 -0.00712462 0)
(0.00512069 -0.00785628 0)
(0.00554888 -0.00862371 0)
(0.00597411 -0.00946159 0)
(0.00639754 -0.0104223 0)
(0.00681911 -0.0115845 0)
(0.00723491 -0.0130664 0)
(0.0076289 -0.0150516 0)
(0.00794303 -0.0178444 0)
(0.00800602 -0.0220089 0)
(0.00772797 -0.0288782 0)
(0.00591866 -0.0435171 0)
(0.00202758 -0.00228959 0)
(0.00251186 -0.00309089 0)
(0.00299653 -0.00387247 0)
(0.00348085 -0.00463524 0)
(0.00396468 -0.00537994 0)
(0.00444809 -0.00610872 0)
(0.00493068 -0.00682641 0)
(0.00541108 -0.00754171 0)
(0.00588659 -0.0082688 0)
(0.00635297 -0.00902982 0)
(0.00680382 -0.00985834 0)
(0.00722944 -0.0108044 0)
(0.00761425 -0.0119414 0)
(0.00793189 -0.0133763 0)
(0.00813304 -0.0152673 0)
(0.00811283 -0.0178594 0)
(0.00765335 -0.021566 0)
(0.00645752 -0.0272863 0)
(0.0039339 -0.0383987 0)
(0.00249618 -0.00272432 0)
(0.00297448 -0.00353026 0)
(0.00346033 -0.00431548 0)
(0.00395316 -0.00508133 0)
(0.00445239 -0.00582871 0)
(0.00495699 -0.0065594 0)
(0.00546491 -0.00727724 0)
(0.00597232 -0.00798949 0)
(0.00647299 -0.0087084 0)
(0.00695744 -0.00945349 0)
(0.00741179 -0.0102546 0)
(0.00781592 -0.0111561 0)
(0.00814049 -0.0122216 0)
(0.0083417 -0.0135412 0)
(0.00835021 -0.0152405 0)
(0.0080463 -0.0174994 0)
(0.00723053 -0.0206022 0)
(0.00560615 -0.0251991 0)
(0.00303093 -0.03444 0)
(0.00287681 -0.00314734 0)
(0.00334099 -0.00396349 0)
(0.00381873 -0.00475831 0)
(0.00430963 -0.0055331 0)
(0.00481274 -0.00628838 0)
(0.00532615 -0.00702497 0)
(0.00584631 -0.00774516 0)
(0.00636718 -0.00845387 0)
(0.00687927 -0.0091602 0)
(0.00736839 -0.0098794 0)
(0.00781414 -0.0106355 0)
(0.00818781 -0.0114649 0)
(0.00844972 -0.0124198 0)
(0.00854551 -0.0135731 0)
(0.00839995 -0.0150236 0)
(0.00790487 -0.0169053 0)
(0.00691622 -0.0194249 0)
(0.00527419 -0.0230976 0)
(0.0029886 -0.0308488 0)
(0.00315985 -0.00355169 0)
(0.00360198 -0.00438274 0)
(0.00406276 -0.00519221 0)
(0.00454202 -0.00598095 0)
(0.00503859 -0.00674865 0)
(0.00554993 -0.0074947 0)
(0.00607136 -0.00821926 0)
(0.00659513 -0.0089242 0)
(0.00710924 -0.00961444 0)
(0.00759588 -0.0102996 0)
(0.00802965 -0.0109966 0)
(0.00837533 -0.0117323 0)
(0.0085857 -0.0125474 0)
(0.00859953 -0.0135008 0)
(0.00833993 -0.0146747 0)
(0.00771329 -0.0161842 0)
(0.00662552 -0.0182085 0)
(0.00504072 -0.0211763 0)
(0.0030197 -0.0273042 0)
(0.00333842 -0.00393069 0)
(0.00375108 -0.00478064 0)
(0.00418684 -0.00560912 0)
(0.00464575 -0.00641624 0)
(0.00512661 -0.00720049 0)
(0.00562654 -0.00795952 0)
(0.00614024 -0.00869094 0)
(0.00665902 -0.00939304 0)
(0.0071694 -0.0100659 0)
(0.00765146 -0.0107125 0)
(0.00807662 -0.0113414 0)
(0.00840529 -0.0119691 0)
(0.00858454 -0.0126241 0)
(0.00854656 -0.0133531 0)
(0.00820858 -0.0142279 0)
(0.00747624 -0.0153591 0)
(0.00626993 -0.016926 0)
(0.00455497 -0.0193132 0)
(0.00250745 -0.0240412 0)
(0.00340873 -0.00427823 0)
(0.00378538 -0.00515053 0)
(0.00418906 -0.00600189 0)
(0.00462005 -0.0068314 0)
(0.00507726 -0.00763615 0)
(0.00555781 -0.00841189 0)
(0.00605635 -0.0091535 0)
(0.00656412 -0.00985547 0)
(0.00706752 -0.0105126 0)
(0.00754621 -0.0111209 0)
(0.00797071 -0.0116795 0)
(0.00829957 -0.0121932 0)
(0.00847635 -0.0126771 0)
(0.00842718 -0.0131638 0)
(0.00805946 -0.0137134 0)
(0.00726478 -0.0144312 0)
(0.00594742 -0.0155013 0)
(0.00398551 -0.0173159 0)
(0.00169666 -0.0213876 0)
(0.00337039 -0.00458902 0)
(0.00370562 -0.00548677 0)
(0.00407135 -0.00636443 0)
(0.00446805 -0.00721996 0)
(0.00489481 -0.008049 0)
(0.00534902 -0.0088454 0)
(0.00582589 -0.00960146 0)
(0.00631749 -0.010308 0)
(0.00681147 -0.0109546 0)
(0.00728909 -0.0115302 0)
(0.00772258 -0.012024 0)
(0.00807186 -0.0124283 0)
(0.00828058 -0.0127427 0)
(0.00827214 -0.0129822 0)
(0.00794636 -0.0131901 0)
(0.00718114 -0.0134603 0)
(0.0058656 -0.0139822 0)
(0.00385815 -0.0151992 0)
(0.00155838 -0.01913 0)
(0.00322649 -0.00485888 0)
(0.00351628 -0.00578481 0)
(0.00383954 -0.00669178 0)
(0.00419677 -0.00757648 0)
(0.00458723 -0.00843323 0)
(0.00500878 -0.00925428 0)
(0.00545761 -0.0100297 0)
(0.00592751 -0.0107472 0)
(0.00640867 -0.0113918 0)
(0.0068859 -0.0119457 0)
(0.00733596 -0.0123887 0)
(0.00772387 -0.0127 0)
(0.00799803 -0.012862 0)
(0.00808431 -0.0128687 0)
(0.00787966 -0.0127413 0)
(0.00725001 -0.0125566 0)
(0.00606326 -0.0125093 0)
(0.00420196 -0.0131054 0)
(0.00198373 -0.0167214 0)
(0.0029836 -0.00508489 0)
(0.00322554 -0.00604147 0)
(0.00350329 -0.00698015 0)
(0.00381707 -0.00789645 0)
(0.00416613 -0.00878363 0)
(0.00454891 -0.00963282 0)
(0.00496287 -0.0104326 0)
(0.00540407 -0.0111684 0)
(0.0058663 -0.0118218 0)
(0.00633954 -0.0123695 0)
(0.00680763 -0.0127831 0)
(0.00724447 -0.0130292 0)
(0.00760835 -0.0130723 0)
(0.00783378 -0.0128819 0)
(0.00781993 -0.012449 0)
(0.00741827 -0.0118218 0)
(0.00645208 -0.0111871 0)
(0.00479136 -0.0110835 0)
(0.00253073 -0.0138781 0)
(0.00265155 -0.00526578 0)
(0.0028452 -0.00625503 0)
(0.003076 -0.00722699 0)
(0.00334348 -0.00817618 0)
(0.00364671 -0.0090953 0)
(0.00398458 -0.00997502 0)
(0.00435592 -0.0108033 0)
(0.00475929 -0.0115645 0)
(0.00519252 -0.0122381 0)
(0.00565177 -0.0127975 0)
(0.00612977 -0.0132081 0)
(0.00661256 -0.013426 0)
(0.00707365 -0.0133984 0)
(0.00746385 -0.0130672 0)
(0.00769301 -0.012382 0)
(0.0076006 -0.0113381 0)
(0.00694767 -0.010077 0)
(0.00556236 -0.0091096 0)
(0.00320282 -0.0104731 0)
(0.0022434 -0.00540223 0)
(0.00239051 -0.00642551 0)
(0.00257456 -0.00743103 0)
(0.00279404 -0.00841282 0)
(0.00304757 -0.00936362 0)
(0.00333438 -0.0102744 0)
(0.00365445 -0.0111334 0)
(0.00400862 -0.0119251 0)
(0.00439851 -0.0126291 0)
(0.0048264 -0.0132174 0)
(0.00529444 -0.0136526 0)
(0.00580269 -0.0138843 0)
(0.00634453 -0.0138455 0)
(0.00689635 -0.0134503 0)
(0.00739357 -0.0125959 0)
(0.00767946 -0.0111898 0)
(0.00745208 -0.00925828 0)
(0.0064849 -0.00719011 0)
(0.00400112 -0.0063889 0)
(0.00177543 -0.00549733 0)
(0.00188007 -0.00655471 0)
(0.00201912 -0.00759224 0)
(0.00218986 -0.00860424 0)
(0.00239043 -0.00958422 0)
(0.00262023 -0.0105241 0)
(0.00288002 -0.0114132 0)
(0.00317216 -0.0122375 0)
(0.00350106 -0.0129777 0)
(0.00387365 -0.0136077 0)
(0.00430006 -0.0140911 0)
(0.00479363 -0.0143765 0)
(0.00536948 -0.0143902 0)
(0.00603821 -0.0140252 0)
(0.00678214 -0.0131249 0)
(0.00748424 -0.0114755 0)
(0.00781655 -0.00888477 0)
(0.00759724 -0.00543165 0)
(0.00506109 -0.00159225 0)
(0.00126754 -0.00555672 0)
(0.00133573 -0.00664586 0)
(0.00143259 -0.0077113 0)
(0.00155456 -0.00874865 0)
(0.0016996 -0.00975278 0)
(0.00186716 -0.010717 0)
(0.00205827 -0.0116322 0)
(0.00227581 -0.0124864 0)
(0.0025251 -0.0132628 0)
(0.00281504 -0.0139389 0)
(0.00315978 -0.014483 0)
(0.00358106 -0.0148494 0)
(0.00411126 -0.0149685 0)
(0.00479618 -0.014729 0)
(0.00568334 -0.013942 0)
(0.00674607 -0.0122772 0)
(0.00771149 -0.00922242 0)
(0.00877524 -0.00411099 0)
(0.00640507 0.00453909 0)
(0.000744032 -0.00558821 0)
(0.000782444 -0.00670274 0)
(0.000839945 -0.00778882 0)
(0.000913353 -0.00884408 0)
(0.00100099 -0.00986499 0)
(0.00110246 -0.0108462 0)
(0.00121858 -0.0117802 0)
(0.00135157 -0.0126566 0)
(0.00150564 -0.0134616 0)
(0.00168808 -0.0141767 0)
(0.0019112 -0.0147769 0)
(0.00219574 -0.0152264 0)
(0.00257712 -0.0154703 0)
(0.00311776 -0.0154156 0)
(0.00391878 -0.0148886 0)
(0.00507582 -0.0135305 0)
(0.00648266 -0.010555 0)
(0.00932249 -0.00403992 0)
(0.00774777 0.0117061 0)
(0.000235054 -0.0056017 0)
(0.000247568 -0.00673253 0)
(0.000266914 -0.00783023 0)
(0.000291558 -0.00889493 0)
(0.000320768 -0.00992446 0)
(0.000354374 -0.0109145 0)
(0.000392666 -0.0118582 0)
(0.000436441 -0.0127466 0)
(0.000487232 -0.0135677 0)
(0.000547792 -0.014306 0)
(0.000623054 -0.0149422 0)
(0.000722061 -0.015451 0)
(0.000862091 -0.0157974 0)
(0.00107857 -0.0159263 0)
(0.0014458 -0.0157324 0)
(0.00209703 -0.0149652 0)
(0.00311284 -0.0129128 0)
(0.0057292 -0.00636475 0)
(0.00786437 0.0215932 0)
)
;

boundaryField
{
    leftWall
    {
        type            noSlip;
    }
    rightWall
    {
        type            noSlip;
    }
    lowerWall
    {
        type            noSlip;
    }
    atmosphere
    {
        type            pressureInletOutletVelocity;
        value           nonuniform List<vector> 
46
(
(0 -0.0153705 0)
(0.00987615 0.00962895 0)
(0.00845055 0.0230209 0)
(0.00769656 0.0234141 0)
(0.00703036 0.0221768 0)
(0.00647268 0.0208211 0)
(0.00597119 0.0194329 0)
(0.00550584 0.0180169 0)
(0.00506493 0.0165794 0)
(0.00464238 0.0151285 0)
(0.00423484 0.0136715 0)
(0.00384015 0.0122151 0)
(0.00345666 0.0107646 0)
(0.0030829 0.00932514 0)
(0.00271727 0.00790087 0)
(0.00235764 0.00649534 0)
(0.00200028 0.00511121 0)
(0.00164051 0.00375049 0)
(0.00128314 0.00241022 0)
(0.000964864 0.00105478 0)
(0 -0.000155519 0)
(0 -0.00127471 0)
(0 -0.00241228 0)
(0 -0.00323446 0)
(0 -0.00375472 0)
(0 -0.00426679 0)
(0 -0.00477061 0)
(0 -0.0056017 0)
(0 -0.00673253 0)
(0 -0.00783023 0)
(0 -0.00889493 0)
(0 -0.00992446 0)
(0 -0.0109145 0)
(0 -0.0118582 0)
(0 -0.0127466 0)
(0 -0.0135677 0)
(0 -0.014306 0)
(0 -0.0149422 0)
(0 -0.015451 0)
(0 -0.0157974 0)
(0 -0.0159263 0)
(0 -0.0157324 0)
(0 -0.0149652 0)
(0 -0.0129128 0)
(0 -0.00636475 0)
(0.00786437 0.0215932 0)
)
;
    }
    defaultFaces
    {
        type            empty;
    }
}


// ************************************************************************* //
