/*--------------------------------*- C++ -*----------------------------------*\
  =========                 |
  \\      /  F ield         | OpenFOAM: The Open Source CFD Toolbox
   \\    /   O peration     | Website:  https://openfoam.org
    \\  /    A nd           | Version:  9
     \\/     M anipulation  |
\*---------------------------------------------------------------------------*/
FoamFile
{
    format      ascii;
    class       surfaceScalarField;
    location    "1.88";
    object      phi;
}
// * * * * * * * * * * * * * * * * * * * * * * * * * * * * * * * * * * * * * //

dimensions      [0 3 -1 0 0 0 0];

internalField   nonuniform List<scalar> 
4432
(
-1.20596e-06
1.20596e-06
-1.24621e-06
4.0262e-08
-8.47044e-07
-3.99176e-07
-3.52947e-07
-4.94092e-07
1.28102e-07
-4.81051e-07
5.64163e-07
-4.3606e-07
9.4785e-07
-3.83688e-07
1.27938e-06
-3.31532e-07
1.56187e-06
-2.82488e-07
1.79729e-06
-2.35418e-07
1.98523e-06
-1.87946e-07
2.12146e-06
-1.36226e-07
2.19367e-06
-7.22065e-08
2.17501e-06
1.86579e-08
2.02306e-06
1.51953e-07
1.67983e-06
3.43223e-07
1.08584e-06
5.93994e-07
3.88892e-08
1.04695e-06
-1.80133e-06
1.84022e-06
-3.79433e-06
1.993e-06
-4.70411e-06
9.09783e-07
-3.69987e-06
-1.00424e-06
-3.69988e-06
-6.78443e-07
1.88439e-06
-6.11463e-07
-2.67026e-08
-3.5148e-07
-6.59168e-07
-2.01931e-08
-8.25374e-07
3.27725e-07
-8.28971e-07
6.67439e-07
-7.75775e-07
9.83572e-07
-6.99821e-07
1.26946e-06
-6.17421e-07
1.52296e-06
-5.35985e-07
1.74254e-06
-4.55001e-07
1.92484e-06
-3.70241e-07
2.06363e-06
-2.7502e-07
2.14767e-06
-1.56243e-07
2.15679e-06
9.53504e-09
2.05691e-06
2.51833e-07
1.80235e-06
5.97786e-07
1.32596e-06
1.07039e-06
5.81739e-07
1.79118e-06
-4.56371e-07
2.87833e-06
-1.58657e-06
3.1232e-06
-2.41789e-06
1.7411e-06
-2.38504e-06
-1.03709e-06
-6.08491e-06
-2.45247e-07
2.12963e-06
-1.99699e-07
-7.22359e-08
-4.06379e-08
-8.18237e-07
1.81284e-07
-1.04729e-06
4.41735e-07
-1.08942e-06
7.14067e-07
-1.04811e-06
9.81477e-07
-9.67232e-07
1.23435e-06
-8.703e-07
1.46791e-06
-7.69542e-07
1.67834e-06
-6.65434e-07
1.86064e-06
-5.52543e-07
2.00826e-06
-4.22631e-07
2.11156e-06
-2.5955e-07
2.15418e-06
-3.30846e-08
2.10982e-06
2.96196e-07
1.94384e-06
7.63766e-07
1.61447e-06
1.39976e-06
1.12759e-06
2.27806e-06
5.86337e-07
3.41958e-06
-5.23468e-08
3.76188e-06
-7.4901e-07
2.43776e-06
-1.13281e-06
-6.53285e-07
-7.21772e-06
5.50816e-08
2.07454e-06
8.04498e-08
-9.75919e-08
1.6992e-07
-9.07713e-07
3.19409e-07
-1.19678e-06
5.13446e-07
-1.28346e-06
7.3347e-07
-1.26813e-06
9.62548e-07
-1.19631e-06
1.18987e-06
-1.09763e-06
1.40936e-06
-9.89032e-07
1.61574e-06
-8.71816e-07
1.80302e-06
-7.39823e-07
1.96518e-06
-5.84786e-07
2.09504e-06
-3.89411e-07
2.18055e-06
-1.18594e-07
2.20263e-06
2.74113e-07
2.13791e-06
8.28488e-07
1.96605e-06
1.57162e-06
1.71154e-06
2.53257e-06
1.49266e-06
3.63847e-06
1.20184e-06
4.0527e-06
6.81575e-07
2.95802e-06
1.25324e-07
-9.70297e-08
-7.09239e-06
2.33876e-07
1.84066e-06
2.68582e-07
-1.32287e-07
3.13165e-07
-9.52299e-07
4.07553e-07
-1.29117e-06
5.51059e-07
-1.42697e-06
7.30024e-07
-1.44709e-06
9.28589e-07
-1.39488e-06
1.13609e-06
-1.30512e-06
1.3462e-06
-1.19915e-06
1.55286e-06
-1.07847e-06
1.74958e-06
-9.36538e-07
1.93149e-06
-7.66698e-07
2.09455e-06
-5.52477e-07
2.23146e-06
-2.55498e-07
2.33003e-06
1.75538e-07
2.37753e-06
7.80993e-07
2.36856e-06
1.5806e-06
2.33716e-06
2.56397e-06
2.36519e-06
3.61043e-06
2.34373e-06
4.07416e-06
2.00579e-06
3.29598e-06
1.24534e-06
6.63426e-07
-5.84705e-06
3.26055e-07
1.5146e-06
3.78557e-07
-1.84781e-07
3.96571e-07
-9.70316e-07
4.52021e-07
-1.34661e-06
5.5776e-07
-1.5327e-06
7.05044e-07
-1.59438e-06
8.7979e-07
-1.56962e-06
1.07244e-06
-1.49778e-06
1.27734e-06
-1.40405e-06
1.48813e-06
-1.28926e-06
1.69815e-06
-1.14656e-06
1.90419e-06
-9.72741e-07
2.10587e-06
-7.5415e-07
2.30077e-06
-4.50407e-07
2.48319e-06
-6.87641e-09
2.64977e-06
6.14409e-07
2.80587e-06
1.4245e-06
2.98746e-06
2.38238e-06
3.24474e-06
3.35315e-06
3.46199e-06
3.85691e-06
3.339e-06
3.41897e-06
2.49935e-06
1.50308e-06
-3.34771e-06
3.63627e-07
1.15096e-06
4.29115e-07
-2.50263e-07
4.30947e-07
-9.72147e-07
4.59278e-07
-1.37494e-06
5.37342e-07
-1.61077e-06
6.60667e-07
-1.7177e-06
8.1726e-07
-1.72621e-06
9.99373e-07
-1.67989e-06
1.20265e-06
-1.60732e-06
1.42078e-06
-1.50739e-06
1.64716e-06
-1.37295e-06
1.88055e-06
-1.20613e-06
2.12457e-06
-9.9817e-07
2.38166e-06
-7.07493e-07
2.65183e-06
-2.77048e-07
2.94052e-06
3.25722e-07
3.25964e-06
1.10538e-06
3.64656e-06
1.99546e-06
4.13284e-06
2.86688e-06
4.61429e-06
3.37547e-06
4.81382e-06
3.21943e-06
4.07322e-06
2.24369e-06
7.25505e-07
3.68618e-07
7.82344e-07
4.38889e-07
-3.20531e-07
4.28685e-07
-9.61944e-07
4.37441e-07
-1.3837e-06
4.95319e-07
-1.66865e-06
6.00725e-07
-1.82311e-06
7.43719e-07
-1.86921e-06
9.18804e-07
-1.85497e-06
1.12335e-06
-1.81187e-06
1.35129e-06
-1.73532e-06
1.59598e-06
-1.61764e-06
1.85836e-06
-1.46851e-06
2.14638e-06
-1.28619e-06
2.46732e-06
-1.02844e-06
2.82485e-06
-6.34574e-07
3.23474e-06
-8.41777e-08
3.71029e-06
6.2983e-07
4.29435e-06
1.4114e-06
5.01388e-06
2.14735e-06
5.79628e-06
2.59307e-06
6.43511e-06
2.5806e-06
6.03319e-06
2.6456e-06
6.7587e-06
-8.08203e-06
8.08203e-06
-8.44616e-06
3.64124e-07
-3.0927e-06
-5.35346e-06
2.31878e-06
-5.41148e-06
6.70246e-06
-4.38368e-06
1.04599e-05
-3.75744e-06
1.34672e-05
-3.00726e-06
1.46094e-05
-1.14227e-06
1.30514e-05
1.55799e-06
9.63729e-06
3.41416e-06
6.57163e-06
3.06566e-06
4.48755e-06
2.08408e-06
2.50769e-06
1.97985e-06
-1.9903e-07
2.70672e-06
-2.99215e-06
2.79311e-06
-4.73608e-06
1.74394e-06
-5.60737e-06
8.71288e-07
-5.05037e-06
-5.5699e-07
-5.05037e-06
-5.37858e-06
1.34606e-05
-3.28539e-06
-1.72908e-06
5.94597e-07
-9.23345e-06
4.1483e-06
-8.96519e-06
6.83883e-06
-7.0742e-06
8.98413e-06
-5.90274e-06
1.08411e-05
-4.86421e-06
1.16567e-05
-1.95786e-06
1.09554e-05
2.25928e-06
8.97376e-06
5.39577e-06
6.93702e-06
5.10239e-06
5.34295e-06
3.67815e-06
3.6174e-06
3.7054e-06
1.65356e-06
4.67056e-06
-3.35718e-07
4.78239e-06
-1.48541e-06
2.89364e-06
-2.25721e-06
1.64308e-06
-2.83987e-06
2.56725e-08
-7.89025e-06
-2.30543e-06
1.5766e-05
5.35397e-07
-4.5699e-06
3.25809e-06
-1.19561e-05
5.31714e-06
-1.10242e-05
6.66539e-06
-8.42246e-06
7.65725e-06
-6.89459e-06
8.49419e-06
-5.70116e-06
8.98078e-06
-2.44446e-06
8.4532e-06
2.78685e-06
7.31441e-06
6.53456e-06
6.04099e-06
6.37582e-06
4.97012e-06
4.74901e-06
3.70375e-06
4.97178e-06
2.43719e-06
5.93713e-06
1.36047e-06
5.8591e-06
8.74952e-07
3.37916e-06
3.06357e-07
2.21168e-06
-4.83323e-07
8.15348e-07
-8.37357e-06
7.8611e-07
1.49799e-05
3.74347e-06
-7.52726e-06
5.52903e-06
-1.37417e-05
6.17707e-06
-1.16723e-05
6.29384e-06
-8.53923e-06
6.34431e-06
-6.94506e-06
6.44952e-06
-5.80638e-06
6.51683e-06
-2.51176e-06
6.19171e-06
3.11197e-06
5.67972e-06
7.04654e-06
5.01393e-06
7.04161e-06
4.34014e-06
5.42281e-06
3.49021e-06
5.8217e-06
2.74927e-06
6.67808e-06
2.40519e-06
6.20318e-06
2.55077e-06
3.23359e-06
2.40465e-06
2.3578e-06
1.43756e-06
1.78244e-06
-6.93601e-06
3.96804e-06
1.10119e-05
6.8999e-06
-1.04591e-05
7.48113e-06
-1.43229e-05
6.71747e-06
-1.09086e-05
5.69003e-06
-7.5118e-06
4.92467e-06
-6.1797e-06
4.51449e-06
-5.39619e-06
4.18325e-06
-2.18052e-06
4.04228e-06
3.25294e-06
3.9919e-06
7.09692e-06
3.91921e-06
7.1143e-06
3.60501e-06
5.73702e-06
3.1359e-06
6.29081e-06
2.81914e-06
6.99484e-06
2.99295e-06
6.02937e-06
3.62368e-06
2.60285e-06
3.87575e-06
2.10574e-06
2.91903e-06
2.73915e-06
-4.01697e-06
7.0625e-06
3.94938e-06
9.95424e-06
-1.33509e-05
9.02625e-06
-1.33949e-05
6.8643e-06
-8.74665e-06
4.80742e-06
-5.45492e-06
3.35736e-06
-4.72963e-06
2.5602e-06
-4.59903e-06
2.02541e-06
-1.64573e-06
1.97486e-06
3.3035e-06
2.34622e-06
6.72556e-06
2.77828e-06
6.68225e-06
2.7768e-06
5.73849e-06
2.67662e-06
6.39099e-06
2.74106e-06
6.9304e-06
3.22726e-06
5.54317e-06
4.13095e-06
1.69915e-06
4.91157e-06
1.32512e-06
4.15375e-06
3.49696e-06
1.36777e-07
1.08606e-05
-6.91119e-06
1.27635e-05
-1.52538e-05
9.9938e-06
-1.06252e-05
6.54268e-06
-5.29554e-06
3.6196e-06
-2.53183e-06
1.61362e-06
-2.72365e-06
5.46892e-07
-3.5323e-06
-1.45676e-08
-1.08427e-06
6.90706e-08
3.21987e-06
7.63413e-07
6.03121e-06
1.50577e-06
5.93989e-06
1.83785e-06
5.40642e-06
2.12324e-06
6.1056e-06
2.55779e-06
6.49585e-06
3.2655e-06
4.83545e-06
4.31419e-06
6.50467e-07
5.69385e-06
-5.45299e-08
5.3258e-06
3.86501e-06
5.46258e-06
1.55444e-05
-2.24556e-05
1.48803e-05
-1.45897e-05
1.01832e-05
-5.9282e-06
5.70533e-06
-8.17621e-07
2.13099e-06
1.0425e-06
-3.05275e-07
-2.87381e-07
-1.54874e-06
-2.28883e-06
-2.13924e-06
-4.93764e-07
-1.81765e-06
2.89827e-06
-8.79369e-07
5.09293e-06
1.10081e-07
4.95044e-06
7.93859e-07
4.72264e-06
1.49023e-06
5.40922e-06
2.32636e-06
5.65971e-06
3.25869e-06
3.90312e-06
4.50455e-06
-5.95389e-07
6.22269e-06
-1.77267e-06
6.29894e-06
3.78876e-06
1.17615e-05
7.81921e-07
4.22308e-10
9.0134e-07
-4.39948e-07
8.29106e-07
-8.89709e-07
7.93099e-07
-1.34769e-06
8.66345e-07
-1.74189e-06
1.04653e-06
-2.00329e-06
1.31679e-06
-2.13947e-06
1.67382e-06
-2.212e-06
2.12026e-06
-2.25831e-06
2.64334e-06
-2.25841e-06
3.22627e-06
-2.20056e-06
3.87813e-06
-2.12037e-06
4.6323e-06
-2.04036e-06
5.52123e-06
-1.91737e-06
6.57004e-06
-1.68339e-06
7.8056e-06
-1.31974e-06
9.31003e-06
-8.746e-07
1.11623e-05
-4.40885e-07
1.34554e-05
-1.45687e-07
1.61764e-05
-1.27978e-07
1.9273e-05
-5.16044e-07
2.32164e-05
-1.29779e-06
-2.15955e-06
3.21347e-05
5.43918e-07
-5.43496e-07
6.54767e-07
-5.50797e-07
6.00099e-07
-8.3504e-07
5.43488e-07
-1.29108e-06
5.655e-07
-1.7639e-06
7.05918e-07
-2.14371e-06
9.66485e-07
-2.40003e-06
1.32873e-06
-2.57425e-06
1.79156e-06
-2.72114e-06
2.35512e-06
-2.82196e-06
3.00946e-06
-2.85491e-06
3.76051e-06
-2.87141e-06
4.63581e-06
-2.91566e-06
5.69373e-06
-2.97529e-06
7.01505e-06
-3.0047e-06
8.66295e-06
-2.96765e-06
1.07053e-05
-2.91694e-06
1.31923e-05
-2.92791e-06
1.61587e-05
-3.11205e-06
1.96512e-05
-3.62053e-06
2.37852e-05
-4.64998e-06
2.87244e-05
-6.237e-06
-8.73546e-06
3.53003e-05
-9.36236e-09
-5.34131e-07
2.7672e-07
-8.36876e-07
3.92432e-07
-9.50749e-07
2.23665e-07
-1.12231e-06
2.54887e-08
-1.56573e-06
9.30324e-08
-2.21125e-06
4.56491e-07
-2.76349e-06
9.18538e-07
-3.0363e-06
1.37537e-06
-3.17798e-06
1.9233e-06
-3.3699e-06
2.66499e-06
-3.5966e-06
3.54144e-06
-3.74786e-06
4.38893e-06
-3.76315e-06
5.30898e-06
-3.89534e-06
6.71438e-06
-4.41012e-06
8.73463e-06
-4.9879e-06
1.13107e-05
-5.49297e-06
1.43281e-05
-5.94537e-06
1.77348e-05
-6.51869e-06
2.15435e-05
-7.4293e-06
2.58216e-05
-8.92806e-06
3.07211e-05
-1.11365e-05
-1.42191e-05
3.62047e-05
-2.62723e-06
2.0931e-06
-5.1392e-07
-2.95016e-06
7.33014e-07
-2.19767e-06
-5.89523e-08
-3.30355e-07
-1.49412e-06
-1.30557e-07
-1.71085e-06
-1.99453e-06
-6.61991e-07
-3.81236e-06
5.65577e-07
-4.26387e-06
9.22957e-07
-3.53536e-06
1.06244e-06
-3.50938e-06
1.94824e-06
-4.48241e-06
3.30771e-06
-5.10735e-06
3.90712e-06
-4.36256e-06
3.49475e-06
-3.48296e-06
4.61392e-06
-5.5293e-06
7.28505e-06
-7.65905e-06
1.09291e-05
-9.13701e-06
1.4887e-05
-9.9033e-06
1.86469e-05
-1.02786e-05
2.23778e-05
-1.11603e-05
2.56502e-05
-1.22004e-05
2.87955e-05
-1.42818e-05
-1.45385e-05
2.91148e-05
-2.32197e-05
2.53128e-05
-2.55133e-05
-6.56504e-07
-2.71052e-05
-6.05794e-07
-3.4478e-05
7.04245e-06
-4.41084e-05
9.49987e-06
-4.41369e-05
-1.96604e-06
-4.1447e-05
-6.50229e-06
-3.94085e-05
-6.30235e-06
-3.88616e-05
-4.08225e-06
-4.00379e-05
-2.33309e-06
-3.84488e-05
-6.07151e-06
-3.70531e-05
-6.50302e-06
-4.01094e-05
-1.30623e-06
-4.90209e-05
5.42853e-06
-4.68944e-05
-7.65579e-06
-3.78251e-05
-1.67284e-05
-2.89083e-05
-1.80538e-05
-2.25995e-05
-1.62121e-05
-2.11175e-05
-1.17605e-05
-2.65972e-05
-5.68059e-06
-3.80491e-05
-7.48457e-07
-5.73209e-05
4.99007e-06
-5.24985e-06
-6.66095e-05
-1.96149e-05
4.49277e-05
-2.69662e-05
6.69488e-06
-3.38593e-05
6.28726e-06
-4.00454e-05
1.32286e-05
-4.3061e-05
1.25155e-05
-4.59462e-05
9.19137e-07
-4.92507e-05
-3.19775e-06
-5.1505e-05
-4.04807e-06
-5.03227e-05
-5.26462e-06
-4.73464e-05
-5.30936e-06
-4.56778e-05
-7.74004e-06
-4.58272e-05
-6.35373e-06
-4.81764e-05
1.04304e-06
-5.02944e-05
7.54654e-06
-4.85722e-05
-9.37809e-06
-4.51315e-05
-2.01691e-05
-4.07363e-05
-2.2449e-05
-3.76514e-05
-1.9297e-05
-3.81734e-05
-1.12385e-05
-4.39843e-05
1.30316e-07
-5.54062e-05
1.06733e-05
-6.62372e-05
1.5821e-05
-8.54136e-06
-6.29457e-05
-8.67237e-06
5.36001e-05
-1.94998e-05
1.75223e-05
-2.91293e-05
1.59168e-05
-3.34607e-05
1.756e-05
-3.53282e-05
1.43829e-05
-4.15536e-05
7.14455e-06
-4.85491e-05
3.79777e-06
-5.18879e-05
-7.09279e-07
-5.14618e-05
-5.69073e-06
-4.92724e-05
-7.49881e-06
-4.775e-05
-9.26241e-06
-4.73456e-05
-6.75817e-06
-4.74319e-05
1.12933e-06
-4.65911e-05
6.70577e-06
-4.65323e-05
-9.43691e-06
-4.60011e-05
-2.07003e-05
-4.53983e-05
-2.30518e-05
-4.48188e-05
-1.98765e-05
-4.62711e-05
-9.78616e-06
-5.37809e-05
7.64023e-06
-6.24596e-05
1.9352e-05
-6.00314e-05
1.33929e-05
-1.18293e-05
-5.67434e-05
-1.57988e-06
5.518e-05
-1.07701e-05
2.67126e-05
-1.80704e-05
2.32172e-05
-2.23571e-05
2.18467e-05
-2.62948e-05
1.83207e-05
-3.24191e-05
1.32689e-05
-3.82352e-05
9.61387e-06
-4.33344e-05
4.38996e-06
-4.7168e-05
-1.85714e-06
-4.75479e-05
-7.11894e-06
-4.74943e-05
-9.31602e-06
-4.79721e-05
-6.2804e-06
-4.63187e-05
-5.24104e-07
-4.04575e-05
8.44607e-07
-4.09323e-05
-8.9621e-06
-4.51376e-05
-1.6495e-05
-4.81754e-05
-2.0014e-05
-5.11463e-05
-1.69056e-05
-5.50355e-05
-5.89693e-06
-5.54645e-05
8.06916e-06
-5.25043e-05
1.63918e-05
-4.87608e-05
9.64924e-06
-1.25912e-05
-4.79989e-05
2.52514e-06
5.26549e-05
-4.39356e-06
3.36313e-05
-9.70568e-06
2.85293e-05
-1.3513e-05
2.56541e-05
-1.73009e-05
2.21086e-05
-2.1933e-05
1.7901e-05
-2.62662e-05
1.39471e-05
-3.07366e-05
8.86031e-06
-3.5335e-05
2.74124e-06
-3.97288e-05
-2.7251e-06
-4.33975e-05
-5.64734e-06
-4.47436e-05
-4.93427e-06
-4.28218e-05
-2.44582e-06
-3.93511e-05
-2.62613e-06
-4.0126e-05
-8.18721e-06
-4.31135e-05
-1.35076e-05
-4.71258e-05
-1.60018e-05
-5.06625e-05
-1.33689e-05
-5.13553e-05
-5.20422e-06
-4.77204e-05
4.43425e-06
-4.04497e-05
9.12105e-06
-3.43516e-05
3.55118e-06
-9.89432e-06
-3.70486e-05
3.34414e-06
4.93108e-05
-6.6717e-07
3.76427e-05
-4.32416e-06
3.21863e-05
-7.33016e-06
2.86601e-05
-1.0339e-05
2.51174e-05
-1.36946e-05
2.12566e-05
-1.69627e-05
1.72152e-05
-2.04965e-05
1.23942e-05
-2.46494e-05
6.89407e-06
-2.92243e-05
1.84978e-06
-3.34043e-05
-1.46737e-06
-3.58613e-05
-2.47723e-06
-3.59307e-05
-2.3764e-06
-3.4935e-05
-3.6219e-06
-3.58228e-05
-7.29942e-06
-3.83676e-05
-1.09628e-05
-4.16946e-05
-1.26746e-05
-4.41825e-05
-1.08809e-05
-4.37529e-05
-5.6337e-06
-3.94912e-05
1.7254e-07
-3.29745e-05
2.60415e-06
-2.82878e-05
-1.13548e-06
-9.53821e-06
-2.8644e-05
2.8289e-06
4.64819e-05
1.08155e-06
3.93901e-05
-1.09385e-06
3.43617e-05
-3.16617e-06
3.07324e-05
-5.30767e-06
2.72589e-05
-7.651e-06
2.36e-05
-1.01072e-05
1.96714e-05
-1.29282e-05
1.5215e-05
-1.63969e-05
1.03627e-05
-2.03543e-05
5.80722e-06
-2.41382e-05
2.31648e-06
-2.68237e-05
2.08253e-07
-2.80266e-05
-1.17349e-06
-2.85587e-05
-3.08985e-06
-2.9848e-05
-6.0101e-06
-3.20222e-05
-8.78853e-06
-3.44909e-05
-1.02059e-05
-3.60023e-05
-9.36965e-06
-3.51524e-05
-6.48359e-06
-3.16151e-05
-3.36486e-06
-2.66501e-05
-2.36083e-06
-2.2833e-05
-4.95255e-06
-1.01758e-05
-2.21953e-05
2.13953e-06
4.43424e-05
1.7632e-06
3.97664e-05
7.13428e-07
3.54115e-05
-4.83366e-07
3.19292e-05
-1.81817e-06
2.85937e-05
-3.34458e-06
2.51264e-05
-5.08668e-06
2.14135e-05
-7.21792e-06
1.73463e-05
-9.899e-06
1.30438e-05
-1.30082e-05
8.9164e-06
-1.61046e-05
5.4129e-06
-1.86116e-05
2.71523e-06
-2.02852e-05
5.00207e-07
-2.15374e-05
-1.83768e-06
-2.30464e-05
-4.50104e-06
-2.49125e-05
-6.92244e-06
-2.67273e-05
-8.3912e-06
-2.76638e-05
-8.43315e-06
-2.6892e-05
-7.25539e-06
-2.43174e-05
-5.93947e-06
-2.08351e-05
-5.8431e-06
-1.80322e-05
-7.75535e-06
-1.10928e-05
-1.71151e-05
1.60358e-06
4.27388e-05
1.93733e-06
3.94327e-05
1.66932e-06
3.56796e-05
1.17523e-06
3.24233e-05
5.16312e-07
2.92526e-05
-3.35755e-07
2.59784e-05
-1.43428e-06
2.2512e-05
-2.8957e-06
1.88077e-05
-4.80553e-06
1.49536e-05
-7.07964e-06
1.11905e-05
-9.44497e-06
7.77825e-06
-1.15584e-05
4.82867e-06
-1.32578e-05
2.19966e-06
-1.47143e-05
-3.81087e-07
-1.62285e-05
-2.9868e-06
-1.78296e-05
-5.32131e-06
-1.92344e-05
-6.9865e-06
-1.99301e-05
-7.7375e-06
-1.94542e-05
-7.73127e-06
-1.78012e-05
-7.59244e-06
-1.55612e-05
-8.0831e-06
-1.36964e-05
-9.62011e-06
-1.1853e-05
-1.29362e-05
1.26595e-06
4.14729e-05
1.91103e-06
3.87876e-05
2.13948e-06
3.54511e-05
2.16848e-06
3.23943e-05
2.04231e-06
2.93788e-05
1.73615e-06
2.62846e-05
1.19669e-06
2.30515e-05
3.4365e-07
1.96607e-05
-8.73502e-07
1.61708e-05
-2.40401e-06
1.2721e-05
-4.08672e-06
9.46096e-06
-5.72102e-06
6.46297e-06
-7.19662e-06
3.67525e-06
-8.56507e-06
9.87382e-07
-9.93938e-06
-1.61248e-06
-1.13012e-05
-3.95948e-06
-1.24563e-05
-5.83127e-06
-1.30947e-05
-7.09915e-06
-1.2963e-05
-7.86284e-06
-1.20851e-05
-8.47033e-06
-1.08318e-05
-9.33638e-06
-9.77826e-06
-1.06737e-05
-1.22805e-05
-9.35077e-06
1.06398e-06
4.04089e-05
1.83361e-06
3.80179e-05
2.36725e-06
3.49175e-05
2.76291e-06
3.19987e-05
3.03686e-06
2.91048e-05
3.16066e-06
2.61608e-05
3.0845e-06
2.31276e-05
2.74892e-06
1.99963e-05
2.11751e-06
1.68022e-05
1.21507e-06
1.36235e-05
1.31078e-07
1.05449e-05
-1.01973e-06
7.61374e-06
-2.16322e-06
4.81871e-06
-3.30002e-06
2.1242e-06
-4.45701e-06
-4.55449e-07
-5.59564e-06
-2.82083e-06
-6.58368e-06
-4.84314e-06
-7.23433e-06
-6.44845e-06
-7.40781e-06
-7.6893e-06
-7.12884e-06
-8.74924e-06
-6.6209e-06
-9.84427e-06
-6.21562e-06
-1.10789e-05
-1.23409e-05
-6.15511e-06
9.49381e-07
3.94595e-05
1.77458e-06
3.71928e-05
2.49898e-06
3.41931e-05
3.14956e-06
3.13481e-05
3.71721e-06
2.85372e-05
4.1689e-06
2.57091e-05
4.45898e-06
2.28375e-05
4.53966e-06
1.99156e-05
4.38012e-06
1.69617e-05
3.98641e-06
1.40172e-05
3.40315e-06
1.11282e-05
2.69274e-06
8.32409e-06
1.90242e-06
5.60895e-06
1.04776e-06
2.97882e-06
1.35634e-07
4.56658e-07
-7.92992e-07
-1.89223e-06
-1.64866e-06
-3.98749e-06
-2.31742e-06
-5.77969e-06
-2.719e-06
-7.28772e-06
-2.86877e-06
-8.59945e-06
-2.89321e-06
-9.8198e-06
-2.97628e-06
-1.09958e-05
-1.20639e-05
-3.25325e-06
9.10626e-07
3.85489e-05
1.77528e-06
3.63281e-05
2.63146e-06
3.33369e-05
3.46348e-06
3.05161e-05
4.24513e-06
2.77556e-05
4.94064e-06
2.50136e-05
5.50855e-06
2.22696e-05
5.90849e-06
1.95157e-05
6.11212e-06
1.67581e-05
6.11348e-06
1.40158e-05
5.93008e-06
1.13115e-05
5.59227e-06
8.66183e-06
5.12714e-06
6.07402e-06
4.55064e-06
3.55525e-06
3.87827e-06
1.12898e-06
3.14462e-06
-1.15862e-06
2.40987e-06
-3.25277e-06
1.74495e-06
-5.11477e-06
1.19936e-06
-6.74212e-06
7.68619e-07
-8.16871e-06
3.87354e-07
-9.43853e-06
-4.05134e-08
-1.05679e-05
-1.15195e-05
-5.84928e-07
9.54624e-07
3.75943e-05
1.86854e-06
3.54142e-05
2.83057e-06
3.23749e-05
3.79913e-06
2.95475e-05
4.7379e-06
2.68168e-05
5.61083e-06
2.41406e-05
6.38107e-06
2.14993e-05
7.01422e-06
1.88825e-05
7.48415e-06
1.62882e-05
7.77842e-06
1.37216e-05
7.89893e-06
1.1191e-05
7.85681e-06
8.70392e-06
7.6647e-06
6.2661e-06
7.33323e-06
3.88671e-06
6.87596e-06
1.58621e-06
6.31841e-06
-6.01087e-07
5.70037e-06
-2.63475e-06
5.06723e-06
-4.48165e-06
4.45226e-06
-6.12718e-06
3.8596e-06
-7.57608e-06
3.26103e-06
-8.84e-06
2.61238e-06
-9.91928e-06
-1.079e-05
1.88289e-06
1.0905e-06
3.65038e-05
2.0794e-06
3.44253e-05
3.14026e-06
3.1314e-05
4.21899e-06
2.84688e-05
5.27483e-06
2.5761e-05
6.27384e-06
2.31416e-05
7.1845e-06
2.05886e-05
7.97825e-06
1.80888e-05
8.63206e-06
1.56344e-05
9.13116e-06
1.32225e-05
9.46947e-06
1.08527e-05
9.64721e-06
8.52617e-06
9.6675e-06
6.24583e-06
9.53488e-06
4.01934e-06
9.25793e-06
1.86317e-06
8.85341e-06
-1.96574e-07
8.34712e-06
-2.12847e-06
7.76882e-06
-3.90336e-06
7.14268e-06
-5.50106e-06
6.47834e-06
-6.91176e-06
5.7692e-06
-8.13089e-06
5.00089e-06
-9.15099e-06
-9.95551e-06
4.16637e-06
1.31907e-06
3.51848e-05
2.42055e-06
3.33239e-05
3.58349e-06
3.01511e-05
4.7566e-06
2.72958e-05
5.90055e-06
2.46171e-05
6.9859e-06
2.20562e-05
7.98738e-06
1.95871e-05
8.88255e-06
1.71936e-05
9.65258e-06
1.48644e-05
1.02834e-05
1.25917e-05
1.07658e-05
1.03702e-05
1.10948e-05
8.19715e-06
1.1268e-05
6.07267e-06
1.12853e-05
4.00213e-06
1.11504e-05
1.99809e-06
1.08732e-05
8.06254e-08
1.047e-05
-1.72527e-06
9.96085e-06
-3.39413e-06
9.36415e-06
-4.90435e-06
8.69235e-06
-6.23997e-06
7.95063e-06
-7.38919e-06
7.14105e-06
-8.34144e-06
-9.08451e-06
6.27002e-06
1.62496e-06
3.35598e-05
2.88556e-06
3.20633e-05
4.1586e-06
2.88782e-05
5.41562e-06
2.60388e-05
6.6257e-06
2.3407e-05
7.76646e-06
2.09155e-05
8.81973e-06
1.85338e-05
9.76964e-06
1.62436e-05
1.06024e-05
1.40316e-05
1.13065e-05
1.18876e-05
1.1873e-05
9.80363e-06
1.22953e-05
7.77478e-06
1.25686e-05
5.79937e-06
1.26901e-05
3.88064e-06
1.26603e-05
2.02789e-06
1.24844e-05
2.56598e-07
1.21723e-05
-1.41319e-06
1.17378e-05
-2.95963e-06
1.11956e-05
-4.36211e-06
1.05588e-05
-5.60314e-06
9.8382e-06
-6.66865e-06
9.04423e-06
-7.54751e-06
-8.23042e-06
8.19012e-06
1.97886e-06
3.15809e-05
3.44153e-06
3.06007e-05
4.83379e-06
2.7486e-05
6.16741e-06
2.47053e-05
7.4269e-06
2.21476e-05
8.59958e-06
1.97428e-05
9.67525e-06
1.74581e-05
1.06449e-05
1.5274e-05
1.15001e-05
1.31764e-05
1.22334e-05
1.11542e-05
1.2838e-05
9.19902e-06
1.33079e-05
7.3048e-06
1.36381e-05
5.46902e-06
1.38253e-05
3.69345e-06
1.38682e-05
1.98497e-06
1.37691e-05
3.55607e-07
1.35344e-05
-1.17849e-06
1.31737e-05
-2.59889e-06
1.26987e-05
-3.88717e-06
1.21222e-05
-5.02664e-06
1.1457e-05
-6.0035e-06
1.07169e-05
-6.80742e-06
-7.43126e-06
9.91774e-06
2.32451e-06
2.92564e-05
4.02299e-06
2.89022e-05
5.54407e-06
2.59649e-05
6.95062e-06
2.32988e-05
8.24864e-06
2.08496e-05
9.43754e-06
1.85539e-05
1.05158e-05
1.63798e-05
1.14815e-05
1.43083e-05
1.23319e-05
1.2326e-05
1.30639e-05
1.04222e-05
1.3674e-05
8.58888e-06
1.41585e-05
6.82028e-06
1.45137e-05
5.11373e-06
1.47368e-05
3.47028e-06
1.48265e-05
1.89527e-06
1.47838e-05
3.98256e-07
1.46129e-05
-1.00762e-06
1.43209e-05
-2.30697e-06
1.39176e-05
-3.48384e-06
1.34143e-05
-4.52338e-06
1.2824e-05
-5.41319e-06
1.21609e-05
-6.1443e-06
-6.71133e-06
1.14409e-05
2.59073e-06
2.66657e-05
4.53813e-06
2.69549e-05
6.19699e-06
2.43061e-05
7.67775e-06
2.1818e-05
9.01072e-06
1.95166e-05
1.02089e-05
1.73557e-05
1.12802e-05
1.53086e-05
1.22294e-05
1.33591e-05
1.30598e-05
1.14956e-05
1.37729e-05
9.70909e-06
1.4369e-05
7.99276e-06
1.48474e-05
6.34189e-06
1.52067e-05
4.7544e-06
1.54456e-05
3.23136e-06
1.55635e-05
1.7773e-06
1.55616e-05
4.00201e-07
1.54429e-05
-8.88993e-07
1.52133e-05
-2.07734e-06
1.48807e-05
-3.15124e-06
1.44552e-05
-4.09789e-06
1.39486e-05
-4.9066e-06
1.33742e-05
-5.56989e-06
-6.08375e-06
1.27466e-05
2.71779e-06
2.39479e-05
4.89269e-06
2.478e-05
6.69273e-06
2.25061e-05
8.2526e-06
2.02582e-05
9.62387e-06
1.81454e-05
1.08329e-05
1.61466e-05
1.18968e-05
1.42448e-05
1.28273e-05
1.24285e-05
1.36334e-05
1.06895e-05
1.43214e-05
9.02114e-06
1.48954e-05
7.41872e-06
1.53581e-05
5.87919e-06
1.57108e-05
4.40168e-06
1.59543e-05
2.98786e-06
1.60895e-05
1.64214e-06
1.61181e-05
3.71703e-07
1.6043e-05
-8.13961e-07
1.58695e-05
-1.90372e-06
1.56042e-05
-2.88592e-06
1.52559e-05
-3.74959e-06
1.48349e-05
-4.48563e-06
1.43528e-05
-5.08787e-06
-5.55333e-06
1.38224e-05
2.68675e-06
2.12612e-05
5.02789e-06
2.2439e-05
6.95699e-06
2.05771e-05
8.59746e-06
1.86177e-05
1.00124e-05
1.67305e-05
1.12386e-05
1.49204e-05
1.23011e-05
1.31823e-05
1.32182e-05
1.15114e-05
1.4004e-05
9.90362e-06
1.46693e-05
8.35582e-06
1.52221e-05
6.86587e-06
1.56683e-05
5.43294e-06
1.60122e-05
4.05787e-06
1.62566e-05
2.74342e-06
1.64043e-05
1.49451e-06
1.64579e-05
3.1812e-07
1.6421e-05
-7.77036e-07
1.62983e-05
-1.78102e-06
1.6096e-05
-2.68357e-06
1.58215e-05
-3.47514e-06
1.54838e-05
-4.14791e-06
1.50926e-05
-4.69669e-06
-5.11915e-06
1.46583e-05
2.53335e-06
1.87279e-05
4.94925e-06
2.00231e-05
6.97014e-06
1.85562e-05
8.6786e-06
1.69093e-05
1.01358e-05
1.52732e-05
1.13834e-05
1.36729e-05
1.24513e-05
1.21144e-05
1.33629e-05
1.05997e-05
1.41365e-05
9.12997e-06
1.47866e-05
7.70569e-06
1.53246e-05
6.32786e-06
1.57593e-05
4.99824e-06
1.60974e-05
3.7197e-06
1.63443e-05
2.49655e-06
1.65043e-05
1.33459e-06
1.65813e-05
2.41136e-07
1.65795e-05
-7.753e-07
1.6504e-05
-1.7054e-06
1.63602e-05
-2.5398e-06
1.61549e-05
-3.26988e-06
1.58957e-05
-3.88868e-06
1.55906e-05
-4.39162e-06
-4.77667e-06
1.52482e-05
2.32543e-06
1.64025e-05
4.71786e-06
1.76308e-05
6.76966e-06
1.65045e-05
8.51369e-06
1.51653e-05
9.99822e-06
1.37887e-05
1.12624e-05
1.24087e-05
1.23377e-05
1.10391e-05
1.32493e-05
9.68811e-06
1.40181e-05
8.36112e-06
1.46612e-05
7.06263e-06
1.51922e-05
5.79678e-06
1.56224e-05
4.56803e-06
1.59606e-05
3.38149e-06
1.6214e-05
2.24319e-06
1.63885e-05
1.16014e-06
1.64893e-05
1.40354e-07
1.65214e-05
-8.07409e-07
1.649e-05
-1.67399e-06
1.64007e-05
-2.45042e-06
1.62594e-05
-3.1286e-06
1.60728e-05
-3.70198e-06
1.58474e-05
-4.16625e-06
-4.51931e-06
1.55901e-05
2.11983e-06
1.42828e-05
4.40871e-06
1.53419e-05
6.42242e-06
1.44908e-05
8.15541e-06
1.34323e-05
9.63881e-06
1.23054e-05
1.09044e-05
1.11432e-05
1.19804e-05
9.96313e-06
1.28915e-05
8.77702e-06
1.36587e-05
7.59391e-06
1.43e-05
6.4214e-06
1.48303e-05
5.26651e-06
1.52621e-05
4.13624e-06
1.56057e-05
3.03785e-06
1.58698e-05
1.97915e-06
1.60614e-05
9.68517e-07
1.6187e-05
1.48761e-08
1.62521e-05
-8.72479e-07
1.62623e-05
-1.68419e-06
1.62232e-05
-2.41129e-06
1.61404e-05
-3.04581e-06
1.60198e-05
-3.58129e-06
1.58669e-05
-4.01331e-06
-4.33945e-06
1.56871e-05
1.9393e-06
1.23435e-05
4.07393e-06
1.32073e-05
5.99044e-06
1.25743e-05
7.66436e-06
1.17584e-05
9.1121e-06
1.08577e-05
1.03561e-05
9.89917e-06
1.14192e-05
8.90011e-06
1.23226e-05
7.87367e-06
1.30856e-05
6.83086e-06
1.37256e-05
5.78146e-06
1.42575e-05
4.73471e-06
1.4694e-05
3.69969e-06
1.50463e-05
2.68561e-06
1.53236e-05
1.70189e-06
1.5534e-05
7.58225e-07
1.56843e-05
-1.35441e-07
1.5781e-05
-9.69123e-07
1.58299e-05
-1.73302e-06
1.58366e-05
-2.41793e-06
1.58065e-05
-3.01571e-06
1.5745e-05
-3.51969e-06
1.56568e-05
-3.9251e-06
-4.22897e-06
1.55464e-05
1.77987e-06
1.05637e-05
3.73444e-06
1.12528e-05
5.51343e-06
1.07953e-05
7.08945e-06
1.01824e-05
8.46937e-06
9.47775e-06
9.6673e-06
8.70125e-06
1.06997e-05
7.86777e-06
1.15833e-05
6.99001e-06
1.23348e-05
6.07943e-06
1.29694e-05
5.14692e-06
1.3501e-05
4.20316e-06
1.39419e-05
3.25883e-06
1.4303e-05
2.32461e-06
1.45936e-05
1.41129e-06
1.48221e-05
5.29725e-07
1.4996e-05
-3.0922e-07
1.51217e-05
-1.09481e-06
1.52054e-05
-1.81671e-06
1.52528e-05
-2.46529e-06
1.52692e-05
-3.03206e-06
1.52595e-05
-3.50996e-06
1.52281e-05
-3.89368e-06
-4.17951e-06
1.51787e-05
1.62814e-06
8.93553e-06
3.39144e-06
9.48943e-06
5.01035e-06
9.17638e-06
6.46255e-06
8.7302e-06
7.74975e-06
8.19054e-06
8.8798e-06
7.5712e-06
9.86358e-06
6.884e-06
1.07137e-05
6.13995e-06
1.14432e-05
5.34995e-06
1.2065e-05
4.52515e-06
1.25912e-05
3.677e-06
1.30328e-05
2.81723e-06
1.33999e-05
1.9576e-06
1.37014e-05
1.10983e-06
1.39455e-05
2.8565e-07
1.41396e-05
-5.03293e-07
1.42904e-05
-1.2456e-06
1.44041e-05
-1.93038e-06
1.44864e-05
-2.54753e-06
1.45424e-05
-3.0881e-06
1.4577e-05
-3.54452e-06
1.45942e-05
-3.91086e-06
-4.18258e-06
1.45974e-05
1.47255e-06
7.46295e-06
3.04038e-06
7.92155e-06
4.48898e-06
7.72775e-06
5.80246e-06
7.41668e-06
6.97995e-06
7.01302e-06
8.02506e-06
6.52608e-06
8.94459e-06
5.96447e-06
9.7475e-06
5.33705e-06
1.04439e-05
4.65361e-06
1.1044e-05
3.92506e-06
1.15578e-05
3.16328e-06
1.19944e-05
2.38063e-06
1.23626e-05
1.58948e-06
1.26703e-05
8.02074e-07
1.29254e-05
3.05868e-08
1.31349e-05
-7.12788e-07
1.33055e-05
-1.41613e-06
1.34431e-05
-2.06803e-06
1.35536e-05
-2.65793e-06
1.36419e-05
-3.17641e-06
1.37128e-05
-3.61535e-06
1.37701e-05
-3.96817e-06
-4.2295e-06
1.38171e-05
1.3076e-06
6.15531e-06
2.67916e-06
6.54992e-06
3.9541e-06
6.45276e-06
5.12121e-06
6.24952e-06
6.1781e-06
5.9561e-06
7.12582e-06
5.57833e-06
7.96849e-06
5.12179e-06
8.71244e-06
4.59311e-06
9.36521e-06
4.00086e-06
9.93464e-06
3.35566e-06
1.04283e-05
2.66968e-06
1.08531e-05
1.95579e-06
1.12161e-05
1.22658e-06
1.1524e-05
4.94152e-07
1.17839e-05
-2.29305e-07
1.20025e-05
-9.31385e-07
1.21862e-05
-1.59977e-06
1.23408e-05
-2.22263e-06
1.24718e-05
-2.78899e-06
1.25844e-05
-3.28897e-06
1.2683e-05
-3.71397e-06
1.27717e-05
-4.05676e-06
-4.31123e-06
1.28534e-05
1.13372e-06
5.02155e-06
2.31044e-06
5.37312e-06
3.41169e-06
5.35146e-06
4.42875e-06
5.2324e-06
5.35827e-06
5.02654e-06
6.1999e-06
4.73668e-06
6.95614e-06
4.36554e-06
7.63155e-06
3.91771e-06
8.23168e-06
3.40074e-06
8.7622e-06
2.82516e-06
9.22822e-06
2.20368e-06
9.63422e-06
1.5498e-06
9.98487e-06
8.75947e-07
1.02857e-05
1.93292e-07
1.05431e-05
-4.86664e-07
1.07633e-05
-1.15157e-06
1.09524e-05
-1.78883e-06
1.1116e-05
-2.38624e-06
1.12594e-05
-2.93244e-06
1.13876e-05
-3.41716e-06
1.15051e-05
-3.83138e-06
1.16157e-05
-4.16735e-06
-4.41828e-06
1.17227e-05
9.54793e-07
4.06672e-06
1.94034e-06
4.38749e-06
2.86994e-06
4.42179e-06
3.73598e-06
4.36629e-06
4.53452e-06
4.22796e-06
5.26444e-06
4.00673e-06
5.92735e-06
3.70262e-06
6.52662e-06
3.31845e-06
7.06635e-06
2.86101e-06
7.55047e-06
2.34106e-06
7.98181e-06
1.77235e-06
8.36192e-06
1.16971e-06
8.69273e-06
5.45144e-07
8.97841e-06
-9.23941e-08
9.22484e-06
-7.33101e-07
9.43816e-06
-1.3649e-06
9.62416e-06
-1.97484e-06
9.78819e-06
-2.55028e-06
9.93525e-06
-3.07951e-06
1.007e-05
-3.55193e-06
1.01968e-05
-3.95819e-06
1.03197e-05
-4.29017e-06
-4.54061e-06
1.0442e-05
7.75352e-07
3.29131e-06
1.57673e-06
3.58602e-06
2.33987e-06
3.65857e-06
3.05732e-06
3.64878e-06
3.7246e-06
3.56063e-06
4.34014e-06
3.39116e-06
4.90492e-06
3.13783e-06
5.42159e-06
2.80177e-06
5.89351e-06
2.38909e-06
6.32365e-06
1.91092e-06
6.71315e-06
1.38285e-06
7.06015e-06
8.22704e-07
7.36298e-06
2.42303e-07
7.62439e-06
-3.53813e-07
7.85055e-06
-9.59268e-07
8.0478e-06
-1.56216e-06
8.22171e-06
-2.14876e-06
8.37722e-06
-2.7058e-06
8.51885e-06
-3.22115e-06
8.65091e-06
-3.68399e-06
8.7775e-06
-4.08479e-06
8.90251e-06
-4.41519e-06
-4.66765e-06
9.02955e-06
5.99624e-07
2.69163e-06
1.2297e-06
2.95584e-06
1.83741e-06
3.05078e-06
2.41379e-06
3.07234e-06
2.95364e-06
3.02073e-06
3.455e-06
2.88977e-06
3.91839e-06
2.67441e-06
4.34612e-06
2.37402e-06
4.74157e-06
1.99362e-06
5.10818e-06
1.54429e-06
5.44697e-06
1.04404e-06
5.75264e-06
5.17019e-07
6.01827e-06
-2.33416e-08
6.24496e-06
-5.80522e-07
6.44051e-06
-1.15484e-06
6.61204e-06
-1.73371e-06
6.7648e-06
-2.30154e-06
6.90299e-06
-2.84401e-06
7.03042e-06
-3.3486e-06
7.15078e-06
-3.80437e-06
7.26774e-06
-4.20176e-06
7.38494e-06
-4.5324e-06
-4.78866e-06
7.50594e-06
4.35063e-07
2.25651e-06
9.1593e-07
2.47487e-06
1.38715e-06
2.57948e-06
1.83585e-06
2.62359e-06
2.25646e-06
2.60007e-06
2.64689e-06
2.4993e-06
3.00714e-06
2.31412e-06
3.33909e-06
2.04205e-06
3.64665e-06
1.68603e-06
3.93552e-06
1.25539e-06
4.20977e-06
7.69764e-07
4.46253e-06
2.64237e-07
4.67958e-06
-2.40412e-07
4.85904e-06
-7.60009e-07
5.01275e-06
-1.30858e-06
5.14906e-06
-1.87003e-06
5.27227e-06
-2.42477e-06
5.38525e-06
-2.95701e-06
5.49064e-06
-3.454e-06
5.59123e-06
-3.90497e-06
5.69e-06
-4.30055e-06
5.79013e-06
-4.63255e-06
-4.89339e-06
5.89483e-06
3.00445e-07
1.956e-06
6.65482e-07
2.10976e-06
1.0243e-06
2.22061e-06
1.36263e-06
2.2852e-06
1.67628e-06
2.28638e-06
1.96313e-06
2.2124e-06
2.22184e-06
2.05538e-06
2.45251e-06
1.81136e-06
2.65846e-06
1.48005e-06
2.84826e-06
1.06556e-06
3.03362e-06
5.84378e-07
3.2115e-06
8.63301e-08
3.36548e-06
-3.94412e-07
3.48121e-06
-8.75763e-07
3.58127e-06
-1.40866e-06
3.67422e-06
-1.963e-06
3.76137e-06
-2.51193e-06
3.84311e-06
-3.03877e-06
3.92041e-06
-3.53132e-06
3.99488e-06
-3.97945e-06
4.06859e-06
-4.37428e-06
4.14399e-06
-4.70797e-06
-4.9732e-06
4.22378e-06
2.28906e-07
1.72704e-06
5.14244e-07
1.82437e-06
7.83852e-07
1.95096e-06
1.03196e-06
2.03706e-06
1.25726e-06
2.06105e-06
1.45649e-06
2.01314e-06
1.62493e-06
1.88691e-06
1.75796e-06
1.6783e-06
1.85377e-06
1.38422e-06
1.91884e-06
1.00047e-06
1.97121e-06
5.31983e-07
2.02255e-06
3.49748e-08
2.08867e-06
-4.60551e-07
2.11564e-06
-9.02751e-07
2.15302e-06
-1.44606e-06
2.19885e-06
-2.00884e-06
2.24708e-06
-2.56017e-06
2.29458e-06
-3.08628e-06
2.34042e-06
-3.57717e-06
2.38495e-06
-4.02399e-06
2.42922e-06
-4.41857e-06
2.47469e-06
-4.75345e-06
-5.02162e-06
2.52309e-06
2.22306e-07
4.53489e-07
6.65453e-07
8.59304e-07
1.03284e-06
1.17997e-06
1.29204e-06
1.35853e-06
1.36632e-06
1.30009e-06
1.15492e-06
9.69834e-07
8.01704e-07
7.36843e-07
7.23548e-07
7.29427e-07
7.41928e-07
7.56178e-07
7.70471e-07
7.8445e-07
7.98319e-07
8.12514e-07
8.27628e-07
3.50789e-05
-2.94428e-06
3.93533e-05
-4.27436e-06
4.44271e-05
-5.07377e-06
-5.87337e-06
5.03004e-05
3.82403e-05
-5.88429e-06
4.07447e-05
-6.77872e-06
4.27043e-05
-7.03344e-06
-7.12776e-06
4.39587e-05
3.87952e-05
-8.47483e-06
4.14675e-05
-9.45095e-06
4.35335e-05
-9.09949e-06
-4.2326e-06
4.06384e-05
2.55837e-05
-4.94367e-06
1.9936e-05
-3.80344e-06
1.25109e-05
-1.67438e-06
2.65846e-06
5.61999e-06
-6.47473e-05
-6.80579e-06
-6.204e-05
-6.5108e-06
-5.85509e-05
-5.16339e-06
-3.38167e-06
-5.25107e-05
-6.17744e-05
-7.97722e-06
-5.93851e-05
-8.90005e-06
-5.61939e-05
-8.35457e-06
-6.71401e-06
-5.28616e-05
-5.49056e-05
-9.81497e-06
-5.27659e-05
-1.10398e-05
-5.03843e-05
-1.07362e-05
-8.87939e-06
-4.82189e-05
-4.70215e-05
-1.07924e-05
-4.63e-05
-1.17613e-05
-4.55689e-05
-1.14673e-05
-8.80812e-06
-4.56401e-05
-3.99891e-05
-7.85186e-06
-4.27198e-05
-9.03059e-06
-4.53303e-05
-8.85692e-06
-8.07809e-06
-4.60603e-05
-2.9807e-05
-6.68884e-06
-3.13877e-05
-7.4499e-06
-3.26746e-05
-7.56988e-06
-7.29763e-06
-3.34551e-05
-2.25868e-05
-6.29728e-06
-2.3183e-05
-6.85363e-06
-2.37405e-05
-7.01228e-06
-6.92582e-06
-2.41123e-05
-1.71903e-05
-6.22202e-06
-1.74183e-05
-6.62565e-06
-1.76288e-05
-6.80175e-06
-6.7923e-06
-1.77623e-05
-1.29074e-05
-6.25078e-06
-1.29856e-05
-6.54743e-06
-1.30908e-05
-6.69665e-06
-6.71e-06
-1.31731e-05
-9.33967e-06
-6.26185e-06
-9.4128e-06
-6.47432e-06
-9.52384e-06
-6.58564e-06
-6.59587e-06
-9.63799e-06
-6.24118e-06
-6.17573e-06
-6.3817e-06
-6.33382e-06
-6.55303e-06
-6.41429e-06
-6.41588e-06
-6.73303e-06
-3.45156e-06
-5.97739e-06
-3.68315e-06
-6.10223e-06
-3.93442e-06
-6.16302e-06
-6.15883e-06
-4.19149e-06
-8.82301e-07
-5.68002e-06
-1.19917e-06
-5.78536e-06
-1.52664e-06
-5.83556e-06
-5.8302e-06
-1.85528e-06
1.51296e-06
-5.31011e-06
1.13154e-06
-5.40394e-06
7.45408e-07
-5.44945e-06
-5.44661e-06
3.61808e-07
3.75405e-06
-4.89782e-06
3.33435e-06
-4.98426e-06
2.91302e-06
-5.02815e-06
-5.02971e-06
2.4961e-06
5.84352e-06
-4.47134e-06
5.41137e-06
-4.55213e-06
4.97874e-06
-4.59553e-06
-4.60184e-06
4.55085e-06
7.7727e-06
-4.05393e-06
7.35012e-06
-4.12956e-06
6.92701e-06
-4.17243e-06
-4.18284e-06
6.508e-06
9.52663e-06
-3.66283e-06
9.1303e-06
-3.73323e-06
8.73283e-06
-3.77497e-06
-3.7883e-06
8.33829e-06
1.10875e-05
-3.30945e-06
1.07287e-05
-3.37439e-06
1.03679e-05
-3.41422e-06
-3.42914e-06
1.00087e-05
1.24373e-05
-3.00016e-06
1.21224e-05
-3.05952e-06
1.18048e-05
-3.09672e-06
-3.11194e-06
1.14876e-05
1.35597e-05
-2.73751e-06
1.32914e-05
-2.79129e-06
1.302e-05
-2.82531e-06
-2.83974e-06
1.27478e-05
1.44421e-05
-2.52127e-06
1.42204e-05
-2.56964e-06
1.39952e-05
-2.60016e-06
-2.61298e-06
1.37685e-05
1.50763e-05
-2.34945e-06
1.48994e-05
-2.39273e-06
1.47189e-05
-2.41962e-06
-2.43025e-06
1.45362e-05
1.54597e-05
-2.21902e-06
1.53246e-05
-2.25763e-06
1.51859e-05
-2.28093e-06
-2.28904e-06
1.50447e-05
1.55945e-05
-2.12638e-06
1.54977e-05
-2.16082e-06
1.53975e-05
-2.18073e-06
-2.18622e-06
1.52947e-05
1.54877e-05
-2.06771e-06
1.54255e-05
-2.09852e-06
1.53601e-05
-2.11537e-06
-2.11833e-06
1.52923e-05
1.51501e-05
-2.03905e-06
1.51185e-05
-2.06686e-06
1.50842e-05
-2.08109e-06
-2.08179e-06
1.50477e-05
1.45948e-05
-2.03641e-06
1.45899e-05
-2.0619e-06
1.45829e-05
-2.07407e-06
-2.07294e-06
1.45741e-05
1.38364e-05
-2.05572e-06
1.38542e-05
-2.07963e-06
1.38705e-05
-2.09041e-06
-2.08804e-06
1.38857e-05
1.28905e-05
-2.09274e-06
1.29267e-05
-2.11585e-06
1.29624e-05
-2.126e-06
-2.12313e-06
1.29975e-05
1.1773e-05
-2.14297e-06
1.18233e-05
-2.1661e-06
1.18737e-05
-2.17645e-06
-2.1739e-06
1.19245e-05
1.05006e-05
-2.20159e-06
1.05601e-05
-2.22554e-06
1.06205e-05
-2.23691e-06
-2.23557e-06
1.06822e-05
9.09139e-06
-2.26344e-06
9.15474e-06
-2.28889e-06
9.21987e-06
-2.30204e-06
-2.30271e-06
9.28701e-06
7.56562e-06
-2.32313e-06
7.62729e-06
-2.35058e-06
7.69128e-06
-2.36604e-06
-2.36934e-06
7.75791e-06
5.94703e-06
-2.37535e-06
6.00141e-06
-2.40497e-06
6.05831e-06
-2.42295e-06
-2.42915e-06
6.1181e-06
4.26372e-06
-2.41531e-06
4.30564e-06
-2.4469e-06
4.34987e-06
-2.4672e-06
-2.47607e-06
4.39678e-06
2.54779e-06
-2.44002e-06
2.57386e-06
-2.47298e-06
2.60155e-06
-2.4949e-06
-2.5057e-06
2.63117e-06
8.35607e-07
8.44092e-07
8.53174e-07
8.62949e-07
4.41329e-05
-1.62881e-05
3.29657e-05
-3.42247e-06
1.92361e-05
7.80135e-06
7.49961e-06
1.09189e-05
-1.60355e-06
1.01457e-05
-7.72303e-06
5.83211e-06
-1.13487e-05
1.33681e-06
-1.2302e-05
4.59619e-07
-1.06383e-05
1.23449e-06
-7.75952e-06
2.21419e-06
-5.10727e-06
2.29819e-06
-2.48344e-06
2.09882e-06
4.6923e-07
2.45655e-06
4.16027e-06
1.96868e-06
7.34478e-06
7.18608e-07
1.00625e-05
-3.31312e-06
1.44801e-05
-6.19025e-06
1.50683e-05
3.20054e-06
2.68298e-05
3.97839e-05
-1.21133e-05
2.32209e-05
1.31405e-05
5.41535e-06
2.56069e-05
-6.8727e-06
2.3207e-05
-1.49314e-05
1.82043e-05
-1.86991e-05
9.59988e-06
-2.04471e-05
3.08481e-06
-1.92566e-05
-7.30918e-07
-1.66878e-05
-1.33436e-06
-1.37747e-05
-6.98889e-07
-1.10532e-05
-4.23281e-07
-8.00009e-06
-9.54305e-07
-3.76921e-06
-1.77434e-06
1.81344e-06
-3.61398e-06
6.33846e-06
-3.80641e-06
8.453e-06
-5.42767e-06
1.24079e-05
-1.01452e-05
1.32622e-05
2.34632e-06
4.0092e-05
2.77999e-05
7.25278e-07
8.6385e-06
3.23019e-05
-1.59945e-05
5.02399e-05
-2.67248e-05
3.39372e-05
-2.53629e-05
1.68425e-05
-2.29267e-05
7.16374e-06
-2.16915e-05
1.84961e-06
-2.0444e-05
-1.97841e-06
-1.875e-05
-3.02832e-06
-1.67517e-05
-2.69722e-06
-1.45649e-05
-2.61011e-06
-1.21957e-05
-3.32349e-06
-8.5868e-06
-5.38324e-06
-3.75489e-06
-8.44588e-06
3.53724e-07
-7.91503e-06
9.83432e-07
-6.05738e-06
1.68762e-06
-1.08494e-05
2.22516e-06
1.80878e-06
4.23171e-05
-1.21806e-05
1.85259e-05
-2.98159e-05
4.99371e-05
-3.55589e-05
5.59829e-05
-2.79958e-05
2.63742e-05
-2.20095e-05
1.08561e-05
-2.07308e-05
5.88508e-06
-2.05972e-05
1.71608e-06
-2.07483e-05
-1.8273e-06
-1.9915e-05
-3.86162e-06
-1.80552e-05
-4.55708e-06
-1.61786e-05
-4.4867e-06
-1.49905e-05
-4.51159e-06
-1.35208e-05
-6.8529e-06
-1.10772e-05
-1.08896e-05
-9.25363e-06
-9.73855e-06
-1.2269e-05
-3.042e-06
-1.41892e-05
-8.92921e-06
-1.34166e-05
1.03626e-06
2.89005e-05
-3.76503e-05
3.66532e-06
-2.33478e-05
3.56349e-05
-1.1199e-05
4.38344e-05
-1.00451e-05
2.52203e-05
-1.14467e-05
1.22577e-05
-1.86893e-05
1.31277e-05
-1.89084e-05
1.93518e-06
-1.97536e-05
-9.82122e-07
-1.97873e-05
-3.82787e-06
-1.74291e-05
-6.91531e-06
-1.5521e-05
-6.39482e-06
-1.75643e-05
-2.46828e-06
-1.94742e-05
-4.94306e-06
-1.94752e-05
-1.08886e-05
-1.92892e-05
-9.92454e-06
-2.28294e-05
4.98199e-07
-2.4378e-05
-7.38055e-06
-1.90918e-05
-4.24998e-06
9.8087e-06
-4.42032e-05
-4.99308e-06
-2.39214e-05
1.53531e-05
-4.01764e-06
2.39306e-05
-1.38483e-06
2.25875e-05
-6.27364e-06
1.71465e-05
-1.10774e-05
1.79316e-05
-1.34578e-05
4.31565e-06
-1.71851e-05
2.74518e-06
-1.96763e-05
-1.33668e-06
-1.88261e-05
-7.76549e-06
-1.63101e-05
-8.91087e-06
-1.88816e-05
1.03215e-07
-2.49961e-05
1.17142e-06
-2.51886e-05
-1.0696e-05
-2.4801e-05
-1.03122e-05
-2.3641e-05
-6.61761e-07
-2.35187e-05
-7.50289e-06
-1.61349e-05
-1.16337e-05
-6.32623e-06
-4.26955e-05
-1.05165e-05
-3.25798e-05
5.2375e-06
-2.1264e-05
1.26148e-05
-1.43434e-05
1.56669e-05
-7.4811e-06
1.02843e-05
-4.7804e-06
1.52308e-05
-7.8173e-06
7.35254e-06
-1.19e-05
6.82791e-06
-1.89325e-05
5.6958e-06
-2.40808e-05
-2.61718e-06
-2.69395e-05
-6.05217e-06
-2.28067e-05
-4.02963e-06
-2.08612e-05
-7.7404e-07
-2.05711e-05
-1.09862e-05
-1.80691e-05
-1.28142e-05
-1.35714e-05
-5.15946e-06
-1.18403e-05
-9.23391e-06
-9.13681e-06
-1.43372e-05
-1.5463e-05
-4.3508e-05
-1.26487e-05
-3.72856e-05
-9.84899e-07
-3.09606e-05
6.2898e-06
-2.31833e-05
7.88953e-06
-1.819e-05
5.291e-06
-1.18174e-05
8.85821e-06
-1.04025e-05
5.93772e-06
-1.3857e-05
1.02824e-05
-2.31427e-05
1.49814e-05
-2.65401e-05
7.80225e-07
-2.44081e-05
-8.18411e-06
-1.80114e-05
-1.04264e-05
-9.15667e-06
-9.62872e-06
-5.35953e-06
-1.47834e-05
-3.94914e-06
-1.42246e-05
-4.76068e-07
-8.63256e-06
3.46855e-06
-1.31785e-05
7.66104e-06
-1.85297e-05
-7.802e-06
-4.42827e-05
-1.44263e-05
-3.83001e-05
-6.96741e-06
-3.14991e-05
-5.11231e-07
-2.50293e-05
1.41975e-06
-2.08637e-05
1.12543e-06
-1.62543e-05
4.24881e-06
-1.48841e-05
4.56754e-06
-1.68105e-05
1.22089e-05
-2.01569e-05
1.83279e-05
-1.98896e-05
5.12928e-07
-1.70504e-05
-1.10233e-05
-1.12746e-05
-1.62021e-05
-2.59744e-06
-1.83059e-05
5.32646e-06
-2.27072e-05
1.3585e-05
-2.24831e-05
1.54499e-05
-1.04975e-05
1.32926e-05
-1.10212e-05
1.12059e-05
-1.6443e-05
3.40388e-06
-3.28885e-05
-1.4993e-05
-2.96076e-05
-1.02483e-05
-2.46179e-05
-5.50103e-06
-2.13117e-05
-1.88654e-06
-1.94654e-05
-7.20811e-07
-1.73459e-05
2.12929e-06
-1.76194e-05
4.84114e-06
-1.63943e-05
1.09837e-05
-1.20787e-05
1.40123e-05
-1.11908e-05
-3.74936e-07
-9.22405e-06
-1.299e-05
-5.04808e-06
-2.03781e-05
6.37107e-07
-2.39911e-05
6.51184e-06
-2.8582e-05
1.38167e-05
-2.97879e-05
2.14667e-05
-1.81475e-05
1.98923e-05
-9.44677e-06
1.20251e-05
-8.57573e-06
1.5429e-05
-2.3913e-05
-1.51923e-05
-2.20751e-05
-1.20861e-05
-1.92427e-05
-8.33339e-06
-1.62096e-05
-4.91969e-06
-1.43648e-05
-2.56562e-06
-1.26031e-05
3.6758e-07
-1.16572e-05
3.8952e-06
-8.52216e-06
7.84872e-06
-2.45014e-06
7.9404e-06
-4.60025e-07
-2.36503e-06
8.75448e-08
-1.35376e-05
1.53626e-06
-2.18268e-05
4.36569e-06
-2.68205e-05
6.64293e-06
-3.08592e-05
7.42225e-06
-3.05673e-05
1.23847e-05
-2.31099e-05
1.41189e-05
-1.1181e-05
7.83271e-06
-2.28953e-06
2.32617e-05
-1.7606e-05
-1.53487e-05
-1.6538e-05
-1.31542e-05
-1.46958e-05
-1.01756e-05
-1.25144e-05
-7.10102e-06
-1.07304e-05
-4.34962e-06
-9.03947e-06
-1.32334e-06
-6.83061e-06
1.68635e-06
-2.99566e-06
4.01378e-06
2.13188e-06
2.81291e-06
4.71e-06
-4.94311e-06
5.95327e-06
-1.47808e-05
6.55426e-06
-2.24278e-05
6.90778e-06
-2.7174e-05
6.10771e-06
-3.00591e-05
5.04491e-06
-2.95044e-05
4.76343e-06
-2.28284e-05
4.7842e-06
-1.12017e-05
1.18339e-06
1.31126e-06
2.4445e-05
-1.31457e-05
-1.5376e-05
-1.25591e-05
-1.37409e-05
-1.13954e-05
-1.13393e-05
-9.89091e-06
-8.60551e-06
-8.35224e-06
-5.88832e-06
-6.51886e-06
-3.15675e-06
-4.02442e-06
-8.08068e-07
-4.03621e-07
3.93016e-07
3.71176e-06
-1.30244e-06
6.12443e-06
-7.35574e-06
6.86734e-06
-1.55236e-05
6.33474e-06
-2.18951e-05
4.7592e-06
-2.55985e-05
2.05808e-06
-2.73579e-05
-8.19058e-07
-2.66273e-05
-2.61788e-06
-2.10295e-05
-3.43367e-06
-1.03859e-05
-4.98634e-06
2.86393e-06
1.94587e-05
-9.80869e-06
-1.52053e-05
-9.6158e-06
-1.39338e-05
-8.97896e-06
-1.19761e-05
-7.95755e-06
-9.62695e-06
-6.68303e-06
-7.16286e-06
-4.97767e-06
-4.86212e-06
-2.65261e-06
-3.13309e-06
3.82478e-07
-2.64202e-06
3.51378e-06
-4.43373e-06
5.34436e-06
-9.18633e-06
5.17165e-06
-1.53509e-05
3.56585e-06
-2.02894e-05
9.07316e-07
-2.29399e-05
-2.51972e-06
-2.39309e-05
-6.10755e-06
-2.30394e-05
-8.56179e-06
-1.85753e-05
-9.18901e-06
-9.7587e-06
-8.21353e-06
1.88847e-06
1.12452e-05
-7.11825e-06
-1.48202e-05
-7.26134e-06
-1.37907e-05
-7.04219e-06
-1.21953e-05
-6.43663e-06
-1.02325e-05
-5.4749e-06
-8.12458e-06
-4.09098e-06
-6.24603e-06
-2.21427e-06
-5.00978e-06
5.14298e-08
-4.90769e-06
2.17261e-06
-6.55492e-06
3.07325e-06
-1.0087e-05
2.1826e-06
-1.44603e-05
-4.23113e-08
-1.80645e-05
-2.9273e-06
-2.00549e-05
-6.26237e-06
-2.05958e-05
-9.79385e-06
-1.95079e-05
-1.2304e-05
-1.60652e-05
-1.24362e-05
-9.62643e-06
-8.99916e-06
-1.54861e-06
2.24602e-06
-4.77117e-06
-1.42405e-05
-5.18618e-06
-1.33758e-05
-5.30629e-06
-1.20753e-05
-5.07464e-06
-1.04642e-05
-4.47604e-06
-8.72318e-06
-3.50604e-06
-7.21603e-06
-2.19752e-06
-6.31832e-06
-7.37559e-07
-6.36768e-06
3.7956e-07
-7.6721e-06
4.85334e-07
-1.01928e-05
-7.45438e-07
-1.32296e-05
-3.05046e-06
-1.57595e-05
-5.90865e-06
-1.71967e-05
-9.00771e-06
-1.74967e-05
-1.19421e-05
-1.65735e-05
-1.38885e-05
-1.41188e-05
-1.33404e-05
-1.01745e-05
-8.38981e-06
-6.49918e-06
-6.14381e-06
-2.59761e-06
-1.34982e-05
-3.20836e-06
-1.2765e-05
-3.59415e-06
-1.16895e-05
-3.68494e-06
-1.03734e-05
-3.44685e-06
-8.96126e-06
-2.89869e-06
-7.76419e-06
-2.14331e-06
-7.07374e-06
-1.38608e-06
-7.12496e-06
-9.90579e-07
-8.06767e-06
-1.38699e-06
-9.79646e-06
-2.77701e-06
-1.18396e-05
-4.96859e-06
-1.3568e-05
-7.58489e-06
-1.45804e-05
-1.02849e-05
-1.47968e-05
-1.26298e-05
-1.42286e-05
-1.38046e-05
-1.2944e-05
-1.24971e-05
-1.14821e-05
-7.39714e-06
-1.15991e-05
-1.3541e-05
-5.04735e-07
-1.26316e-05
-1.25253e-06
-1.20172e-05
-1.82209e-06
-1.112e-05
-2.16132e-06
-1.00342e-05
-2.2246e-06
-8.89797e-06
-2.05336e-06
-7.93545e-06
-1.75956e-06
-7.36759e-06
-1.52661e-06
-7.35797e-06
-1.61775e-06
-7.9766e-06
-2.3011e-06
-9.11316e-06
-3.68636e-06
-1.04544e-05
-5.63798e-06
-1.16164e-05
-7.87599e-06
-1.23424e-05
-1.00889e-05
-1.25839e-05
-1.18751e-05
-1.24424e-05
-1.2592e-05
-1.22271e-05
-1.1265e-05
-1.28091e-05
-6.79702e-06
-1.60672e-05
-2.0338e-05
1.55343e-06
-1.16889e-05
7.15343e-07
-1.11791e-05
2.65875e-08
-1.04312e-05
-4.74321e-07
-9.53327e-06
-7.66945e-07
-8.60536e-06
-8.89004e-07
-7.81342e-06
-9.38354e-07
-7.31828e-06
-1.06293e-06
-7.23345e-06
-1.44598e-06
-7.59359e-06
-2.25033e-06
-8.30885e-06
-3.52884e-06
-9.17595e-06
-5.1779e-06
-9.96736e-06
-6.98943e-06
-1.0531e-05
-8.71054e-06
-1.08628e-05
-1.00374e-05
-1.11156e-05
-1.05687e-05
-1.16958e-05
-9.74693e-06
-1.36309e-05
-6.47525e-06
-1.93388e-05
-2.68132e-05
3.58074e-06
-1.07188e-05
2.70193e-06
-1.03003e-05
1.94804e-06
-9.67731e-06
1.3446e-06
-8.92984e-06
8.98323e-07
-8.15909e-06
5.74553e-07
-7.48967e-06
2.95403e-07
-7.03915e-06
-4.96622e-08
-6.88841e-06
-5.8438e-07
-7.05891e-06
-1.40318e-06
-7.49007e-06
-2.52336e-06
-8.0558e-06
-3.86406e-06
-8.62669e-06
-5.26682e-06
-9.12823e-06
-6.53522e-06
-9.59447e-06
-7.45042e-06
-1.02005e-05
-7.77968e-06
-1.13666e-05
-7.29799e-06
-1.41126e-05
-5.28502e-06
-2.13518e-05
-3.20982e-05
5.55415e-06
-9.76496e-06
4.67739e-06
-9.42353e-06
3.90319e-06
-8.90311e-06
3.24794e-06
-8.2746e-06
2.71117e-06
-7.62234e-06
2.26345e-06
-7.04196e-06
1.84601e-06
-6.62173e-06
1.38023e-06
-6.42264e-06
7.84977e-07
-6.46367e-06
7.72124e-09
-6.71284e-06
-9.48297e-07
-7.0998e-06
-2.01652e-06
-7.5585e-06
-3.07517e-06
-8.0696e-06
-3.97014e-06
-8.69951e-06
-4.53726e-06
-9.63336e-06
-4.62699e-06
-1.12768e-05
-4.17435e-06
-1.45652e-05
-3.47093e-06
-2.20552e-05
-3.55691e-05
7.43549e-06
-8.86218e-06
6.59492e-06
-8.58296e-06
5.83615e-06
-8.14434e-06
5.16975e-06
-7.60822e-06
4.59222e-06
-7.04483e-06
4.07998e-06
-6.52973e-06
3.59024e-06
-6.132e-06
3.06896e-06
-5.90137e-06
2.46456e-06
-5.85928e-06
1.74808e-06
-5.99637e-06
9.31877e-07
-6.28361e-06
7.19529e-08
-6.69858e-06
-7.38677e-07
-7.25898e-06
-1.38356e-06
-8.05462e-06
-1.74286e-06
-9.27406e-06
-1.73265e-06
-1.1287e-05
-1.40359e-06
-1.48942e-05
-1.49031e-06
-2.19684e-05
-3.70595e-05
9.18192e-06
-8.03542e-06
8.40262e-06
-7.80369e-06
7.68603e-06
-7.42776e-06
7.03907e-06
-6.96128e-06
6.45743e-06
-6.46319e-06
5.92284e-06
-5.99515e-06
5.40469e-06
-5.61385e-06
4.86633e-06
-5.363e-06
4.27531e-06
-5.26825e-06
3.61633e-06
-5.33739e-06
2.90229e-06
-5.56956e-06
2.17694e-06
-5.97322e-06
1.50859e-06
-6.59062e-06
9.76575e-07
-7.52259e-06
6.56991e-07
-8.95446e-06
5.86749e-07
-1.12168e-05
6.1966e-07
-1.49271e-05
3.36441e-07
-2.16852e-05
-3.6723e-05
1.07525e-05
-7.30038e-06
1.00512e-05
-7.10236e-06
9.39527e-06
-6.77187e-06
8.78931e-06
-6.35533e-06
8.22898e-06
-5.90287e-06
7.70025e-06
-5.46641e-06
7.18109e-06
-5.09468e-06
6.64638e-06
-4.82826e-06
6.07505e-06
-4.6969e-06
5.4585e-06
-4.7208e-06
4.80672e-06
-4.91776e-06
4.14967e-06
-5.31615e-06
3.5313e-06
-5.97223e-06
2.99757e-06
-6.98884e-06
2.58061e-06
-8.53749e-06
2.26766e-06
-1.09038e-05
1.95729e-06
-1.46168e-05
1.25317e-06
-2.09811e-05
-3.54698e-05
1.21125e-05
-6.66509e-06
1.14986e-05
-6.4885e-06
1.09149e-05
-6.1882e-06
1.0364e-05
-5.80445e-06
9.84172e-06
-5.38057e-06
9.33687e-06
-4.96154e-06
8.83307e-06
-4.59085e-06
8.31226e-06
-4.30741e-06
7.75962e-06
-4.14422e-06
7.16873e-06
-4.12988e-06
6.54496e-06
-4.29395e-06
5.90509e-06
-4.67624e-06
5.27176e-06
-5.33888e-06
4.66305e-06
-6.38011e-06
4.07752e-06
-7.95195e-06
3.47066e-06
-1.02969e-05
2.71191e-06
-1.3858e-05
1.51301e-06
-1.97822e-05
-3.39568e-05
1.3235e-05
-6.13164e-06
1.27126e-05
-5.96607e-06
1.22072e-05
-5.68283e-06
1.17198e-05
-5.31706e-06
1.1246e-05
-4.90672e-06
1.07762e-05
-4.49176e-06
1.02975e-05
-4.11206e-06
9.79563e-06
-3.80551e-06
9.25877e-06
-3.60731e-06
8.68029e-06
-3.55136e-06
8.06043e-06
-3.67406e-06
7.40503e-06
-4.02081e-06
6.72064e-06
-4.65446e-06
6.00607e-06
-5.66553e-06
5.24087e-06
-7.18674e-06
4.36942e-06
-9.42549e-06
3.28006e-06
-1.27687e-05
1.78519e-06
-1.82873e-05
-3.21716e-05
1.41025e-05
-5.69799e-06
1.36715e-05
-5.53501e-06
1.32466e-05
-5.25791e-06
1.2827e-05
-4.89752e-06
1.24079e-05
-4.48753e-06
1.19802e-05
-4.06411e-06
1.15327e-05
-3.66448e-06
1.1053e-05
-3.32573e-06
1.05301e-05
-3.08441e-06
9.95623e-06
-2.97743e-06
9.32696e-06
-3.04475e-06
8.63996e-06
-3.33376e-06
7.89088e-06
-3.90536e-06
7.06731e-06
-4.84194e-06
6.14143e-06
-6.26085e-06
5.06277e-06
-8.34683e-06
3.75382e-06
-1.14597e-05
2.11477e-06
-1.66483e-05
-3.00569e-05
1.47062e-05
-5.35943e-06
1.43638e-05
-5.19259e-06
1.40188e-05
-4.91292e-06
1.36688e-05
-4.54752e-06
1.33079e-05
-4.12659e-06
1.29271e-05
-3.68325e-06
1.25153e-05
-3.2527e-06
1.20609e-05
-2.87128e-06
1.15527e-05
-2.57618e-06
1.09813e-05
-2.40592e-06
1.03385e-05
-2.40198e-06
9.61657e-06
-2.61176e-06
8.80422e-06
-3.09298e-06
7.88301e-06
-3.9207e-06
6.82288e-06
-5.20071e-06
5.58036e-06
-7.10431e-06
4.10446e-06
-9.98383e-06
2.33253e-06
-1.48764e-05
-2.77244e-05
1.50449e-05
-5.10965e-06
1.47868e-05
-4.93445e-06
1.45196e-05
-4.64568e-06
1.42393e-05
-4.26714e-06
1.39387e-05
-3.82597e-06
1.36082e-05
-3.35277e-06
1.32365e-05
-2.88098e-06
1.28115e-05
-2.44625e-06
1.23214e-05
-2.08601e-06
1.17551e-05
-1.83959e-06
1.11021e-05
-1.74896e-06
1.0351e-05
-1.86057e-06
9.48675e-06
-2.22874e-06
8.48815e-06
-2.92208e-06
7.3248e-06
-4.03735e-06
5.95696e-06
-5.73647e-06
4.34383e-06
-8.37071e-06
2.49421e-06
-1.30267e-05
-2.52302e-05
1.51242e-05
-4.94154e-06
1.49451e-05
-4.75532e-06
1.47525e-05
-4.4531e-06
1.4541e-05
-4.05557e-06
1.43021e-05
-3.58709e-06
1.40253e-05
-3.07592e-06
1.36983e-05
-2.55391e-06
1.33081e-05
-2.05602e-06
1.28419e-05
-1.6198e-06
1.22874e-05
-1.2851e-06
1.16326e-05
-1.09408e-06
1.08641e-05
-1.09212e-06
9.96586e-06
-1.33045e-06
8.91614e-06
-1.87235e-06
7.68628e-06
-2.80749e-06
6.2392e-06
-4.28939e-06
4.53093e-06
-6.66245e-06
2.60468e-06
-1.11005e-05
-2.26255e-05
1.49538e-05
-4.84757e-06
1.4848e-05
-4.64947e-06
1.47265e-05
-4.33159e-06
1.45826e-05
-3.91162e-06
1.44067e-05
-3.41113e-06
1.41869e-05
-2.85608e-06
1.39098e-05
-2.27673e-06
1.35611e-05
-1.70732e-06
1.31269e-05
-1.18556e-06
1.25938e-05
-7.51956e-07
1.19488e-05
-4.49138e-07
1.11785e-05
-3.21824e-07
1.02669e-05
-4.18802e-07
9.19408e-06
-7.99518e-07
7.93564e-06
-1.54904e-06
6.46117e-06
-2.81494e-06
4.7266e-06
-4.92788e-06
2.67086e-06
-9.04477e-06
-1.99546e-05
1.45465e-05
-4.82003e-06
1.4508e-05
-4.61089e-06
1.44538e-05
-4.27733e-06
1.43762e-05
-3.83394e-06
1.42645e-05
-3.29938e-06
1.41055e-05
-2.69711e-06
1.38844e-05
-2.0556e-06
1.35854e-05
-1.4083e-06
1.31931e-05
-7.93173e-07
1.26929e-05
-2.51803e-07
1.20718e-05
1.72012e-07
1.13165e-05
4.33525e-07
1.04118e-05
4.85901e-07
9.33961e-06
2.72645e-07
8.07989e-06
-2.89323e-07
6.6117e-06
-1.34674e-06
4.90502e-06
-3.22121e-06
2.75489e-06
-6.89464e-06
-1.71997e-05
1.39166e-05
-4.85087e-06
1.3939e-05
-4.63323e-06
1.39478e-05
-4.28614e-06
1.39349e-05
-3.82096e-06
1.38887e-05
-3.25317e-06
1.3795e-05
-2.60333e-06
1.36372e-05
-1.8977e-06
1.33975e-05
-1.16861e-06
1.30587e-05
-4.54344e-07
1.26051e-05
2.01831e-07
1.20232e-05
7.53867e-07
1.13006e-05
1.15618e-06
1.04221e-05
1.36445e-06
9.36826e-06
1.32647e-06
8.11758e-06
9.61368e-07
6.64956e-06
1.21283e-07
4.93786e-06
-1.5095e-06
2.8518e-06
-4.80857e-06
-1.43479e-05
1.30782e-05
-4.93154e-06
1.31545e-05
-4.7095e-06
1.32216e-05
-4.35321e-06
1.32714e-05
-3.87062e-06
1.32919e-05
-3.27368e-06
1.32681e-05
-2.57945e-06
1.31817e-05
-1.81126e-06
1.30127e-05
-9.99627e-07
1.27414e-05
-1.82942e-07
1.23501e-05
5.9315e-07
1.18253e-05
1.27865e-06
1.11557e-05
1.82578e-06
1.03255e-05
2.1947e-06
9.30938e-06
2.34263e-06
8.07401e-06
2.19676e-06
6.58036e-06
1.61495e-06
4.77816e-06
2.92719e-07
2.60614e-06
-2.63652e-06
-1.17418e-05
1.20455e-05
-5.0525e-06
1.21676e-05
-4.83152e-06
1.22869e-05
-4.4724e-06
1.23959e-05
-3.97961e-06
1.24834e-05
-3.36116e-06
1.2534e-05
-2.62997e-06
1.25281e-05
-1.80528e-06
1.2443e-05
-9.14575e-07
1.22556e-05
4.52253e-09
1.19454e-05
9.03379e-07
1.14988e-05
1.72529e-06
1.09078e-05
2.41679e-06
1.01574e-05
2.94516e-06
9.21431e-06
3.28572e-06
8.02835e-06
3.38275e-06
6.53388e-06
3.10945e-06
4.65136e-06
2.17527e-06
2.30308e-06
-2.88218e-07
-9.43867e-06
1.08325e-05
-5.20275e-06
1.09903e-05
-4.98927e-06
1.11533e-05
-4.63535e-06
1.13158e-05
-4.14215e-06
1.14684e-05
-3.51363e-06
1.15963e-05
-2.75784e-06
1.16796e-05
-1.8886e-06
1.16933e-05
-9.28249e-07
1.16095e-05
8.84106e-08
1.14029e-05
1.11e-06
1.10592e-05
2.06903e-06
1.05783e-05
2.89769e-06
9.95136e-06
3.57211e-06
9.13845e-06
4.09866e-06
8.07403e-06
4.44719e-06
6.67275e-06
4.51075e-06
4.83869e-06
4.00935e-06
2.50968e-06
2.04082e-06
-6.92898e-06
9.45372e-06
-5.36944e-06
9.63451e-06
-5.17005e-06
9.82938e-06
-4.8302e-06
1.00356e-05
-4.3483e-06
1.02465e-05
-3.72459e-06
1.04507e-05
-2.962e-06
1.06297e-05
-2.06759e-06
1.07571e-05
-1.05568e-06
1.07998e-05
4.58034e-08
1.0724e-05
1.1858e-06
1.05112e-05
2.28179e-06
1.01766e-05
3.23233e-06
9.72716e-06
4.02158e-06
9.11733e-06
4.70851e-06
8.26701e-06
5.29754e-06
7.07128e-06
5.7065e-06
5.40291e-06
5.67774e-06
3.12921e-06
4.31454e-06
-3.79976e-06
7.92618e-06
-5.53771e-06
8.11415e-06
-5.35803e-06
8.32445e-06
-5.04051e-06
8.55804e-06
-4.58189e-06
8.81329e-06
-3.97984e-06
9.0843e-06
-3.23302e-06
9.35808e-06
-2.34137e-06
9.61065e-06
-1.30826e-06
9.80485e-06
-1.48392e-07
9.89354e-06
1.09712e-06
9.84365e-06
2.33168e-06
9.69465e-06
3.38133e-06
9.48499e-06
4.23126e-06
9.16187e-06
5.03163e-06
8.63001e-06
5.82941e-06
7.76195e-06
6.57458e-06
6.36434e-06
7.07537e-06
4.11633e-06
6.56256e-06
3.16578e-07
6.27168e-06
-5.69131e-06
6.44808e-06
-5.53445e-06
6.65228e-06
-5.24473e-06
6.8892e-06
-4.81882e-06
7.16326e-06
-4.25392e-06
7.47719e-06
-3.54697e-06
7.82886e-06
-2.69306e-06
8.20519e-06
-1.6846e-06
8.5724e-06
-5.15613e-07
8.86834e-06
8.01162e-07
9.02146e-06
2.17856e-06
9.10139e-06
3.3014e-06
9.20388e-06
4.12876e-06
9.25879e-06
4.97673e-06
9.16082e-06
5.92739e-06
8.78013e-06
6.95527e-06
7.86082e-06
7.99468e-06
5.78262e-06
8.64077e-06
6.0992e-06
4.51965e-06
-5.8142e-06
4.66427e-06
-5.6791e-06
4.83698e-06
-5.41747e-06
5.04546e-06
-5.02733e-06
5.29951e-06
-4.50799e-06
5.61145e-06
-3.85894e-06
5.99513e-06
-3.07676e-06
6.46079e-06
-2.15028e-06
7.0006e-06
-1.05543e-06
7.55376e-06
2.47982e-07
7.97082e-06
1.76149e-06
8.33419e-06
2.93802e-06
8.84365e-06
3.61929e-06
9.36788e-06
4.45249e-06
9.81037e-06
5.4849e-06
1.00931e-05
6.67256e-06
9.91289e-06
8.17486e-06
8.15058e-06
1.04031e-05
1.42498e-05
2.70928e-06
-5.89233e-06
2.80361e-06
-5.77345e-06
2.91952e-06
-5.5334e-06
3.06449e-06
-5.17232e-06
3.24974e-06
-4.69326e-06
3.49286e-06
-4.10209e-06
3.82114e-06
-3.40506e-06
4.27441e-06
-2.60356e-06
4.90254e-06
-1.68359e-06
5.73822e-06
-5.87708e-07
6.52591e-06
9.73796e-07
7.32274e-06
2.14118e-06
8.38537e-06
2.55666e-06
9.45104e-06
3.38681e-06
1.05067e-05
4.42923e-06
1.1689e-05
5.49028e-06
1.31543e-05
6.70955e-06
1.36512e-05
9.90615e-06
2.7901e-05
8.88783e-07
9.20949e-07
9.61718e-07
1.01459e-06
1.08561e-06
1.18611e-06
1.33817e-06
1.58498e-06
2.01599e-06
2.81741e-06
4.31886e-06
6.23892e-06
7.97155e-06
9.53185e-06
1.10907e-05
1.30205e-05
1.58556e-05
1.94403e-05
)
;

boundaryField
{
    leftWall
    {
        type            calculated;
        value           uniform 0;
    }
    rightWall
    {
        type            calculated;
        value           uniform 0;
    }
    lowerWall
    {
        type            calculated;
        value           uniform 0;
    }
    atmosphere
    {
        type            calculated;
        value           nonuniform List<scalar> 
46
(
1.5047e-06
1.59317e-06
1.73897e-06
1.84319e-06
1.8875e-06
1.866e-06
1.77483e-06
1.6118e-06
1.37642e-06
1.06669e-06
6.77139e-07
2.20052e-07
-2.9243e-07
-8.37899e-07
-1.43277e-06
-2.01472e-06
-2.57268e-06
-3.10054e-06
-3.59147e-06
-4.03798e-06
-4.43244e-06
-4.76766e-06
-5.03675e-06
-2.44801e-06
-2.48147e-06
-2.50399e-06
-2.51548e-06
-5.91818e-06
-5.80563e-06
-5.57419e-06
-5.2252e-06
-4.76429e-06
-4.2026e-06
-3.55713e-06
-2.85038e-06
-2.11461e-06
-1.38914e-06
-5.27655e-07
2.21115e-07
8.24023e-07
1.82651e-06
2.87042e-06
3.56046e-06
3.87446e-06
6.32141e-06
4.73413e-05
)
;
    }
    defaultFaces
    {
        type            empty;
        value           nonuniform List<scalar> 0();
    }
}


// ************************************************************************* //
