/*--------------------------------*- C++ -*----------------------------------*\
  =========                 |
  \\      /  F ield         | OpenFOAM: The Open Source CFD Toolbox
   \\    /   O peration     | Website:  https://openfoam.org
    \\  /    A nd           | Version:  9
     \\/     M anipulation  |
\*---------------------------------------------------------------------------*/
FoamFile
{
    format      ascii;
    class       volVectorField;
    location    "0.94";
    object      U;
}
// * * * * * * * * * * * * * * * * * * * * * * * * * * * * * * * * * * * * * //

dimensions      [0 1 -1 0 0 0 0];

internalField   nonuniform List<vector> 
2268
(
(0.00194563 0.00122672 0)
(-0.0201721 0.00903337 0)
(-0.0573831 0.00978436 0)
(-0.0908286 0.00977992 0)
(-0.125535 0.00979314 0)
(-0.159267 0.00959005 0)
(-0.191193 0.00910017 0)
(-0.220241 0.00830312 0)
(-0.245318 0.00715758 0)
(-0.265063 0.00553572 0)
(-0.277924 0.00322198 0)
(-0.282132 0.000190043 0)
(-0.275633 -0.00324136 0)
(-0.259647 -0.00626579 0)
(-0.235713 -0.00886858 0)
(-0.204665 -0.0112764 0)
(-0.167365 -0.0139095 0)
(-0.123666 -0.0166625 0)
(-0.0737174 -0.0195849 0)
(-0.0180028 -0.0212985 0)
(0.0354522 -0.0188727 0)
(0.0749009 -0.00185572 0)
(0.0542365 0.0169296 0)
(-0.0137063 0.00747001 0)
(-0.040944 0.0229557 0)
(-0.0801452 0.0256701 0)
(-0.11732 0.0257176 0)
(-0.15426 0.025222 0)
(-0.188884 0.0239799 0)
(-0.220173 0.0219829 0)
(-0.247053 0.019192 0)
(-0.268393 0.0154995 0)
(-0.282901 0.0107728 0)
(-0.289443 0.00497393 0)
(-0.287741 -0.00162991 0)
(-0.278776 -0.00840867 0)
(-0.262392 -0.0146002 0)
(-0.238874 -0.0201094 0)
(-0.208728 -0.0249548 0)
(-0.173292 -0.0292685 0)
(-0.134352 -0.0332106 0)
(-0.0925539 -0.0372033 0)
(-0.0478344 -0.0392717 0)
(-0.0039242 -0.0331382 0)
(0.0325158 -0.00559728 0)
(0.0433875 0.0409799 0)
(-0.0223123 0.023205 0)
(-0.0501837 0.0394207 0)
(-0.0875103 0.0429112 0)
(-0.124123 0.0427603 0)
(-0.159869 0.0414141 0)
(-0.193135 0.0387967 0)
(-0.223011 0.0349471 0)
(-0.248562 0.0298191 0)
(-0.268764 0.0232535 0)
(-0.282467 0.0151413 0)
(-0.288674 0.00568921 0)
(-0.287012 -0.00445647 0)
(-0.27781 -0.014418 0)
(-0.261429 -0.0236934 0)
(-0.238218 -0.0321095 0)
(-0.208833 -0.0393972 0)
(-0.175204 -0.0451174 0)
(-0.140096 -0.0496854 0)
(-0.104729 -0.0543009 0)
(-0.0682898 -0.0570888 0)
(-0.0317712 -0.0499016 0)
(0.00150883 -0.017939 0)
(0.0222841 0.0513577 0)
(-0.0260922 0.0410201 0)
(-0.0552715 0.0559687 0)
(-0.0916534 0.0599328 0)
(-0.127633 0.059569 0)
(-0.162345 0.0573324 0)
(-0.194574 0.0533532 0)
(-0.223527 0.0477213 0)
(-0.248361 0.0403705 0)
(-0.26811 0.0310862 0)
(-0.281656 0.0197633 0)
(-0.287971 0.00676763 0)
(-0.286532 -0.00697376 0)
(-0.277477 -0.0203869 0)
(-0.261249 -0.03289 0)
(-0.238215 -0.0442953 0)
(-0.209102 -0.0539128 0)
(-0.176488 -0.0605999 0)
(-0.14433 -0.0650046 0)
(-0.114462 -0.0695222 0)
(-0.0850817 -0.0728366 0)
(-0.0547377 -0.0654925 0)
(-0.0242975 -0.0307117 0)
(0.00397669 0.0515543 0)
(-0.0274854 0.0598176 0)
(-0.0584034 0.0727307 0)
(-0.0943675 0.076788 0)
(-0.129821 0.0761024 0)
(-0.1637 0.0729447 0)
(-0.195135 0.067636 0)
(-0.223454 0.0603021 0)
(-0.247912 0.0508367 0)
(-0.267596 0.0389494 0)
(-0.28138 0.0245079 0)
(-0.288131 0.00799806 0)
(-0.287163 -0.00937854 0)
(-0.278486 -0.0263168 0)
(-0.262531 -0.0421456 0)
(-0.23955 -0.0566465 0)
(-0.210168 -0.0685332 0)
(-0.177664 -0.0756392 0)
(-0.147549 -0.0788053 0)
(-0.122475 -0.0822197 0)
(-0.0994283 -0.0857746 0)
(-0.0746187 -0.079119 0)
(-0.0466591 -0.0443037 0)
(-0.014089 0.0413893 0)
(-0.0278701 0.0793264 0)
(-0.0603729 0.0898086 0)
(-0.0960406 0.0934974 0)
(-0.131006 0.0923238 0)
(-0.164195 0.0882208 0)
(-0.195024 0.0816369 0)
(-0.222954 0.0727102 0)
(-0.247344 0.0612762 0)
(-0.267343 0.0469407 0)
(-0.281786 0.0294992 0)
(-0.289372 0.0095173 0)
(-0.289205 -0.0115253 0)
(-0.281181 -0.0320459 0)
(-0.265693 -0.0512858 0)
(-0.242719 -0.0690644 0)
(-0.21252 -0.0833556 0)
(-0.17907 -0.0904236 0)
(-0.149928 -0.0911257 0)
(-0.128995 -0.0922475 0)
(-0.111897 -0.0957612 0)
(-0.0923837 -0.0906311 0)
(-0.0666636 -0.0588823 0)
(-0.0315348 0.0219262 0)
(-0.0278709 0.099267 0)
(-0.0614738 0.107122 0)
(-0.0967532 0.110056 0)
(-0.131202 0.108259 0)
(-0.163801 0.103216 0)
(-0.19419 0.0954396 0)
(-0.221959 0.0850618 0)
(-0.246591 0.0718448 0)
(-0.267312 0.0552534 0)
(-0.282897 0.0349443 0)
(-0.291807 0.0115132 0)
(-0.292882 -0.013249 0)
(-0.285899 -0.0374157 0)
(-0.271221 -0.060205 0)
(-0.248394 -0.0817211 0)
(-0.216919 -0.0990066 0)
(-0.181294 -0.10579 0)
(-0.151725 -0.102635 0)
(-0.134189 -0.0999891 0)
(-0.122937 -0.103002 0)
(-0.108881 -0.10016 0)
(-0.0858165 -0.07458 0)
(-0.0446023 -0.000728218 0)
(-0.0277158 0.11934 0)
(-0.0617465 0.1245 0)
(-0.0964458 0.126405 0)
(-0.130312 0.123911 0)
(-0.162399 0.117986 0)
(-0.192497 0.109143 0)
(-0.220331 0.0975015 0)
(-0.245525 0.0827417 0)
(-0.267412 0.0641389 0)
(-0.284698 0.0411103 0)
(-0.295536 0.0142089 0)
(-0.29844 -0.0143956 0)
(-0.293062 -0.0423337 0)
(-0.279797 -0.0690442 0)
(-0.257579 -0.0952165 0)
(-0.224578 -0.116278 0)
(-0.185333 -0.12216 0)
(-0.153303 -0.113684 0)
(-0.138016 -0.106117 0)
(-0.132759 -0.108192 0)
(-0.124822 -0.107832 0)
(-0.10523 -0.0923087 0)
(-0.0616432 -0.0459654 0)
(0.101731 -0.0453504 0)
(0.0201789 0.0467286 0)
(-0.276817 0.0733967 0)
(-0.525097 0.0604818 0)
(-0.681833 0.0245028 0)
(-0.713845 -0.00904739 0)
(-0.642022 -0.0325967 0)
(-0.523037 -0.0425236 0)
(-0.383801 -0.0443016 0)
(-0.263406 -0.0308223 0)
(-0.204999 -0.00571016 0)
(-0.213991 0.00944357 0)
(-0.24459 0.00754451 0)
(-0.250139 -0.00341954 0)
(-0.21305 -0.0188775 0)
(-0.142544 -0.0287229 0)
(-0.0576793 -0.0312004 0)
(0.0151369 -0.0249227 0)
(0.0805754 0.0131701 0)
(-0.0357284 -0.0138732 0)
(-0.176143 0.136861 0)
(-0.464995 0.158762 0)
(-0.623634 0.118879 0)
(-0.682241 0.0556884 0)
(-0.67652 -0.00884381 0)
(-0.622314 -0.0580731 0)
(-0.518047 -0.0824346 0)
(-0.395017 -0.0851475 0)
(-0.283301 -0.0593153 0)
(-0.2225 -0.0147527 0)
(-0.218834 0.010665 0)
(-0.230607 0.00876753 0)
(-0.222124 -0.00952303 0)
(-0.190774 -0.032373 0)
(-0.140387 -0.0474615 0)
(-0.0860006 -0.0505996 0)
(-0.040624 -0.0393973 0)
(0.032 0.0257684 0)
(-0.11729 0.0568111 0)
(-0.287189 0.221881 0)
(-0.491141 0.225948 0)
(-0.5782 0.155526 0)
(-0.625964 0.0669138 0)
(-0.631934 -0.0213282 0)
(-0.58371 -0.0913089 0)
(-0.495474 -0.12789 0)
(-0.389238 -0.132187 0)
(-0.285522 -0.0947208 0)
(-0.217929 -0.0276308 0)
(-0.205681 0.010626 0)
(-0.208069 0.00732732 0)
(-0.194711 -0.01821 0)
(-0.16233 -0.0467099 0)
(-0.120941 -0.0644029 0)
(-0.0881741 -0.0663501 0)
(-0.0681583 -0.0561089 0)
(-0.0234214 0.0108712 0)
(-0.16209 0.152408 0)
(-0.326825 0.296945 0)
(-0.470816 0.275436 0)
(-0.537677 0.181875 0)
(-0.581055 0.0765684 0)
(-0.585818 -0.0319128 0)
(-0.542331 -0.120136 0)
(-0.466567 -0.167362 0)
(-0.376375 -0.175178 0)
(-0.282341 -0.133627 0)
(-0.209841 -0.0488557 0)
(-0.184498 0.00782655 0)
(-0.179909 0.0047625 0)
(-0.161997 -0.0277592 0)
(-0.126909 -0.0621869 0)
(-0.0917787 -0.0783045 0)
(-0.0754392 -0.0735958 0)
(-0.0762882 -0.0648012 0)
(-0.0518233 -0.0146734 0)
(-0.181469 0.255352 0)
(-0.324794 0.359118 0)
(-0.426616 0.313329 0)
(-0.484518 0.204792 0)
(-0.531515 0.0855505 0)
(-0.542415 -0.0403507 0)
(-0.499478 -0.142227 0)
(-0.43033 -0.200191 0)
(-0.35285 -0.211936 0)
(-0.272657 -0.168414 0)
(-0.203133 -0.0735482 0)
(-0.163269 -0.00249518 0)
(-0.147874 -0.00169091 0)
(-0.122899 -0.04025 0)
(-0.0879631 -0.0775371 0)
(-0.0624673 -0.0874758 0)
(-0.056237 -0.0750257 0)
(-0.0692563 -0.0679177 0)
(-0.0638229 -0.0458381 0)
(-0.186826 0.358453 0)
(-0.301619 0.407488 0)
(-0.3678 0.341504 0)
(-0.415575 0.227056 0)
(-0.473614 0.100785 0)
(-0.501822 -0.041216 0)
(-0.449601 -0.158661 0)
(-0.381742 -0.223802 0)
(-0.320124 -0.240503 0)
(-0.25743 -0.198015 0)
(-0.192636 -0.0967364 0)
(-0.139071 -0.0195411 0)
(-0.110597 -0.0145491 0)
(-0.0832193 -0.0534022 0)
(-0.0541359 -0.0892044 0)
(-0.0362078 -0.0928002 0)
(-0.0333616 -0.0746988 0)
(-0.047472 -0.0700865 0)
(-0.059287 -0.0820866 0)
(-0.187414 0.456868 0)
(-0.272286 0.441334 0)
(-0.305411 0.35871 0)
(-0.340591 0.248686 0)
(-0.428108 0.13441 0)
(-0.47812 -0.0441683 0)
(-0.386395 -0.193101 0)
(-0.307239 -0.24545 0)
(-0.276788 -0.254016 0)
(-0.236038 -0.218429 0)
(-0.170973 -0.115536 0)
(-0.100192 -0.0356711 0)
(-0.0650616 -0.028341 0)
(-0.041691 -0.0645808 0)
(-0.0204941 -0.0978379 0)
(-0.00784409 -0.0978899 0)
(0.00616908 -0.0715355 0)
(0.00419418 -0.0580888 0)
(-0.0151107 -0.0874446 0)
(-0.193117 0.555618 0)
(-0.249584 0.457925 0)
(-0.251966 0.365889 0)
(-0.267726 0.283685 0)
(-0.414527 0.182328 0)
(-0.402721 -0.0771432 0)
(-0.275281 -0.254322 0)
(-0.200817 -0.288201 0)
(-0.211782 -0.260439 0)
(-0.188055 -0.239751 0)
(-0.10053 -0.139322 0)
(-0.0177274 -0.0431772 0)
(0.00534829 -0.0333286 0)
(0.0154114 -0.0731871 0)
(0.0271756 -0.107582 0)
(0.0402154 -0.10297 0)
(0.101187 -0.0736615 0)
(0.121151 -0.0453668 0)
(0.0798941 -0.0721619 0)
(-0.0274784 0.150165 0)
(-0.0606785 0.151497 0)
(-0.0941485 0.151436 0)
(-0.126991 0.147796 0)
(-0.15839 0.140696 0)
(-0.188262 0.130489 0)
(-0.216541 0.117265 0)
(-0.243131 0.100581 0)
(-0.267608 0.0793289 0)
(-0.288578 0.0523233 0)
(-0.303599 0.0198866 0)
(-0.310645 -0.0150076 0)
(-0.309339 -0.0492321 0)
(-0.300095 -0.0831946 0)
(-0.280159 -0.117836 0)
(-0.244912 -0.144309 0)
(-0.197964 -0.149107 0)
(-0.156584 -0.131295 0)
(-0.14196 -0.114054 0)
(-0.147294 -0.114804 0)
(-0.153038 -0.117426 0)
(-0.144014 -0.117586 0)
(-0.112938 -0.108358 0)
(-0.0242373 0.189381 0)
(-0.05401 0.186942 0)
(-0.0851515 0.184474 0)
(-0.116221 0.17987 0)
(-0.146891 0.17217 0)
(-0.177066 0.161306 0)
(-0.206905 0.147408 0)
(-0.236875 0.130015 0)
(-0.267259 0.107356 0)
(-0.296708 0.0768828 0)
(-0.321699 0.0377832 0)
(-0.339599 -0.0067153 0)
(-0.350479 -0.0520567 0)
(-0.352704 -0.0955869 0)
(-0.340098 -0.137294 0)
(-0.303773 -0.17952 0)
(-0.240975 -0.201526 0)
(-0.173554 -0.162559 0)
(-0.151038 -0.110008 0)
(-0.175395 -0.0980571 0)
(-0.23625 -0.10391 0)
(-0.272468 -0.133944 0)
(-0.290955 -0.0934661 0)
(-0.0162816 0.220622 0)
(-0.0395503 0.218614 0)
(-0.067373 0.215468 0)
(-0.0962258 0.210918 0)
(-0.126399 0.203078 0)
(-0.157533 0.191694 0)
(-0.189796 0.17741 0)
(-0.224066 0.160368 0)
(-0.261549 0.13838 0)
(-0.301789 0.107174 0)
(-0.342893 0.064074 0)
(-0.384439 0.013472 0)
(-0.422275 -0.0343191 0)
(-0.449146 -0.0765481 0)
(-0.45418 -0.140223 0)
(-0.433978 -0.245917 0)
(-0.380408 -0.295569 0)
(-0.288575 -0.222689 0)
(-0.202057 -0.0831754 0)
(-0.195129 -0.0345791 0)
(-0.36137 -0.0494316 0)
(-0.384216 -0.10092 0)
(-0.412475 -0.0451514 0)
(-0.0049695 0.244114 0)
(-0.0161839 0.243918 0)
(-0.0405597 0.240427 0)
(-0.0666432 0.235372 0)
(-0.0959086 0.226653 0)
(-0.12791 0.214654 0)
(-0.162852 0.200841 0)
(-0.201661 0.186191 0)
(-0.245663 0.167895 0)
(-0.297331 0.139822 0)
(-0.366041 0.0987143 0)
(-0.46621 0.0612684 0)
(-0.57273 0.0276659 0)
(-0.667056 -0.0345168 0)
(-0.705301 -0.157691 0)
(-0.667368 -0.305631 0)
(-0.613025 -0.379893 0)
(-0.542704 -0.351759 0)
(-0.346864 -0.141083 0)
(-0.115844 0.0927824 0)
(-0.31954 0.0747077 0)
(-0.38004 -0.0413181 0)
(-0.405787 -0.0129034 0)
(0.00052983 0.250734 0)
(0.0138249 0.256159 0)
(-0.00934751 0.254038 0)
(-0.0332969 0.25176 0)
(-0.0625318 0.24502 0)
(-0.0962566 0.23377 0)
(-0.134796 0.219295 0)
(-0.177788 0.204035 0)
(-0.222385 0.186697 0)
(-0.27421 0.16464 0)
(-0.374577 0.142106 0)
(-0.676643 0.132125 0)
(-0.802683 0.0885371 0)
(-0.832724 -0.0140621 0)
(-0.842352 -0.16322 0)
(-0.82417 -0.327062 0)
(-0.795016 -0.438461 0)
(-0.769518 -0.478414 0)
(-0.694868 -0.410099 0)
(-0.265014 -0.0662767 0)
(-0.128097 0.146093 0)
(-0.311437 0.0122063 0)
(-0.338711 0.01663 0)
(-0.0411778 0.237789 0)
(0.0281033 0.255655 0)
(-0.0054178 0.261387 0)
(-0.029165 0.266621 0)
(-0.055977 0.272832 0)
(-0.0877754 0.287446 0)
(-0.129856 0.321038 0)
(-0.186475 0.353493 0)
(-0.260513 0.363312 0)
(-0.375673 0.425321 0)
(-0.538856 0.606656 0)
(-0.730401 0.615251 0)
(-0.794053 0.146576 0)
(-0.815408 -0.000600668 0)
(-0.843213 -0.185511 0)
(-0.871566 -0.344567 0)
(-0.883406 -0.455692 0)
(-0.874707 -0.521228 0)
(-0.850783 -0.52882 0)
(-0.750281 -0.433637 0)
(-0.324262 -0.0278153 0)
(-0.120505 0.132474 0)
(-0.274825 0.0225359 0)
(-0.0854044 0.229312 0)
(-0.0209877 0.24661 0)
(-0.0585739 0.347223 0)
(-0.0798404 0.366362 0)
(-0.114421 0.377084 0)
(-0.151989 0.378509 0)
(-0.189853 0.373041 0)
(-0.22965 0.368674 0)
(-0.284174 0.387609 0)
(-0.358279 0.468206 0)
(-0.428231 0.60795 0)
(-0.491266 0.624308 0)
(-0.559964 0.33113 0)
(-0.658624 0.0565867 0)
(-0.728962 -0.150796 0)
(-0.864334 -0.336363 0)
(-0.904139 -0.46207 0)
(-0.912636 -0.533658 0)
(-0.904792 -0.563559 0)
(-0.872723 -0.545752 0)
(-0.767008 -0.461202 0)
(-0.376025 -0.0903401 0)
(-0.101289 0.139126 0)
(-0.0347174 0.302712 0)
(-0.0534825 0.262841 0)
(-0.0929138 0.333371 0)
(-0.112041 0.356139 0)
(-0.137545 0.364965 0)
(-0.163511 0.36928 0)
(-0.189716 0.375613 0)
(-0.219728 0.392331 0)
(-0.260398 0.43329 0)
(-0.304651 0.511391 0)
(-0.325877 0.596288 0)
(-0.332105 0.574243 0)
(-0.389686 0.393336 0)
(-0.521094 0.217972 0)
(-0.676215 0.0987797 0)
(-0.775037 -0.149647 0)
(-0.86436 -0.444925 0)
(-0.900793 -0.531731 0)
(-0.900655 -0.574775 0)
(-0.88293 -0.580478 0)
(-0.840891 -0.550879 0)
(-0.742219 -0.46828 0)
(-0.452232 -0.246848 0)
(-0.00740939 0.338514 0)
(-0.0538468 0.311311 0)
(-0.0895749 0.348061 0)
(-0.104961 0.366841 0)
(-0.121184 0.377162 0)
(-0.137523 0.386129 0)
(-0.155974 0.40011 0)
(-0.178649 0.426212 0)
(-0.205881 0.473108 0)
(-0.229645 0.5429 0)
(-0.234311 0.60552 0)
(-0.22928 0.588864 0)
(-0.266827 0.464299 0)
(-0.363537 0.312066 0)
(-0.475657 0.161646 0)
(-0.591313 -0.02317 0)
(-0.724887 -0.265078 0)
(-0.842101 -0.514841 0)
(-0.861946 -0.576413 0)
(-0.856247 -0.59686 0)
(-0.828795 -0.582181 0)
(-0.781129 -0.534758 0)
(-0.707838 -0.439832 0)
(0.00382744 0.35713 0)
(-0.0346144 0.355051 0)
(-0.0614794 0.373479 0)
(-0.0742798 0.385609 0)
(-0.085682 0.394639 0)
(-0.0969358 0.404444 0)
(-0.109718 0.420073 0)
(-0.124253 0.447507 0)
(-0.138246 0.49198 0)
(-0.145403 0.551311 0)
(-0.138864 0.603278 0)
(-0.127297 0.603141 0)
(-0.142773 0.526035 0)
(-0.199178 0.402032 0)
(-0.275655 0.249285 0)
(-0.36678 0.0583143 0)
(-0.486481 -0.151238 0)
(-0.630078 -0.362969 0)
(-0.784234 -0.560264 0)
(-0.814001 -0.603716 0)
(-0.806078 -0.602481 0)
(-0.776153 -0.561547 0)
(-0.729042 -0.491932 0)
(0.00610114 0.367108 0)
(-0.0139333 0.381729 0)
(-0.0297308 0.390456 0)
(-0.0382684 0.397346 0)
(-0.0454318 0.404626 0)
(-0.0521267 0.414455 0)
(-0.0589999 0.430319 0)
(-0.06518 0.456395 0)
(-0.0677591 0.495418 0)
(-0.0620034 0.544108 0)
(-0.0448213 0.586876 0)
(-0.0230624 0.595952 0)
(-0.0164839 0.550506 0)
(-0.0382425 0.456479 0)
(-0.0834697 0.323609 0)
(-0.150735 0.155296 0)
(-0.24781 -0.0313029 0)
(-0.374381 -0.216321 0)
(-0.521527 -0.402231 0)
(-0.688384 -0.577933 0)
(-0.786293 -0.61234 0)
(-0.768558 -0.583699 0)
(-0.729873 -0.516949 0)
(0.00570787 0.366357 0)
(0.00129981 0.392618 0)
(-0.00381156 0.397652 0)
(-0.00604243 0.402222 0)
(-0.00774974 0.408614 0)
(-0.00896319 0.418167 0)
(-0.00943013 0.433127 0)
(-0.00771515 0.456096 0)
(-0.000963817 0.488374 0)
(0.014461 0.526884 0)
(0.0403184 0.560792 0)
(0.0719107 0.572072 0)
(0.0964865 0.544714 0)
(0.102033 0.475291 0)
(0.084534 0.367581 0)
(0.0417064 0.227743 0)
(-0.0301922 0.0697667 0)
(-0.131051 -0.0887859 0)
(-0.258671 -0.239981 0)
(-0.409622 -0.387106 0)
(-0.557736 -0.524945 0)
(-0.766838 -0.600995 0)
(-0.777033 -0.546627 0)
(0.00597761 0.359408 0)
(0.0113192 0.392074 0)
(0.0149771 0.396754 0)
(0.0194028 0.400929 0)
(0.0238458 0.406998 0)
(0.0286722 0.415896 0)
(0.0346787 0.429049 0)
(0.0435089 0.44797 0)
(0.0577082 0.473175 0)
(0.0801081 0.502145 0)
(0.112 0.527495 0)
(0.15042 0.537271 0)
(0.18699 0.519595 0)
(0.211655 0.468627 0)
(0.217122 0.38467 0)
(0.198508 0.272785 0)
(0.152913 0.143484 0)
(0.0812657 0.00971646 0)
(-0.0132759 -0.119078 0)
(-0.125229 -0.236924 0)
(-0.238339 -0.343076 0)
(-0.353151 -0.474181 0)
(-0.434359 -0.641311 0)
(0.00685619 0.349135 0)
(0.0175781 0.384091 0)
(0.0276617 0.38898 0)
(0.0379463 0.393387 0)
(0.0482064 0.399307 0)
(0.0588784 0.407377 0)
(0.0708842 0.418403 0)
(0.0857756 0.433167 0)
(0.105681 0.451717 0)
(0.132803 0.472134 0)
(0.168197 0.489457 0)
(0.210083 0.495791 0)
(0.25296 0.482683 0)
(0.289099 0.444581 0)
(0.311131 0.380218 0)
(0.313315 0.292598 0)
(0.292412 0.18875 0)
(0.248819 0.0774397 0)
(0.185761 -0.0342126 0)
(0.108654 -0.141495 0)
(0.0261492 -0.244371 0)
(-0.0610716 -0.355838 0)
(-0.151946 -0.461292 0)
(0.00762673 0.336131 0)
(0.021426 0.371161 0)
(0.035827 0.375955 0)
(0.0506046 0.380406 0)
(0.0656659 0.386052 0)
(0.0813359 0.393183 0)
(0.0983963 0.402112 0)
(0.118111 0.413101 0)
(0.142134 0.425918 0)
(0.172124 0.439112 0)
(0.208932 0.449371 0)
(0.251526 0.451542 0)
(0.296327 0.439861 0)
(0.337761 0.409937 0)
(0.369716 0.360071 0)
(0.386869 0.29165 0)
(0.385778 0.208869 0)
(0.365747 0.117253 0)
(0.328647 0.0215494 0)
(0.277757 -0.0752458 0)
(0.216812 -0.173142 0)
(0.14534 -0.274935 0)
(0.0609286 -0.370219 0)
(0.00809995 0.321326 0)
(0.0237518 0.355112 0)
(0.0408657 0.359346 0)
(0.058727 0.363404 0)
(0.07729 0.368455 0)
(0.09674 0.374486 0)
(0.117631 0.381443 0)
(0.140865 0.389216 0)
(0.167613 0.397391 0)
(0.19904 0.404839 0)
(0.23577 0.409335 0)
(0.277201 0.407549 0)
(0.32102 0.395677 0)
(0.363377 0.370558 0)
(0.399676 0.330627 0)
(0.425568 0.276336 0)
(0.437849 0.209998 0)
(0.435087 0.134932 0)
(0.417586 0.0542431 0)
(0.38668 -0.0299771 0)
(0.343692 -0.116777 0)
(0.287891 -0.205413 0)
(0.217738 -0.288837 0)
(0.00835363 0.305615 0)
(0.0250816 0.337226 0)
(0.0437825 0.340508 0)
(0.0635367 0.34376 0)
(0.0843406 0.347871 0)
(0.106285 0.352625 0)
(0.129721 0.35773 0)
(0.155218 0.36283 0)
(0.183511 0.367394 0)
(0.215331 0.3705 0)
(0.251064 0.370622 0)
(0.290313 0.365605 0)
(0.331569 0.352994 0)
(0.372226 0.330644 0)
(0.409006 0.297326 0)
(0.438597 0.253063 0)
(0.458289 0.199079 0)
(0.466398 0.137339 0)
(0.462291 0.0698942 0)
(0.44606 -0.00153597 0)
(0.417835 -0.0755355 0)
(0.376845 -0.150343 0)
(0.322302 -0.221191 0)
(0.00848363 0.289417 0)
(0.0257513 0.318323 0)
(0.0452572 0.320414 0)
(0.0659896 0.322588 0)
(0.0879815 0.325516 0)
(0.111273 0.328865 0)
(0.13608 0.33222 0)
(0.162719 0.335097 0)
(0.191585 0.336904 0)
(0.223056 0.336853 0)
(0.257294 0.333853 0)
(0.293973 0.326491 0)
(0.332063 0.3132 0)
(0.3698 0.292581 0)
(0.404897 0.26376 0)
(0.434928 0.226625 0)
(0.457732 0.18183 0)
(0.471702 0.130576 0)
(0.475842 0.0742796 0)
(0.469602 0.014379 0)
(0.45257 -0.0476356 0)
(0.42407 -0.109792 0)
(0.383547 -0.168719 0)
(0.00854189 0.272979 0)
(0.0259759 0.298965 0)
(0.0457405 0.299771 0)
(0.0667823 0.300744 0)
(0.0891587 0.302376 0)
(0.112885 0.304274 0)
(0.138094 0.305984 0)
(0.164947 0.306985 0)
(0.193603 0.306679 0)
(0.224189 0.304377 0)
(0.256679 0.299258 0)
(0.290754 0.290368 0)
(0.325657 0.276701 0)
(0.360163 0.257368 0)
(0.392674 0.231798 0)
(0.421438 0.199881 0)
(0.444793 0.162003 0)
(0.461359 0.118951 0)
(0.470094 0.0717617 0)
(0.470234 0.0216401 0)
(0.461181 -0.0299895 0)
(0.44235 -0.081271 0)
(0.413299 -0.129644 0)
(0.00854906 0.256517 0)
(0.025887 0.279558 0)
(0.0455284 0.27909 0)
(0.0664053 0.278855 0)
(0.0885889 0.27919 0)
(0.112077 0.279675 0)
(0.136961 0.279864 0)
(0.163311 0.279258 0)
(0.191153 0.277301 0)
(0.22045 0.273391 0)
(0.251054 0.266882 0)
(0.282627 0.257102 0)
(0.314569 0.243391 0)
(0.345985 0.225192 0)
(0.375736 0.202156 0)
(0.402552 0.174228 0)
(0.425177 0.141683 0)
(0.442485 0.105093 0)
(0.45354 0.0652671 0)
(0.457584 0.0232321 0)
(0.454011 -0.0197235 0)
(0.44232 -0.0619473 0)
(0.422165 -0.101374 0)
(0.00851549 0.240185 0)
(0.025567 0.260384 0)
(0.0448188 0.258732 0)
(0.0652017 0.257362 0)
(0.0867944 0.25648 0)
(0.109582 0.255653 0)
(0.13363 0.25447 0)
(0.158967 0.252484 0)
(0.185551 0.249206 0)
(0.213263 0.244121 0)
(0.241887 0.236713 0)
(0.271077 0.226485 0)
(0.300323 0.212989 0)
(0.328938 0.195873 0)
(0.356077 0.174942 0)
(0.380804 0.150201 0)
(0.402168 0.121884 0)
(0.419279 0.0904526 0)
(0.431351 0.0565817 0)
(0.43772 0.0211605 0)
(0.437851 -0.0146681 0)
(0.431332 -0.0494598 0)
(0.417904 -0.0814941 0)
(0.00844499 0.224092 0)
(0.0250684 0.241638 0)
(0.0437448 0.238942 0)
(0.0634103 0.236563 0)
(0.0841484 0.234593 0)
(0.105934 0.232602 0)
(0.128817 0.230216 0)
(0.152807 0.227052 0)
(0.177839 0.222699 0)
(0.203762 0.216733 0)
(0.230339 0.208738 0)
(0.257236 0.198336 0)
(0.284007 0.185211 0)
(0.310098 0.16914 0)
(0.334858 0.150024 0)
(0.357576 0.127913 0)
(0.377524 0.103033 0)
(0.394003 0.0757843 0)
(0.406379 0.0467557 0)
(0.414103 0.0167314 0)
(0.416734 -0.0132782 0)
(0.413946 -0.0420165 0)
(0.405558 -0.0680265 0)
(0.00833402 0.208333 0)
(0.0244219 0.223454 0)
(0.0423955 0.219888 0)
(0.0611961 0.216652 0)
(0.0809132 0.213751 0)
(0.101514 0.210762 0)
(0.123039 0.207353 0)
(0.145489 0.203201 0)
(0.168796 0.197974 0)
(0.192812 0.191331 0)
(0.217309 0.182943 0)
(0.24198 0.172522 0)
(0.266437 0.159839 0)
(0.290221 0.14475 0)
(0.312814 0.127217 0)
(0.333658 0.107321 0)
(0.352186 0.0852824 0)
(0.367849 0.0614679 0)
(0.38014 0.0364036 0)
(0.38862 0.0107904 0)
(0.392941 -0.0144764 0)
(0.392851 -0.038301 0)
(0.388236 -0.0594384 0)
(0.00817538 0.192993 0)
(0.0236447 0.205932 0)
(0.0408289 0.201682 0)
(0.0586716 0.197751 0)
(0.0772702 0.194081 0)
(0.0965881 0.190268 0)
(0.116657 0.186014 0)
(0.137477 0.181054 0)
(0.158985 0.175124 0)
(0.18105 0.167959 0)
(0.203471 0.159304 0)
(0.225978 0.148943 0)
(0.248241 0.136712 0)
(0.269878 0.122518 0)
(0.290466 0.106361 0)
(0.30956 0.0883416 0)
(0.326708 0.068674 0)
(0.341475 0.0476995 0)
(0.353459 0.0258968 0)
(0.362312 0.00389691 0)
(0.367764 -0.0175036 0)
(0.369629 -0.0373451 0)
(0.367843 -0.0545572 0)
(0.00796327 0.178156 0)
(0.0227471 0.189147 0)
(0.0390831 0.184395 0)
(0.0559131 0.179929 0)
(0.0733436 0.175652 0)
(0.0913368 0.17118 0)
(0.109919 0.166252 0)
(0.129089 0.160651 0)
(0.148794 0.15417 0)
(0.168924 0.146607 0)
(0.18931 0.137775 0)
(0.209726 0.127513 0)
(0.229897 0.115708 0)
(0.249508 0.102307 0)
(0.268212 0.0873334 0)
(0.28565 0.0708982 0)
(0.301459 0.0532111 0)
(0.315291 0.0345905 0)
(0.326827 0.0154755 0)
(0.335791 -0.00356183 0)
(0.341976 -0.0218107 0)
(0.345247 -0.0384261 0)
(0.345578 -0.0524839 0)
(0.00769613 0.163904 0)
(0.0217384 0.17316 0)
(0.0371846 0.168073 0)
(0.0529733 0.163222 0)
(0.0692181 0.158486 0)
(0.0858822 0.15351 0)
(0.102988 0.148064 0)
(0.120535 0.141973 0)
(0.138479 0.135076 0)
(0.156732 0.127225 0)
(0.175157 0.118283 0)
(0.19357 0.10814 0)
(0.21175 0.0967219 0)
(0.229438 0.0840065 0)
(0.246356 0.0700363 0)
(0.262212 0.0549291 0)
(0.276716 0.0388882 0)
(0.289588 0.0222127 0)
(0.300573 0.00530768 0)
(0.309455 -0.0113063 0)
(0.316075 -0.0269907 0)
(0.320335 -0.0409983 0)
(0.322238 -0.0525271 0)
(0.0073774 0.150312 0)
(0.0206296 0.15802 0)
(0.0351555 0.152747 0)
(0.0498903 0.147644 0)
(0.0649519 0.142582 0)
(0.0803056 0.137239 0)
(0.0959708 0.131417 0)
(0.111948 0.12497 0)
(0.128202 0.117777 0)
(0.144663 0.109731 0)
(0.161223 0.100737 0)
(0.177739 0.0907234 0)
(0.194032 0.0796499 0)
(0.2099 0.0675194 0)
(0.225121 0.0543897 0)
(0.239461 0.0403838 0)
(0.252689 0.0256995 0)
(0.264582 0.0106193 0)
(0.274939 -0.00448078 0)
(0.283589 -0.0191243 0)
(0.290411 -0.032733 0)
(0.295337 -0.0446414 0)
(0.298382 -0.0541498 0)
(0.00701443 0.137445 0)
(0.019435 0.143771 0)
(0.0330168 0.138434 0)
(0.0466945 0.133194 0)
(0.0605867 0.127923 0)
(0.0746612 0.122334 0)
(0.0889355 0.116255 0)
(0.103411 0.10957 0)
(0.11806 0.102185 0)
(0.132829 0.0940246 0)
(0.147636 0.0850278 0)
(0.162368 0.0751528 0)
(0.176891 0.0643861 0)
(0.191044 0.0527511 0)
(0.204657 0.0403187 0)
(0.217546 0.0272163 0)
(0.22953 0.0136377 0)
(0.240434 -0.000148356 0)
(0.250101 -0.0137903 0)
(0.258401 -0.0268472 0)
(0.265242 -0.0387911 0)
(0.270573 -0.0490239 0)
(0.274423 -0.0569296 0)
(0.00661628 0.125357 0)
(0.0181711 0.13045 0)
(0.0307897 0.125145 0)
(0.0434119 0.119863 0)
(0.0561538 0.114482 0)
(0.0689862 0.108748 0)
(0.0819248 0.102517 0)
(0.0949721 0.0956911 0)
(0.108108 0.0882016 0)
(0.121292 0.0799963 0)
(0.134463 0.0710384 0)
(0.147535 0.06131 0)
(0.160406 0.0508182 0)
(0.172956 0.0396031 0)
(0.185054 0.0277459 0)
(0.196561 0.0153781 0)
(0.207339 0.00269036 0)
(0.217254 -0.01006 0)
(0.226188 -0.0225401 0)
(0.234042 -0.0343376 0)
(0.24075 -0.0449652 0)
(0.246278 -0.053879 0)
(0.250661 -0.0605299 0)
(0.00619133 0.114089 0)
(0.0168545 0.118085 0)
(0.0284945 0.112887 0)
(0.0400652 0.10764 0)
(0.051678 0.102228 0)
(0.0633067 0.0964354 0)
(0.0749663 0.090135 0)
(0.0866608 0.0832491 0)
(0.0983766 0.075726 0)
(0.110084 0.0675312 0)
(0.121737 0.0586463 0)
(0.133273 0.0490712 0)
(0.144616 0.0388287 0)
(0.155677 0.0279713 0)
(0.166358 0.0165881 0)
(0.176557 0.00481367 0)
(0.186173 -0.00716453 0)
(0.195108 -0.0190974 0)
(0.203277 -0.0306666 0)
(0.21061 -0.0414828 0)
(0.217062 -0.0510908 0)
(0.222614 -0.0589888 0)
(0.227306 -0.0646794 0)
(0.00574562 0.10367 0)
(0.015499 0.106698 0)
(0.0261486 0.101664 0)
(0.0366732 0.0965098 0)
(0.0471785 0.0911327 0)
(0.0576422 0.0853459 0)
(0.0680791 0.0790426 0)
(0.0784953 0.072159 0)
(0.0888825 0.0646565 0)
(0.0992196 0.0565145 0)
(0.109473 0.0477284 0)
(0.119597 0.0383112 0)
(0.129534 0.0282975 0)
(0.139219 0.017748 0)
(0.148583 0.00675715 0)
(0.157552 -0.00453945 0)
(0.166055 -0.0159573 0)
(0.174027 -0.0272532 0)
(0.181409 -0.0381217 0)
(0.188159 -0.0481912 0)
(0.194252 -0.0570313 0)
(0.199682 -0.0641723 0)
(0.204495 -0.0691551 0)
(0.00528199 0.0941222 0)
(0.0141139 0.0963067 0)
(0.023765 0.0914758 0)
(0.0332506 0.0864588 0)
(0.0426713 0.0811637 0)
(0.0520091 0.0754323 0)
(0.0612796 0.0691743 0)
(0.0704909 0.0623376 0)
(0.0796393 0.0548942 0)
(0.0887104 0.0468342 0)
(0.0976793 0.0381639 0)
(0.106511 0.0289069 0)
(0.115162 0.0191055 0)
(0.123584 0.00882539 0)
(0.131728 -0.00183692 0)
(0.139544 -0.012747 0)
(0.146987 -0.0237229 0)
(0.154016 -0.0345289 0)
(0.160599 -0.0448692 0)
(0.166714 -0.054387 0)
(0.172358 -0.0626708 0)
(0.17754 -0.0692756 0)
(0.182311 -0.0737691 0)
(0.00479991 0.0854644 0)
(0.0127036 0.0869214 0)
(0.0213524 0.0823214 0)
(0.0298095 0.0774705 0)
(0.0381717 0.0722895 0)
(0.0464252 0.0666463 0)
(0.0545865 0.0604652 0)
(0.062666 0.0537038 0)
(0.0706637 0.0463427 0)
(0.0785702 0.0383812 0)
(0.0863659 0.029836 0)
(0.0940215 0.0207391 0)
(0.101501 0.0111377 0)
(0.108767 0.00109906 0)
(0.115785 -0.00928199 0)
(0.122524 -0.0198739 0)
(0.128957 -0.0304999 0)
(0.135066 -0.0409311 0)
(0.140841 -0.0508813 0)
(0.14628 -0.0600058 0)
(0.151397 -0.0679088 0)
(0.156218 -0.074164 0)
(0.160803 -0.0783575 0)
(0.0042963 0.0777143 0)
(0.0112695 0.0785496 0)
(0.0189186 0.0741937 0)
(0.0263645 0.0695238 0)
(0.0337003 0.0644743 0)
(0.0409156 0.0589374 0)
(0.0480274 0.0528498 0)
(0.055048 0.0461772 0)
(0.0619808 0.0389078 0)
(0.0688207 0.0310503 0)
(0.0755506 0.0226323 0)
(0.082141 0.013694 0)
(0.088557 0.00428544 0)
(0.0947662 -0.00552924 0)
(0.100744 -0.0156606 0)
(0.106474 -0.025983 0)
(0.111947 -0.0363265 0)
(0.117162 -0.04647 0)
(0.122124 -0.0561363 0)
(0.126852 -0.0649922 0)
(0.131376 -0.0726559 0)
(0.135736 -0.0787164 0)
(0.140003 -0.0827727 0)
(0.00376666 0.0708927 0)
(0.00981413 0.0711927 0)
(0.0164769 0.0670779 0)
(0.0229404 0.062589 0)
(0.0292917 0.0576751 0)
(0.0355213 0.0522502 0)
(0.0416456 0.046261 0)
(0.0476788 0.0396788 0)
(0.0536291 0.0324985 0)
(0.0594955 0.0247401 0)
(0.0652607 0.0164455 0)
(0.0708888 0.0076656 0)
(0.0763383 -0.00155086 0)
(0.081578 -0.0111484 0)
(0.0865919 -0.0210475 0)
(0.0913758 -0.0311319 0)
(0.0959345 -0.0412397 0)
(0.10028 -0.0511578 0)
(0.104434 -0.0606186 0)
(0.108426 -0.0693001 0)
(0.1123 -0.076834 0)
(0.116111 -0.0828238 0)
(0.119943 -0.0868788 0)
(0.00321075 0.0650187 0)
(0.00834977 0.0648425 0)
(0.0140569 0.0609456 0)
(0.019583 0.0566237 0)
(0.0250038 0.0518398 0)
(0.0303067 0.0465248 0)
(0.0355066 0.0406313 0)
(0.0406203 0.0341328 0)
(0.0456629 0.0270296 0)
(0.0506406 0.0193558 0)
(0.0555333 0.0111769 0)
(0.0602897 0.00255869 0)
(0.064854 -0.0064574 0)
(0.0691947 -0.0158338 0)
(0.073306 -0.0255071 0)
(0.0771972 -0.0353723 0)
(0.0808852 -0.0452757 0)
(0.0843928 -0.0550118 0)
(0.0877493 -0.0643217 0)
(0.0909938 -0.0728953 0)
(0.0941789 -0.0803782 0)
(0.0973716 -0.0863896 0)
(0.100664 -0.0905495 0)
(0.00263747 0.060099 0)
(0.00690739 0.0594711 0)
(0.0117151 0.0557477 0)
(0.016369 0.051569 0)
(0.020926 0.0469058 0)
(0.025367 0.0416978 0)
(0.0297039 0.0358963 0)
(0.0339576 0.0294717 0)
(0.0381541 0.0224267 0)
(0.0423136 0.0148138 0)
(0.0464117 0.00674074 0)
(0.0503672 -0.00170339 0)
(0.0541019 -0.0104993 0)
(0.0575892 -0.0196422 0)
(0.0608417 -0.0290905 0)
(0.0638849 -0.03875 0)
(0.0667463 -0.0484724 0)
(0.0694541 -0.0580571 0)
(0.0720405 -0.0672529 0)
(0.0745463 -0.0757611 0)
(0.0770268 -0.0832431 0)
(0.0795541 -0.0893353 0)
(0.0822262 -0.0936723 0)
(0.00206446 0.0561122 0)
(0.00554655 0.0550187 0)
(0.00954354 0.0514087 0)
(0.013412 0.0473492 0)
(0.0171838 0.0428032 0)
(0.0208314 0.0377062 0)
(0.0243625 0.0319998 0)
(0.0278019 0.025643 0)
(0.0311916 0.0186327 0)
(0.03458 0.0110451 0)
(0.0379368 0.00307075 0)
(0.0411273 -0.00516791 0)
(0.0440471 -0.01371 0)
(0.0466938 -0.0226047 0)
(0.0491127 -0.0318343 0)
(0.0513488 -0.0413075 0)
(0.0534348 -0.0508741 0)
(0.0553969 -0.0603336 0)
(0.0572619 -0.06944 0)
(0.0590649 -0.0779063 0)
(0.0608564 -0.0854108 0)
(0.0627058 -0.0916102 0)
(0.0647096 -0.0961576 0)
(0.00152359 0.0529859 0)
(0.00436913 0.0513854 0)
(0.00767791 0.0478323 0)
(0.0108656 0.0438821 0)
(0.013939 0.0394641 0)
(0.0168634 0.0344958 0)
(0.0196396 0.0289016 0)
(0.02229 0.0226171 0)
(0.0248756 0.0156144 0)
(0.0275038 0.00799241 0)
(0.0301266 0.000123046 0)
(0.0325239 -0.00783917 0)
(0.0345814 -0.0160823 0)
(0.0363656 -0.0247281 0)
(0.0379691 -0.0337676 0)
(0.0394488 -0.0430939 0)
(0.0408301 -0.0525415 0)
(0.0421252 -0.0619042 0)
(0.0433467 -0.07094 0)
(0.0445168 -0.0793738 0)
(0.0456744 -0.0869025 0)
(0.0468786 -0.0932051 0)
(0.0482159 -0.0979567 0)
(0.00110948 0.0505805 0)
(0.00355522 0.0484282 0)
(0.00630988 0.0449039 0)
(0.00891923 0.0410769 0)
(0.011378 0.0368134 0)
(0.0136493 0.0320089 0)
(0.0157163 0.0265705 0)
(0.0175763 0.0203988 0)
(0.019302 0.013401 0)
(0.0211243 0.00565842 0)
(0.0229096 -0.00208765 0)
(0.0243795 -0.00964458 0)
(0.0254563 -0.0175657 0)
(0.0263484 -0.0260144 0)
(0.0271821 -0.0349391 0)
(0.0279935 -0.0441874 0)
(0.0287765 -0.0535676 0)
(0.0295166 -0.0628659 0)
(0.0302059 -0.0718461 0)
(0.0308502 -0.0802472 0)
(0.031473 -0.0877855 0)
(0.032118 -0.0941629 0)
(0.0328539 -0.0990782 0)
(0.00106982 0.0485764 0)
(0.0033587 0.0458339 0)
(0.00562386 0.0423649 0)
(0.00772569 0.0386979 0)
(0.00965446 0.034633 0)
(0.0113635 0.0300671 0)
(0.0127923 0.0249116 0)
(0.0138632 0.019045 0)
(0.0146088 0.0122757 0)
(0.015447 0.0044678 0)
(0.0158655 -0.00318179 0)
(0.0161852 -0.0103024 0)
(0.0161836 -0.0180709 0)
(0.0162565 -0.0265061 0)
(0.0164673 -0.0354568 0)
(0.0167697 -0.0447199 0)
(0.0171062 -0.0540882 0)
(0.0174349 -0.0633516 0)
(0.0177318 -0.0722865 0)
(0.0179901 -0.0806486 0)
(0.0182194 -0.0881732 0)
(0.0184455 -0.0945825 0)
(0.0187123 -0.099596 0)
(0.00118202 0.0452163 0)
(0.00346421 0.042756 0)
(0.00539222 0.0396764 0)
(0.0071634 0.0363095 0)
(0.00876677 0.0325509 0)
(0.0101363 0.0283739 0)
(0.0111562 0.023749 0)
(0.0116395 0.0186135 0)
(0.0114361 0.0127643 0)
(0.0108524 0.00535236 0)
(0.0073114 -0.00187827 0)
(0.00662582 -0.00909113 0)
(0.00597306 -0.0174066 0)
(0.00566898 -0.0262386 0)
(0.00558649 -0.0354304 0)
(0.00561095 -0.0448165 0)
(0.00567546 -0.0542288 0)
(0.00574392 -0.0634901 0)
(0.00579789 -0.0724003 0)
(0.00583009 -0.080733 0)
(0.00584154 -0.0882382 0)
(0.00584009 -0.094651 0)
(0.00584028 -0.0997024 0)
(-0.0622862 -0.0918568 0)
(-0.0372298 -0.0273256 0)
(-0.124391 0.160504 0)
(-0.309209 0.408115 0)
(-0.331991 0.0269772 0)
(-0.371308 0.152224 0)
(-0.41312 0.307356 0)
(-0.439532 0.437186 0)
(-0.442689 0.070603 0)
(-0.451927 0.166718 0)
(-0.440085 0.262394 0)
(-0.402986 0.323844 0)
(-0.407997 0.0670745 0)
(-0.3979 0.127198 0)
(-0.370272 0.184172 0)
(-0.329251 0.223978 0)
(-0.326769 0.0583135 0)
(-0.313256 0.0839524 0)
(-0.290324 0.113637 0)
(-0.25886 0.140295 0)
(-0.258865 0.0511317 0)
(-0.24307 0.0660953 0)
(-0.22556 0.0800316 0)
(-0.203319 0.0951704 0)
(-0.183532 0.0416056 0)
(-0.198005 0.0377128 0)
(-0.186981 0.0456067 0)
(-0.168496 0.0545304 0)
(-0.188981 0.0191536 0)
(-0.11268 0.066601 0)
(-0.0886866 0.0325287 0)
(-0.0574376 0.0203646 0)
(-0.618023 -0.318004 0)
(-0.493881 -0.144185 0)
(-0.397992 -0.181228 0)
(-0.342153 -0.225273 0)
(-0.691803 -0.42671 0)
(-0.644419 -0.372846 0)
(-0.566515 -0.336398 0)
(-0.538281 -0.313891 0)
(-0.683722 -0.449892 0)
(-0.64594 -0.412537 0)
(-0.610833 -0.386906 0)
(-0.578264 -0.371197 0)
(-0.732274 -0.499738 0)
(-0.662447 -0.4611 0)
(-0.581466 -0.42899 0)
(-0.546595 -0.418226 0)
(-0.47263 -0.729427 0)
(-0.484519 -0.725696 0)
(-0.496221 -0.619835 0)
(-0.514967 -0.492549 0)
(-0.226932 -0.508285 0)
(-0.274134 -0.524723 0)
(-0.305356 -0.533302 0)
(-0.313108 -0.550436 0)
(-0.00697202 -0.421184 0)
(-0.0484793 -0.443859 0)
(-0.0849574 -0.457978 0)
(-0.114939 -0.470113 0)
(0.15979 -0.338041 0)
(0.122863 -0.364799 0)
(0.0873727 -0.387334 0)
(0.0539484 -0.406474 0)
(0.275082 -0.265639 0)
(0.243547 -0.29156 0)
(0.211618 -0.315404 0)
(0.179687 -0.337249 0)
(0.346684 -0.206868 0)
(0.321134 -0.22978 0)
(0.294316 -0.251659 0)
(0.266413 -0.272512 0)
(0.385548 -0.161212 0)
(0.365747 -0.18039 0)
(0.34441 -0.199037 0)
(0.321567 -0.217197 0)
(0.401881 -0.12695 0)
(0.387053 -0.1425 0)
(0.37075 -0.157739 0)
(0.352922 -0.172756 0)
(0.403499 -0.101964 0)
(0.392721 -0.114336 0)
(0.380657 -0.126477 0)
(0.367228 -0.138505 0)
(0.3957 -0.0842882 0)
(0.38812 -0.094016 0)
(0.379469 -0.103527 0)
(0.369667 -0.11295 0)
(0.381868 -0.0722991 0)
(0.376778 -0.0798795 0)
(0.370817 -0.0872301 0)
(0.363908 -0.0944793 0)
(0.364145 -0.0646978 0)
(0.360977 -0.070556 0)
(0.357108 -0.0761608 0)
(0.35247 -0.0816309 0)
(0.343913 -0.0604581 0)
(0.342219 -0.0649444 0)
(0.339964 -0.0691494 0)
(0.337089 -0.0731778 0)
(0.32211 -0.0587791 0)
(0.321538 -0.0621762 0)
(0.320518 -0.0652623 0)
(0.318999 -0.0681264 0)
(0.299402 -0.0590374 0)
(0.299677 -0.0615711 0)
(0.299596 -0.0637635 0)
(0.299113 -0.0656882 0)
(0.276286 -0.0607433 0)
(0.277192 -0.0625951 0)
(0.277815 -0.0640749 0)
(0.278116 -0.0652422 0)
(0.253126 -0.0635078 0)
(0.25449 -0.0648259 0)
(0.255633 -0.0657414 0)
(0.25652 -0.0663013 0)
(0.230179 -0.0670185 0)
(0.231864 -0.0679272 0)
(0.23338 -0.0684035 0)
(0.234696 -0.068483 0)
(0.207615 -0.0710223 0)
(0.209508 -0.071629 0)
(0.211279 -0.0717753 0)
(0.212901 -0.0714861 0)
(0.185542 -0.07531 0)
(0.18755 -0.0757106 0)
(0.189477 -0.0756255 0)
(0.191302 -0.0750698 0)
(0.164024 -0.0797039 0)
(0.166064 -0.0799861 0)
(0.168063 -0.079761 0)
(0.170005 -0.0790352 0)
(0.143103 -0.0840454 0)
(0.145102 -0.0842903 0)
(0.147097 -0.0840118 0)
(0.149076 -0.0832083 0)
(0.122819 -0.0881869 0)
(0.124706 -0.0884686 0)
(0.126622 -0.0882174 0)
(0.128562 -0.0874244 0)
(0.103219 -0.0919861 0)
(0.104924 -0.0923688 0)
(0.106688 -0.092217 0)
(0.108509 -0.0915157 0)
(0.0843716 -0.0953066 0)
(0.0858311 -0.0958397 0)
(0.0873699 -0.0958455 0)
(0.0889906 -0.0953044 0)
(0.0663789 -0.0980277 0)
(0.0675387 -0.0987398 0)
(0.0687873 -0.0989403 0)
(0.0701313 -0.098607 0)
(0.0493779 -0.100063 0)
(0.0502058 -0.100957 0)
(0.0511187 -0.101363 0)
(0.0521262 -0.101255 0)
(0.0335295 -0.101387 0)
(0.0340267 -0.102441 0)
(0.0345928 -0.103029 0)
(0.035238 -0.10313 0)
(0.0189859 -0.102042 0)
(0.0192007 -0.103207 0)
(0.0194593 -0.103929 0)
(0.0197701 -0.104186 0)
(0.00586377 -0.102212 0)
(0.00589254 -0.103434 0)
(0.00593641 -0.104229 0)
(0.00599763 -0.104577 0)
(-0.325976 0.606298 0)
(-0.247966 0.447192 0)
(-0.20844 0.37024 0)
(-0.221361 0.382385 0)
(-0.28298 0.187304 0)
(-0.222207 -0.131366 0)
(-0.163895 -0.281453 0)
(-0.12079 -0.3277 0)
(-0.0846142 -0.283271 0)
(-0.0201555 -0.318395 0)
(0.163469 -0.287976 0)
(0.231109 -0.0631447 0)
(0.18469 -0.019954 0)
(0.155526 -0.0716053 0)
(0.15359 -0.118575 0)
(0.206321 -0.139036 0)
(0.269688 -0.123267 0)
(0.283234 -0.019369 0)
(0.202625 0.0492847 0)
(-0.359484 0.477616 0)
(-0.241383 0.376844 0)
(-0.18778 0.352721 0)
(-0.159311 0.404177 0)
(-0.092265 0.138479 0)
(-0.0777441 -0.150828 0)
(-0.062326 -0.292977 0)
(-0.0526697 -0.348324 0)
(-0.0149705 -0.337286 0)
(0.0561785 -0.396407 0)
(0.147889 -0.375524 0)
(0.281447 -0.194535 0)
(0.421348 0.0275924 0)
(0.392822 -0.0225821 0)
(0.343524 -0.117561 0)
(0.328486 -0.170595 0)
(0.315249 -0.154953 0)
(0.313073 0.0295785 0)
(0.241071 0.276366 0)
(-0.318852 0.339232 0)
(-0.22243 0.281166 0)
(-0.166717 0.293804 0)
(-0.0516068 0.340242 0)
(0.00622444 0.064217 0)
(0.0109947 -0.154009 0)
(0.00492871 -0.296349 0)
(0.00269065 -0.364546 0)
(0.023747 -0.37473 0)
(0.0740482 -0.451243 0)
(0.130347 -0.441994 0)
(0.20717 -0.29404 0)
(0.304113 -0.0354018 0)
(0.361159 -0.0107104 0)
(0.346745 -0.0994418 0)
(0.328107 -0.14922 0)
(0.278254 -0.127638 0)
(0.217977 0.0827082 0)
(0.160869 0.489111 0)
(-0.257009 0.24687 0)
(-0.177004 0.218084 0)
(-0.114483 0.208018 0)
(0.0040428 0.192705 0)
(0.0480481 0.0468438 0)
(0.0608265 -0.139336 0)
(0.0510419 -0.291481 0)
(0.0483517 -0.36593 0)
(0.0560267 -0.393793 0)
(0.0913899 -0.49694 0)
(0.126506 -0.490242 0)
(0.156291 -0.349186 0)
(0.216362 -0.100626 0)
(0.296931 -0.0650392 0)
(0.333114 -0.10058 0)
(0.337827 -0.113448 0)
(0.264297 -0.059831 0)
(0.121972 0.201809 0)
(-0.0154691 0.657633 0)
(-0.198799 0.167873 0)
(-0.120366 0.164869 0)
(-0.0568492 0.159554 0)
(0.0175845 0.13629 0)
(0.0805094 0.0341078 0)
(0.103948 -0.140221 0)
(0.102119 -0.287973 0)
(0.09277 -0.360773 0)
(0.0852357 -0.405807 0)
(0.121454 -0.527702 0)
(0.132308 -0.511793 0)
(0.130444 -0.376853 0)
(0.177728 -0.156772 0)
(0.26524 -0.132264 0)
(0.323928 -0.132705 0)
(0.352567 -0.102766 0)
(0.327018 0.0196127 0)
(0.11977 0.336462 0)
(-0.060771 0.42263 0)
(-0.157663 0.116855 0)
(-0.0881891 0.120002 0)
(-0.0252164 0.116235 0)
(0.0463552 0.0933247 0)
(0.126186 0.000348054 0)
(0.174846 -0.155316 0)
(0.180091 -0.294427 0)
(0.135768 -0.344334 0)
(0.126404 -0.435373 0)
(0.162951 -0.543801 0)
(0.152929 -0.521955 0)
(0.121803 -0.358348 0)
(0.162021 -0.219301 0)
(0.232911 -0.201803 0)
(0.286365 -0.176781 0)
(0.311825 -0.105766 0)
(0.313343 0.0930115 0)
(0.167873 0.553 0)
(0.0260992 0.701242 0)
(-0.126316 0.0693045 0)
(-0.062133 0.0682306 0)
(-0.000588252 0.0605219 0)
(0.102768 0.0286342 0)
(0.225829 -0.067961 0)
(0.290834 -0.179251 0)
(0.267632 -0.29519 0)
(0.176404 -0.267898 0)
(0.204845 -0.448424 0)
(0.217379 -0.544184 0)
(0.182856 -0.514953 0)
(0.12731 -0.322806 0)
(0.140985 -0.277924 0)
(0.182839 -0.24441 0)
(0.21181 -0.198526 0)
(0.201757 -0.105008 0)
(0.180928 0.16706 0)
(-0.0362466 0.757325 0)
(-0.0204332 0.759957 0)
(-0.00768821 0.0289346 0)
(0.038454 0.00766916 0)
(0.126644 -0.0739626 0)
(0.233525 -0.162564 0)
(0.330752 -0.181406 0)
(0.41856 -0.18791 0)
(0.417179 -0.0857381 0)
(0.322123 -0.272261 0)
(0.301467 -0.44569 0)
(0.294501 -0.527849 0)
(0.167978 -0.448796 0)
(0.099808 -0.29792 0)
(0.102649 -0.298481 0)
(0.122773 -0.256408 0)
(0.112283 -0.201663 0)
(-0.0124061 -0.0793496 0)
(-0.133274 0.394351 0)
(-0.287054 0.770714 0)
(-0.112525 0.6378 0)
(-0.172166 -0.151403 0)
(0.0244364 -0.0607301 0)
(0.0732252 -0.0914816 0)
(0.125049 -0.15481 0)
(0.117442 -0.258999 0)
(0.168029 -0.273125 0)
(0.29283 -0.24129 0)
(0.322026 -0.3078 0)
(0.342595 -0.425298 0)
(0.318583 -0.442644 0)
(0.183948 -0.334778 0)
(0.0651058 -0.256864 0)
(0.0598654 -0.308046 0)
(0.0406603 -0.257951 0)
(-0.134411 -0.103115 0)
(-0.324337 0.0690805 0)
(-0.449243 0.495964 0)
(-0.430126 0.61875 0)
(-0.19497 0.387379 0)
(-0.486192 -0.272643 0)
(-0.361494 -0.226647 0)
(-0.213485 -0.252738 0)
(-0.105572 -0.296075 0)
(-0.0244897 -0.318953 0)
(0.0489644 -0.328421 0)
(0.146557 -0.330244 0)
(0.206314 -0.328363 0)
(0.283747 -0.383337 0)
(0.100334 -0.382944 0)
(0.0234466 -0.191739 0)
(0.00406589 -0.204558 0)
(-0.0613606 -0.267206 0)
(-0.248244 -0.0946689 0)
(-0.403823 0.0797982 0)
(-0.572175 0.278474 0)
(-0.611925 0.491445 0)
(-0.453242 0.422618 0)
(-0.169665 0.0665409 0)
(-0.518848 -0.350247 0)
(-0.407554 -0.328841 0)
(-0.283711 -0.329416 0)
(-0.187068 -0.343311 0)
(-0.107759 -0.36204 0)
(-0.0369825 -0.371662 0)
(0.0288467 -0.36277 0)
(0.0877918 -0.343616 0)
(0.0661529 -0.293243 0)
(0.000666343 -0.264151 0)
(-0.0640175 -0.182151 0)
(-0.133363 -0.134657 0)
(-0.267472 -0.092524 0)
(-0.423272 0.0501849 0)
(-0.547856 0.199557 0)
(-0.622558 0.337253 0)
(-0.563603 0.383573 0)
(-0.364834 0.182767 0)
(-0.107036 -0.181481 0)
(-0.493741 -0.396245 0)
(-0.40342 -0.383589 0)
(-0.314604 -0.381565 0)
(-0.228082 -0.386514 0)
(-0.153491 -0.399204 0)
(-0.0943002 -0.405819 0)
(-0.0450118 -0.396659 0)
(-0.00387028 -0.372833 0)
(-0.0988442 -0.309716 0)
(-0.117307 -0.240292 0)
(-0.176849 -0.133647 0)
(-0.272898 -0.0425127 0)
(-0.392595 0.0337758 0)
(-0.500323 0.146301 0)
(-0.562205 0.24707 0)
(-0.549498 0.302376 0)
(-0.434833 0.243297 0)
(-0.25229 -0.0101885 0)
(-0.0632435 -0.358971 0)
(-0.475999 -0.443976 0)
(-0.394537 -0.440702 0)
(-0.32544 -0.441191 0)
(-0.23908 -0.43199 0)
(-0.160903 -0.43836 0)
(-0.121678 -0.444465 0)
(-0.117976 -0.433648 0)
(-0.223249 -0.35406 0)
(-0.232383 -0.26232 0)
(-0.257893 -0.187647 0)
(-0.320937 -0.0625128 0)
(-0.393544 0.0386019 0)
(-0.460571 0.116294 0)
(-0.508432 0.192909 0)
(-0.508868 0.240053 0)
(-0.445364 0.227332 0)
(-0.319525 0.111068 0)
(-0.171108 -0.146735 0)
(-0.0355673 -0.468004 0)
(-0.307408 -0.592894 0)
(-0.328155 -0.561323 0)
(-0.308518 -0.55774 0)
(-0.286575 -0.617018 0)
(-0.274989 -0.601072 0)
(-0.280233 -0.526692 0)
(-0.29452 -0.407723 0)
(-0.319846 -0.30316 0)
(-0.341031 -0.228352 0)
(-0.381968 -0.139986 0)
(-0.42545 -0.0143754 0)
(-0.454177 0.0792856 0)
(-0.473927 0.146262 0)
(-0.472058 0.190807 0)
(-0.432007 0.195179 0)
(-0.349294 0.138572 0)
(-0.233681 -0.00677868 0)
(-0.115631 -0.262689 0)
(-0.0179183 -0.541724 0)
(-0.153984 -0.49421 0)
(-0.190597 -0.522011 0)
(-0.2086 -0.542609 0)
(-0.234563 -0.537747 0)
(-0.272066 -0.504532 0)
(-0.31073 -0.444539 0)
(-0.342711 -0.363426 0)
(-0.369113 -0.281056 0)
(-0.396022 -0.19808 0)
(-0.428036 -0.102808 0)
(-0.449464 0.00176537 0)
(-0.452702 0.0840165 0)
(-0.441045 0.136881 0)
(-0.407962 0.156205 0)
(-0.347134 0.131534 0)
(-0.260675 0.0504368 0)
(-0.158725 -0.106706 0)
(-0.0662627 -0.350341 0)
(-0.00860296 -0.58559 0)
(0.00186469 -0.4333 0)
(-0.058236 -0.461078 0)
(-0.109946 -0.480929 0)
(-0.165228 -0.481444 0)
(-0.223051 -0.454089 0)
(-0.276485 -0.402345 0)
(-0.320212 -0.332634 0)
(-0.354247 -0.255946 0)
(-0.383298 -0.174362 0)
(-0.407097 -0.0854095 0)
(-0.415779 0.00274306 0)
(-0.405314 0.0699007 0)
(-0.377092 0.106331 0)
(-0.32931 0.105882 0)
(-0.261696 0.0623039 0)
(-0.179681 -0.0306705 0)
(-0.0940708 -0.183885 0)
(-0.0222507 -0.404646 0)
(-0.000390912 -0.608138 0)
(0.12658 -0.369752 0)
(0.0559545 -0.402604 0)
(-0.0120996 -0.422931 0)
(-0.0808272 -0.423979 0)
(-0.14739 -0.400941 0)
(-0.207227 -0.35628 0)
(-0.25708 -0.295536 0)
(-0.296068 -0.226424 0)
(-0.3259 -0.152077 0)
(-0.344874 -0.0742178 0)
(-0.347513 -0.00256296 0)
(-0.331244 0.0477843 0)
(-0.297335 0.067928 0)
(-0.246855 0.0520139 0)
(-0.182652 -0.00370722 0)
(-0.111401 -0.101385 0)
(-0.0434994 -0.244515 0)
(0.00758556 -0.435637 0)
(0.00524073 -0.604885 0)
(0.218107 -0.304819 0)
(0.148407 -0.338744 0)
(0.0775338 -0.358912 0)
(0.00635013 -0.361001 0)
(-0.061701 -0.3426 0)
(-0.122924 -0.30556 0)
(-0.174709 -0.254207 0)
(-0.215933 -0.194678 0)
(-0.24586 -0.13051 0)
(-0.262465 -0.0660739 0)
(-0.262874 -0.0106046 0)
(-0.245901 0.0240807 0)
(-0.213267 0.0299984 0)
(-0.167632 0.00256575 0)
(-0.113297 -0.060125 0)
(-0.057035 -0.157656 0)
(-0.0088071 -0.287674 0)
(0.020698 -0.445927 0)
(0.0117939 -0.596727 0)
(0.280855 -0.245986 0)
(0.218787 -0.277175 0)
(0.153239 -0.295878 0)
(0.0865592 -0.298871 0)
(0.0222202 -0.284676 0)
(-0.0363834 -0.254624 0)
(-0.0866484 -0.212274 0)
(-0.127304 -0.162528 0)
(-0.156695 -0.109589 0)
(-0.17275 -0.0585854 0)
(-0.173458 -0.0179029 0)
(-0.159098 0.00288726 0)
(-0.131758 -0.00269761 0)
(-0.0949041 -0.0380737 0)
(-0.0532965 -0.103721 0)
(-0.013346 -0.197534 0)
(0.0165994 -0.314924 0)
(0.0278784 -0.448306 0)
(0.0185957 -0.581799 0)
(0.32044 -0.196874 0)
(0.26883 -0.223422 0)
(0.21255 -0.239448 0)
(0.154184 -0.242441 0)
(0.0969034 -0.231291 0)
(0.043825 -0.206953 0)
(-0.00248378 -0.172282 0)
(-0.0402733 -0.131534 0)
(-0.0680946 -0.08926 0)
(-0.0839521 -0.0506134 0)
(-0.0866518 -0.0228763 0)
(-0.0767646 -0.0135343 0)
(-0.0566663 -0.0278683 0)
(-0.0299995 -0.0682259 0)
(-0.00141651 -0.134017 0)
(0.023418 -0.222066 0)
(0.0381006 -0.326985 0)
(0.0372117 -0.441921 0)
(0.0230237 -0.560268 0)
(0.342321 -0.157944 0)
(0.301428 -0.179346 0)
(0.255563 -0.192046 0)
(0.207001 -0.194102 0)
(0.158427 -0.184689 0)
(0.112543 -0.164577 0)
(0.0717497 -0.136151 0)
(0.0379099 -0.103131 0)
(0.0125052 -0.0699654 0)
(-0.00302654 -0.0417398 0)
(-0.00795169 -0.0245134 0)
(-0.00299955 -0.0241954 0)
(0.00950308 -0.0448655 0)
(0.0261226 -0.0879374 0)
(0.0426573 -0.152118 0)
(0.0543738 -0.233772 0)
(0.0565581 -0.327566 0)
(0.0460394 -0.428199 0)
(0.0261972 -0.532969 0)
(0.351174 -0.128189 0)
(0.319915 -0.144686 0)
(0.283954 -0.153939 0)
(0.245107 -0.154468 0)
(0.205519 -0.145732 0)
(0.167408 -0.12846 0)
(0.132859 -0.104748 0)
(0.103609 -0.0779148 0)
(0.0810154 -0.0521157 0)
(0.0661203 -0.0320814 0)
(0.0592804 -0.0229199 0)
(0.0596582 -0.0292711 0)
(0.0651522 -0.054128 0)
(0.072737 -0.09816 0)
(0.0788376 -0.15966 0)
(0.0796596 -0.234932 0)
(0.0717933 -0.319093 0)
(0.0535113 -0.408045 0)
(0.0286507 -0.500885 0)
(0.350618 -0.106138 0)
(0.327443 -0.118294 0)
(0.300101 -0.124309 0)
(0.26998 -0.123077 0)
(0.238735 -0.114311 0)
(0.208112 -0.0987749 0)
(0.179811 -0.0784017 0)
(0.1553 -0.0562022 0)
(0.135702 -0.0359875 0)
(0.121734 -0.0220267 0)
(0.113467 -0.0186376 0)
(0.110035 -0.0294721 0)
(0.109595 -0.0566564 0)
(0.109595 -0.100299 0)
(0.107122 -0.15848 0)
(0.0992306 -0.227651 0)
(0.0835156 -0.303457 0)
(0.0592078 -0.382624 0)
(0.0303707 -0.465094 0)
(0.343301 -0.0903134 0)
(0.326662 -0.0987696 0)
(0.306451 -0.101904 0)
(0.283711 -0.0989052 0)
(0.259698 -0.0896935 0)
(0.235746 -0.0750941 0)
(0.213177 -0.0569359 0)
(0.193143 -0.0379885 0)
(0.176489 -0.0217231 0)
(0.163651 -0.0119468 0)
(0.15449 -0.0123255 0)
(0.148138 -0.0257552 0)
(0.143006 -0.0537153 0)
(0.136996 -0.0959289 0)
(0.127805 -0.150403 0)
(0.113209 -0.213828 0)
(0.0915878 -0.282359 0)
(0.0628701 -0.353238 0)
(0.0312269 -0.42676 0)
(0.33114 -0.0794168 0)
(0.319677 -0.0847745 0)
(0.305197 -0.0854132 0)
(0.288477 -0.0807502 0)
(0.270458 -0.0708688 0)
(0.252143 -0.0566476 0)
(0.234525 -0.039838 0)
(0.218455 -0.0230053 0)
(0.204511 -0.00930848 0)
(0.19289 -0.00213623 0)
(0.183297 -0.00462556 0)
(0.174879 -0.0190979 0)
(0.166266 -0.0465859 0)
(0.155747 -0.0865744 0)
(0.141533 -0.137097 0)
(0.121985 -0.195131 0)
(0.09611 -0.257311 0)
(0.0643788 -0.321174 0)
(0.0310648 -0.387177 0)
(0.315545 -0.0723711 0)
(0.308129 -0.0751501 0)
(0.298178 -0.0736478 0)
(0.286261 -0.0674592 0)
(0.273078 -0.056792 0)
(0.25937 -0.0425622 0)
(0.245863 -0.0264512 0)
(0.233152 -0.0108421 0)
(0.221585 0.00138754 0)
(0.211172 0.00721545 0)
(0.201512 0.00392915 0)
(0.191767 -0.0103773 0)
(0.180733 -0.03643 0)
(0.16702 -0.0735954 0)
(0.149243 -0.120008 0)
(0.126206 -0.172964 0)
(0.0974203 -0.229571 0)
(0.0637199 -0.287559 0)
(0.029718 -0.347789 0)
(0.297576 -0.068309 0)
(0.2933 -0.0689431 0)
(0.286892 -0.0656065 0)
(0.278762 -0.0580328 0)
(0.269424 -0.0465226 0)
(0.259413 -0.0320145 0)
(0.249245 -0.0161204 0)
(0.239311 -0.00105765 0)
(0.229781 0.0105491 0)
(0.220521 0.0159933 0)
(0.211054 0.012904 0)
(0.200568 -0.000330379 0)
(0.188 -0.0242314 0)
(0.172189 -0.0581337 0)
(0.152046 -0.100324 0)
(0.126696 -0.148425 0)
(0.0960065 -0.200007 0)
(0.0610042 -0.253205 0)
(0.0271802 -0.310119 0)
(0.278041 -0.0665429 0)
(0.276187 -0.0653912 0)
(0.27254 -0.0604802 0)
(0.267385 -0.0516521 0)
(0.261089 -0.0392767 0)
(0.254029 -0.024302 0)
(0.246555 -0.00827178 0)
(0.238902 0.00674886 0)
(0.231104 0.0183602 0)
(0.222928 0.024126 0)
(0.213855 0.0219496 0)
(0.2031 0.0104457 0)
(0.18971 -0.0107903 0)
(0.172688 -0.0411156 0)
(0.15115 -0.0789931 0)
(0.124436 -0.122369 0)
(0.0926239 -0.169274 0)
(0.0567844 -0.218681 0)
(0.0240538 -0.275315 0)
(0.257549 -0.0665338 0)
(0.25756 -0.0638966 0)
(0.256068 -0.0576337 0)
(0.253258 -0.0476726 0)
(0.249381 -0.0344336 0)
(0.244691 -0.0188649 0)
(0.239409 -0.00244355 0)
(0.233649 0.0129037 0)
(0.227346 0.0249755 0)
(0.220203 0.0315676 0)
(0.211682 0.0308074 0)
(0.201037 0.0214787 0)
(0.187401 0.00324613 0)
(0.169905 -0.0233017 0)
(0.147807 -0.0568117 0)
(0.120608 -0.0955465 0)
(0.0884837 -0.138062 0)
(0.0526924 -0.184802 0)
(0.0222338 -0.243691 0)
(0.236549 -0.0678619 0)
(0.237995 -0.0639985 0)
(0.238194 -0.0565815 0)
(0.237254 -0.0456043 0)
(0.235334 -0.0315238 0)
(0.232585 -0.0152811 0)
(0.229127 0.00171059 0)
(0.224981 0.0176486 0)
(0.220008 0.0305045 0)
(0.213875 0.0382711 0)
(0.206047 0.0392592 0)
(0.195823 0.032381 0)
(0.182419 0.0173381 0)
(0.165077 -0.00535449 0)
(0.143182 -0.0345344 0)
(0.116394 -0.068792 0)
(0.0849593 -0.107341 0)
(0.0511742 -0.152906 0)
(0.023918 -0.213905 0)
(0.215355 -0.0702012 0)
(0.217905 -0.0653458 0)
(0.219448 -0.0569598 0)
(0.22003 -0.0450868 0)
(0.219732 -0.0302077 0)
(0.218626 -0.0132507 0)
(0.216743 0.00443109 0)
(0.214027 0.0211445 0)
(0.210288 0.0350087 0)
(0.205173 0.0441798 0)
(0.198165 0.0471168 0)
(0.188623 0.042828 0)
(0.175848 0.0310265 0)
(0.159192 0.0121339 0)
(0.138182 -0.0129003 0)
(0.112661 -0.043038 0)
(0.0829037 -0.0783152 0)
(0.0524451 -0.124096 0)
(0.0273224 -0.181573 0)
(0.194179 -0.0732959 0)
(0.197573 -0.0676708 0)
(0.200197 -0.0585005 0)
(0.202048 -0.0458632 0)
(0.203144 -0.0302517 0)
(0.203483 -0.012576 0)
(0.203023 0.0058682 0)
(0.20164 0.0234823 0)
(0.199096 0.0385066 0)
(0.195033 0.0492268 0)
(0.188967 0.0542156 0)
(0.180324 0.052551 0)
(0.168493 0.0439361 0)
(0.152933 0.0286751 0)
(0.133313 0.00747108 0)
(0.109665 -0.0190521 0)
(0.0823289 -0.0516927 0)
(0.0547204 -0.0973339 0)
(0.0299209 -0.147361 0)
(0.173155 -0.0769388 0)
(0.177179 -0.0707655 0)
(0.180678 -0.0610048 0)
(0.183613 -0.047754 0)
(0.185949 -0.0315046 0)
(0.187618 -0.0131403 0)
(0.188506 0.00609862 0)
(0.188422 0.0246946 0)
(0.187085 0.0409816 0)
(0.184132 0.0533367 0)
(0.179125 0.0604131 0)
(0.171561 0.0613376 0)
(0.160911 0.0557918 0)
(0.146714 0.0439485 0)
(0.128727 0.0262363 0)
(0.107086 0.00284073 0)
(0.0822818 -0.0275979 0)
(0.0571543 -0.0712255 0)
(0.0322396 -0.111292 0)
(0.152363 -0.0809512 0)
(0.156826 -0.0744573 0)
(0.161024 -0.0643178 0)
(0.164896 -0.0506319 0)
(0.168364 -0.0338734 0)
(0.171302 -0.0148886 0)
(0.173523 0.00514057 0)
(0.174761 0.0247667 0)
(0.174681 0.0423877 0)
(0.172915 0.0564271 0)
(0.169082 0.0655819 0)
(0.16276 0.0690184 0)
(0.153486 0.0664056 0)
(0.140831 0.0577983 0)
(0.124551 0.0433577 0)
(0.104716 0.0228257 0)
(0.0820376 -0.00576383 0)
(0.0585391 -0.0455332 0)
(0.0329517 -0.0729672 0)
(0.131851 -0.0851641 0)
(0.136561 -0.0785858 0)
(0.141283 -0.0683021 0)
(0.145949 -0.0543944 0)
(0.150458 -0.0372996 0)
(0.154632 -0.0178078 0)
(0.15821 0.00296771 0)
(0.160836 0.0236454 0)
(0.162096 0.0426557 0)
(0.161611 0.0584068 0)
(0.159077 0.0695954 0)
(0.154172 0.0754333 0)
(0.146482 0.0756128 0)
(0.13557 0.0701164 0)
(0.121128 0.058875 0)
(0.103002 0.0411662 0)
(0.0820428 0.0143184 0)
(0.0587374 -0.0194829 0)
(0.0318811 -0.0356497 0)
(0.11166 -0.0894007 0)
(0.116404 -0.082979 0)
(0.121445 -0.0728084 0)
(0.126735 -0.0589333 0)
(0.132168 -0.0417289 0)
(0.137537 -0.0219033 0)
(0.142509 -0.000476403 0)
(0.14662 0.0212461 0)
(0.149329 0.0416966 0)
(0.150231 0.0591721 0)
(0.14914 0.0723081 0)
(0.145863 0.0803926 0)
(0.140021 0.0832066 0)
(0.13113 0.0807244 0)
(0.118765 0.0727156 0)
(0.102521 0.0580757 0)
(0.0829041 0.0337899 0)
(0.0592345 0.0074061 0)
(0.0314223 0.00129521 0)
(0.0918537 -0.0934648 0)
(0.0963878 -0.0874317 0)
(0.101488 -0.0776452 0)
(0.107157 -0.0640962 0)
(0.113324 -0.0470739 0)
(0.119788 -0.0271686 0)
(0.126169 -0.00526112 0)
(0.131874 0.0174582 0)
(0.136159 0.0394047 0)
(0.138563 0.0586025 0)
(0.139091 0.0735334 0)
(0.137718 0.0836495 0)
(0.134058 0.0889073 0)
(0.127549 0.0893417 0)
(0.117589 0.0846657 0)
(0.103514 0.0734264 0)
(0.0850556 0.053268 0)
(0.0602918 0.0355046 0)
(0.0307242 0.0387957 0)
(0.0725571 -0.0971399 0)
(0.0766079 -0.0916928 0)
(0.0814405 -0.0825498 0)
(0.0871361 -0.0696439 0)
(0.0937091 -0.0531617 0)
(0.101032 -0.0335376 0)
(0.108747 -0.0114407 0)
(0.116138 0.0121541 0)
(0.122138 0.0356747 0)
(0.126176 0.0565834 0)
(0.128549 0.0730473 0)
(0.129449 0.0849006 0)
(0.128398 0.0923606 0)
(0.124741 0.0955772 0)
(0.11769 0.0943234 0)
(0.106246 0.0870087 0)
(0.0885411 0.073394 0)
(0.0616701 0.065207 0)
(0.0292846 0.0760845 0)
(0.0539889 -0.100207 0)
(0.0572865 -0.0954704 0)
(0.0614735 -0.0871717 0)
(0.0667238 -0.0752036 0)
(0.0731808 -0.0596599 0)
(0.0808858 -0.0407997 0)
(0.0896463 -0.0189858 0)
(0.0987358 0.0052342 0)
(0.1066 0.0304825 0)
(0.112493 0.0530986 0)
(0.11704 0.070636 0)
(0.120714 0.0838294 0)
(0.122744 0.0932134 0)
(0.122352 0.0990431 0)
(0.11867 0.101306 0)
(0.109996 0.0990933 0)
(0.0931865 0.0944178 0)
(0.0658283 0.0970172 0)
(0.0307754 0.113781 0)
(0.0364689 -0.102476 0)
(0.0388043 -0.0984565 0)
(0.0419792 -0.0910751 0)
(0.0462339 -0.0802263 0)
(0.0518439 -0.0659679 0)
(0.0591002 -0.0484312 0)
(0.0682069 -0.0276225 0)
(0.078765 -0.00332954 0)
(0.0886199 0.0238222 0)
(0.0970284 0.0479553 0)
(0.104292 0.065793 0)
(0.111402 0.0799419 0)
(0.116922 0.0910936 0)
(0.119945 0.0994463 0)
(0.1197 0.10531 0)
(0.114313 0.109233 0)
(0.100283 0.114717 0)
(0.0766053 0.129483 0)
(0.0400359 0.161039 0)
(0.0203901 -0.103836 0)
(0.0216778 -0.100401 0)
(0.0235813 -0.0938195 0)
(0.026329 -0.0840384 0)
(0.030241 -0.0711792 0)
(0.0358115 -0.0554187 0)
(0.0438005 -0.0366255 0)
(0.0547392 -0.0137626 0)
(0.0661376 0.0144953 0)
(0.0797877 0.0385018 0)
(0.0908912 0.0559464 0)
(0.102171 0.071444 0)
(0.111312 0.0848715 0)
(0.117541 0.096083 0)
(0.120571 0.105605 0)
(0.119365 0.11514 0)
(0.111546 0.129163 0)
(0.100027 0.15565 0)
(0.060962 0.199203 0)
(0.00613035 -0.10441 0)
(0.00646561 -0.101335 0)
(0.00704297 -0.095273 0)
(0.0079727 -0.0862534 0)
(0.00943751 -0.0745708 0)
(0.0118061 -0.0607588 0)
(0.0159232 -0.0453247 0)
(0.0233116 -0.0278836 0)
(0.0319697 -0.0053199 0)
(0.0626699 0.0175631 0)
(0.0799636 0.0363069 0)
(0.0954082 0.0560041 0)
(0.107402 0.0734448 0)
(0.115835 0.0884526 0)
(0.121088 0.10173 0)
(0.123152 0.115519 0)
(0.121286 0.135582 0)
(0.120819 0.179606 0)
(0.0978111 0.345819 0)
)
;

boundaryField
{
    leftWall
    {
        type            noSlip;
    }
    rightWall
    {
        type            noSlip;
    }
    lowerWall
    {
        type            noSlip;
    }
    atmosphere
    {
        type            pressureInletOutletVelocity;
        value           nonuniform List<vector> 
46
(
(0.00118202 0.0452163 0)
(0.00346421 0.042756 0)
(0.00539222 0.0396764 0)
(0.0071634 0.0363095 0)
(0.00876677 0.0325509 0)
(0.0101363 0.0283739 0)
(0.0111562 0.023749 0)
(0.0116395 0.0186135 0)
(0.0114361 0.0127643 0)
(0.0108524 0.00535236 0)
(0 -0.00187827 0)
(0 -0.00909113 0)
(0 -0.0174066 0)
(0 -0.0262386 0)
(0 -0.0354304 0)
(0 -0.0448165 0)
(0 -0.0542288 0)
(0 -0.0634901 0)
(0 -0.0724003 0)
(0 -0.080733 0)
(0 -0.0882382 0)
(0 -0.094651 0)
(0 -0.0997024 0)
(0 -0.102212 0)
(0 -0.103434 0)
(0 -0.104229 0)
(0 -0.104577 0)
(0 -0.10441 0)
(0 -0.101335 0)
(0 -0.095273 0)
(0 -0.0862534 0)
(0 -0.0745708 0)
(0 -0.0607588 0)
(0 -0.0453247 0)
(0 -0.0278836 0)
(0 -0.0053199 0)
(0.0626699 0.0175631 0)
(0.0799636 0.0363069 0)
(0.0954082 0.0560041 0)
(0.107402 0.0734448 0)
(0.115835 0.0884526 0)
(0.121088 0.10173 0)
(0.123152 0.115519 0)
(0.121286 0.135582 0)
(0.120819 0.179606 0)
(0.0978111 0.345819 0)
)
;
    }
    defaultFaces
    {
        type            empty;
    }
}


// ************************************************************************* //
