(0 "FOAM to Fluent data File")

(33 (918 3444 1074))
(300 (1 1 1 0 0 1 918)(
23.4482
23.6247
0.988035
22.8653
0.995714
23.1411
3.33389
13.8095
19.2213
2.95454
2.64762
14.3871
20.6841
16.9255
13.0447
0.92797
14.0493
2.28466
18.4387
1.40552
13.0383
20.4269
21.5156
19.2632
14.1035
14.4171
18.6464
1.18723
0.114687
0.277622
0.968426
0.40937
0.156032
21.678
22.3546
22.293
15.4744
10.4351
3.65396
3.85563
3.04434
2.86483
13.8494
13.9469
5.89783
13.7919
13.7898
16.6231
19.0893
19.2329
19.5262
19.3152
19.7016
5.96466
2.81206
2.63138
2.90202
2.97191
2.97273
2.72285
2.70291
2.50811
2.36189
13.8681
14.4602
14.5151
14.247
14.1949
22.5007
21.7437
22.0785
21.1848
21.3303
20.2602
19.8746
17.3011
17.6536
16.5273
16.1464
12.8342
12.794
13.2658
13.514
0.148425
1.07453
1.22249
14.0545
14.0887
14.0956
14.1123
8.30942
2.23314
2.23695
17.8791
17.4555
20.4605
20.7277
20.1747
19.9892
1.5438
1.54258
1.17275
1.1954
0.964002
13.374
13.5261
19.2146
18.3815
14.1349
14.0362
14.1101
11.484
13.8929
13.9673
15.3705
15.8256
15.014
15.4512
18.2164
17.7984
19.0829
19.5202
0.406761
0.160259
0.692225
0.323107
0.520639
15.3427
15.1375
15.5893
15.641
15.8722
10.4383
10.3648
10.4156
10.3356
4.19882
4.5106
2.30582
2.62817
2.4738
9.90596
13.9608
14.0039
4.85335
5.54954
5.21883
6.37019
6.7417
15.9888
16.4253
16.1642
17.7103
16.9153
17.2634
19.7922
19.2815
19.5819
6.36163
6.60434
5.59823
5.24133
2.27631
2.51636
2.45915
3.00426
2.98231
3.20399
3.33688
2.68986
2.54747
2.91677
2.80061
2.8518
2.19089
2.05871
13.5923
13.3785
14.1308
14.3093
15.0748
14.9266
14.6333
14.802
19.0697
19.4731
19.5066
19.1225
11.5836
10.1734
13.7689
14.0435
0.304182
0.267641
0.136113
0.378901
0.398441
0.142688
2.01224
1.82348
1.40415
1.67833
14.0484
14.0062
8.55197
8.77466
8.14347
7.88413
16.293
16.4434
17.0775
16.6773
1.98271
1.69455
1.8248
13.6829
13.559
13.6645
10.9203
10.357
11.9602
12.2293
13.9802
14.0209
14.0182
15.73
16.0484
19.871
20.1417
19.9686
20.3544
21.4172
21.0684
20.6837
14.519
14.9272
14.7657
16.1067
15.7403
15.9598
15.1675
15.4723
15.3301
10.3951
10.4402
10.1575
10.2347
10.2809
10.2287
9.84267
9.71541
14.0821
14.0431
14.0636
7.26332
7.75832
4.8606
4.53171
12.5251
13.1977
12.8738
18.6994
18.0218
18.7547
18.3839
17.9339
18.2574
10.4501
10.4087
10.4432
14.9663
14.3051
14.6564
2.43205
2.07161
2.23548
8.97245
9.06569
6.97649
7.60189
7.26232
16.3499
16.6903
17.3704
16.4822
16.9498
17.4571
17.2352
9.97963
10.1118
10.0286
9.70012
9.59265
9.72678
8.33705
8.94685
3.6021
4.25704
3.95443
9.23471
9.46775
9.31374
18.6092
19.144
0.781915
1.18607
19.5738
19.2974
0.146389
0.24336
14.3024
12.5937
7.27842
17.176
16.6092
18.9486
3.20125
6.10286
2.82457
3.37894
2.68769
14.5934
14.2304
13.3225
0.463093
1.25799
1.71534
2.9262
18.3896
17.7145
18.8304
19.1506
19.2049
0.693716
0.928996
0.587346
1.26025
1.0434
1.28475
15.5307
15.6274
4.37108
18.8373
19.1416
19.1594
17.6359
18.5887
17.6462
0.936229
0.642276
0.713646
10.0711
12.1076
14.2628
13.815
14.0125
14.0348
13.786
14.9186
14.5893
14.5531
15.0373
13.9801
13.8462
7.73739
6.40287
8.07495
7.71474
17.0773
16.6652
16.4727
16.2185
18.0638
17.5898
18.4402
17.8286
18.2904
18.5773
2.95945
3.14654
3.02693
2.54263
6.1434
6.6144
5.48655
5.62951
4.25382
2.45617
2.54739
2.76728
2.60513
2.9356
2.68356
2.9433
2.57733
2.32531
2.32232
2.93123
2.7435
2.60617
14.5715
14.5104
14.3113
14.3494
14.3345
14.4496
13.5166
13.9204
13.5479
12.3833
12.961
12.4883
0.826433
0.657352
0.530411
1.32937
1.35594
1.12145
0.84763
1.1887
1.20553
0.835987
1.54438
1.46264
3.18204
2.68159
8.87264
7.99459
6.89804
16.7798
17.5815
16.7512
17.9917
18.4086
18.5141
18.1345
17.6263
15.708
15.7032
15.3633
15.3165
4.79548
3.77492
4.99434
4.57075
10.5093
14.0528
11.8278
10.7917
11.0848
13.4019
13.979
13.6281
13.7731
13.3411
12.8665
13.5647
13.0949
13.1962
12.9702
15.7666
16.2417
15.8481
15.2686
15.2887
10.6234
12.0212
5.49459
5.65971
7.24419
6.54398
13.5493
13.9426
13.9246
13.5817
13.7747
13.7602
13.6208
13.7911
13.8812
13.7731
11.8119
10.1321
9.03984
9.03451
14.0744
12.3409
12.9301
12.3948
16.0988
16.6155
16.2301
15.6256
16.1105
15.5824
15.6089
15.8215
17.1804
16.9298
16.6997
17.0866
3.07499
3.0219
3.65627
3.15405
3.05449
2.84241
3.49693
4.75947
4.41981
6.72276
7.26511
4.58255
3.39724
3.80192
4.80801
5.53892
5.52111
3.97367
4.49765
4.92327
4.4398
5.22081
4.72441
2.73144
3.03291
2.87602
2.85179
3.38249
3.87441
3.37313
2.48902
2.60692
2.27973
2.14197
3.53863
3.01237
3.04777
3.6846
1.11014
1.33285
1.44894
2.41861
1.91684
1.97787
15.1608
14.8047
14.9384
14.2173
14.2859
14.2273
13.8506
15.2196
14.942
15.0412
13.6904
13.777
13.5906
13.8853
14.299
14.5985
15.431
15.1518
14.391
14.5427
14.1942
14.1222
13.446
12.8813
12.8217
1.11274
0.820052
0.987027
0.923109
0.613817
0.808615
2.183
1.57536
1.97643
1.7265
1.9588
1.42157
1.30496
4.2617
5.05623
3.98407
3.39139
3.10772
8.9285
9.04235
8.18222
7.87337
8.2169
8.45334
8.40291
7.1439
7.57986
7.38906
9.95519
9.61976
17.5657
17.5099
17.1811
17.0222
17.2485
5.77519
7.65522
6.80604
7.9245
10.2342
10.5375
9.31769
8.71816
9.4804
9.54857
14.0356
14.1133
13.5493
14.0353
14.0629
11.8156
12.8654
13.4778
13.2888
13.8133
13.8964
12.9621
13.5479
13.4549
12.7341
12.7914
12.1101
12.4461
11.9726
11.7744
14.0338
13.9292
14.1989
13.7492
14.1283
13.6951
14.0085
14.0088
14.2894
13.3894
12.8124
12.8334
13.2574
12.9543
13.3018
13.4636
9.30422
9.95502
10.4099
10.9496
10.6603
10.436
10.3019
10.6062
10.5864
10.854
10.7739
10.6201
11.5623
13.4621
13.744
13.8539
13.6314
13.6761
13.37
13.6493
13.5744
13.9186
14.0131
14.0598
13.1446
13.3106
13.5143
13.3938
11.673
10.0726
9.93666
9.4987
7.57118
8.04671
11.007
9.89609
8.91504
8.98217
12.1536
10.7898
11.6006
12.023
10.6757
10.2905
12.9587
13.753
13.9703
13.6877
12.0446
12.1729
12.6235
13.0729
13.2668
13.7303
15.8396
16.4149
16.4929
16.2171
16.0789
16.1785
15.9284
16.0316
16.5057
16.6322
16.4634
2.9002
3.01108
2.9448
2.86937
3.09928
2.88066
3.96159
3.95268
3.17014
3.34887
3.36708
3.47595
2.94703
2.98917
4.82092
5.05357
5.32934
4.83386
6.17246
6.82391
7.40518
7.08796
5.78675
5.86601
6.18261
3.51214
3.53189
3.25342
3.70479
3.76343
2.62647
2.25568
2.05611
2.58149
2.67998
2.06482
1.78394
1.83629
2.34027
2.0729
1.82312
14.9544
14.713
14.7343
14.5142
14.5688
14.963
15.1837
14.9934
15.1315
15.1824
14.7821
14.6704
14.8417
1.82356
1.48342
1.63508
1.59155
1.63599
1.55156
1.73668
7.61056
6.41017
6.79234
5.98337
4.13714
4.64981
9.57201
9.99703
10.0358
9.74734
9.53418
9.89832
9.75333
9.74671
8.27304
9.35403
8.88159
9.29459
9.31733
9.38645
9.09159
9.07359
10.5833
10.6122
9.47779
10.1256
9.32845
7.93441
8.09817
9.10806
10.0772
10.4336
10.274
9.99119
9.76491
10.1449
10.196
10.2623
10.2525
8.75443
8.70413
8.29346
13.9582
13.8675
14.0153
14.0185
14.149
13.9599
13.7969
14.0757
14.1309
13.9135
11.103
11.1657
11.4118
12.1697
12.2232
12.1034
11.3495
13.1303
12.7763
13.4298
13.3708
13.431
13.0135
12.8405
13.1198
10.0667
11.4382
10.9686
11.2344
10.0502
9.29931
13.2194
13.2692
13.3445
13.6207
13.5687
14.158
15.8093
15.6791
15.7267
15.7698
15.3814
15.4184
4.1771
3.83464
4.54734
4.50812
4.06978
3.77355
2.29175
1.97818
1.79478
1.66809
1.89211
1.95245
8.15942
8.19243
6.32981
7.35682
5.89156
4.95382
4.80798
5.95942
7.13858
7.20396
8.52419
9.21579
8.77155
8.59896
7.93191
8.26598
10.1531
10.2447
10.1461
10.4658
9.99877
11.7431
11.3248
11.676
13.2997
13.0008
12.3986
12.2865
12.2569
12.8562
11.9413
11.1632
11.8808
12.5518
12.5077
11.1445
10.8984
11.3251
11.3013
10.2113
10.7399
10.5006
10.85
10.5556
))
(300 (1 10 1 0 0 919 1018)(
23.4482
23.6247
0.988035
22.8653
23.1411
3.33389
13.8095
2.95454
2.64762
14.3871
20.6841
16.9255
13.0447
14.0493
2.28466
18.4387
1.40552
13.0383
19.2632
14.1035
14.4171
18.6464
1.18723
21.678
15.4744
3.85563
2.86483
13.9469
5.89783
13.7898
16.6231
2.63138
2.97191
2.70291
2.36189
13.8681
14.5151
14.1949
21.3303
19.8746
17.6536
16.1464
12.794
13.514
14.0887
14.1123
2.23695
17.4555
19.9892
1.54258
0.964002
13.5261
18.3815
14.1101
11.484
13.9673
15.3705
15.4512
17.7984
19.5202
15.1375
15.5893
15.8722
4.5106
2.4738
14.0039
5.21883
6.7417
16.1642
17.2634
2.45915
2.98231
2.8518
2.05871
13.3785
14.3093
15.0748
14.802
19.1225
14.0435
14.0062
16.293
16.6773
1.8248
13.6645
10.357
12.2293
14.0182
16.0484
20.3544
14.7657
15.9598
15.3301
14.0636
7.75832
12.8738
18.3839
14.6564
16.9498
8.94685
))
(300 (1 11 1 0 0 919 926)(
23.4482
22.8653
19.2213
20.4269
19.2329
19.7016
20.4605
19.5819
))
(300 (1 12 1 0 0 919 922)(
23.6247
23.1411
22.293
22.0785
))
(300 (1 13 1 0 0 919 926)(
0
0
0
0
0
0
0
0
))
(300 (1 14 1 0 0 919 952)(
0.995714
0.92797
0.156032
10.4351
5.96466
2.97273
1.22249
8.30942
0.520639
10.3648
10.3356
9.90596
6.60434
5.24133
3.33688
2.54747
10.1734
2.01224
1.67833
8.77466
7.88413
10.4402
10.1575
10.2287
9.71541
4.53171
10.4432
2.23548
9.06569
7.26232
10.0286
9.59265
3.95443
9.31374
))
(300 (1 15 1 0 0 919 2754)(
23.4482
23.4482
23.6247
23.6247
0.988035
0.988035
22.8653
22.8653
0.995714
0.995714
23.1411
23.1411
3.33389
3.33389
13.8095
13.8095
19.2213
19.2213
2.95454
2.95454
2.64762
2.64762
14.3871
14.3871
20.6841
20.6841
16.9255
16.9255
13.0447
13.0447
0.92797
0.92797
14.0493
14.0493
2.28466
2.28466
18.4387
18.4387
1.40552
1.40552
13.0383
13.0383
20.4269
20.4269
21.5156
21.5156
19.2632
19.2632
14.1035
14.1035
14.4171
14.4171
18.6464
18.6464
1.18723
1.18723
0.114687
0.114687
0.277622
0.277622
0.968426
0.968426
0.40937
0.40937
0.156032
0.156032
21.678
21.678
22.3546
22.3546
22.293
22.293
15.4744
15.4744
10.4351
10.4351
3.65396
3.65396
3.85563
3.85563
3.04434
3.04434
2.86483
2.86483
13.8494
13.8494
13.9469
13.9469
5.89783
5.89783
13.7919
13.7919
13.7898
13.7898
16.6231
16.6231
19.0893
19.0893
19.2329
19.2329
19.5262
19.5262
19.3152
19.3152
19.7016
19.7016
5.96466
5.96466
2.81206
2.81206
2.63138
2.63138
2.90202
2.90202
2.97191
2.97191
2.97273
2.97273
2.72285
2.72285
2.70291
2.70291
2.50811
2.50811
2.36189
2.36189
13.8681
13.8681
14.4602
14.4602
14.5151
14.5151
14.247
14.247
14.1949
14.1949
22.5007
22.5007
21.7437
21.7437
22.0785
22.0785
21.1848
21.1848
21.3303
21.3303
20.2602
20.2602
19.8746
19.8746
17.3011
17.3011
17.6536
17.6536
16.5273
16.5273
16.1464
16.1464
12.8342
12.8342
12.794
12.794
13.2658
13.2658
13.514
13.514
0.148425
0.148425
1.07453
1.07453
1.22249
1.22249
14.0545
14.0545
14.0887
14.0887
14.0956
14.0956
14.1123
14.1123
8.30942
8.30942
2.23314
2.23314
2.23695
2.23695
17.8791
17.8791
17.4555
17.4555
20.4605
20.4605
20.7277
20.7277
20.1747
20.1747
19.9892
19.9892
1.5438
1.5438
1.54258
1.54258
1.17275
1.17275
1.1954
1.1954
0.964002
0.964002
13.374
13.374
13.5261
13.5261
19.2146
19.2146
18.3815
18.3815
14.1349
14.1349
14.0362
14.0362
14.1101
14.1101
11.484
11.484
13.8929
13.8929
13.9673
13.9673
15.3705
15.3705
15.8256
15.8256
15.014
15.014
15.4512
15.4512
18.2164
18.2164
17.7984
17.7984
19.0829
19.0829
19.5202
19.5202
0.406761
0.406761
0.160259
0.160259
0.692225
0.692225
0.323107
0.323107
0.520639
0.520639
15.3427
15.3427
15.1375
15.1375
15.5893
15.5893
15.641
15.641
15.8722
15.8722
10.4383
10.4383
10.3648
10.3648
10.4156
10.4156
10.3356
10.3356
4.19882
4.19882
4.5106
4.5106
2.30582
2.30582
2.62817
2.62817
2.4738
2.4738
9.90596
9.90596
13.9608
13.9608
14.0039
14.0039
4.85335
4.85335
5.54954
5.54954
5.21883
5.21883
6.37019
6.37019
6.7417
6.7417
15.9888
15.9888
16.4253
16.4253
16.1642
16.1642
17.7103
17.7103
16.9153
16.9153
17.2634
17.2634
19.7922
19.7922
19.2815
19.2815
19.5819
19.5819
6.36163
6.36163
6.60434
6.60434
5.59823
5.59823
5.24133
5.24133
2.27631
2.27631
2.51636
2.51636
2.45915
2.45915
3.00426
3.00426
2.98231
2.98231
3.20399
3.20399
3.33688
3.33688
2.68986
2.68986
2.54747
2.54747
2.91677
2.91677
2.80061
2.80061
2.8518
2.8518
2.19089
2.19089
2.05871
2.05871
13.5923
13.5923
13.3785
13.3785
14.1308
14.1308
14.3093
14.3093
15.0748
15.0748
14.9266
14.9266
14.6333
14.6333
14.802
14.802
19.0697
19.0697
19.4731
19.4731
19.5066
19.5066
19.1225
19.1225
11.5836
11.5836
10.1734
10.1734
13.7689
13.7689
14.0435
14.0435
0.304182
0.304182
0.267641
0.267641
0.136113
0.136113
0.378901
0.378901
0.398441
0.398441
0.142688
0.142688
2.01224
2.01224
1.82348
1.82348
1.40415
1.40415
1.67833
1.67833
14.0484
14.0484
14.0062
14.0062
8.55197
8.55197
8.77466
8.77466
8.14347
8.14347
7.88413
7.88413
16.293
16.293
16.4434
16.4434
17.0775
17.0775
16.6773
16.6773
1.98271
1.98271
1.69455
1.69455
1.8248
1.8248
13.6829
13.6829
13.559
13.559
13.6645
13.6645
10.9203
10.9203
10.357
10.357
11.9602
11.9602
12.2293
12.2293
13.9802
13.9802
14.0209
14.0209
14.0182
14.0182
15.73
15.73
16.0484
16.0484
19.871
19.871
20.1417
20.1417
19.9686
19.9686
20.3544
20.3544
21.4172
21.4172
21.0684
21.0684
20.6837
20.6837
14.519
14.519
14.9272
14.9272
14.7657
14.7657
16.1067
16.1067
15.7403
15.7403
15.9598
15.9598
15.1675
15.1675
15.4723
15.4723
15.3301
15.3301
10.3951
10.3951
10.4402
10.4402
10.1575
10.1575
10.2347
10.2347
10.2809
10.2809
10.2287
10.2287
9.84267
9.84267
9.71541
9.71541
14.0821
14.0821
14.0431
14.0431
14.0636
14.0636
7.26332
7.26332
7.75832
7.75832
4.8606
4.8606
4.53171
4.53171
12.5251
12.5251
13.1977
13.1977
12.8738
12.8738
18.6994
18.6994
18.0218
18.0218
18.7547
18.7547
18.3839
18.3839
17.9339
17.9339
18.2574
18.2574
10.4501
10.4501
10.4087
10.4087
10.4432
10.4432
14.9663
14.9663
14.3051
14.3051
14.6564
14.6564
2.43205
2.43205
2.07161
2.07161
2.23548
2.23548
8.97245
8.97245
9.06569
9.06569
6.97649
6.97649
7.60189
7.60189
7.26232
7.26232
16.3499
16.3499
16.6903
16.6903
17.3704
17.3704
16.4822
16.4822
16.9498
16.9498
17.4571
17.4571
17.2352
17.2352
9.97963
9.97963
10.1118
10.1118
10.0286
10.0286
9.70012
9.70012
9.59265
9.59265
9.72678
9.72678
8.33705
8.33705
8.94685
8.94685
3.6021
3.6021
4.25704
4.25704
3.95443
3.95443
9.23471
9.23471
9.46775
9.46775
9.31374
9.31374
18.6092
18.6092
19.144
19.144
0.781915
0.781915
1.18607
1.18607
19.5738
19.5738
19.2974
19.2974
0.146389
0.146389
0.24336
0.24336
14.3024
14.3024
12.5937
12.5937
7.27842
7.27842
17.176
17.176
16.6092
16.6092
18.9486
18.9486
3.20125
3.20125
6.10286
6.10286
2.82457
2.82457
3.37894
3.37894
2.68769
2.68769
14.5934
14.5934
14.2304
14.2304
13.3225
13.3225
0.463093
0.463093
1.25799
1.25799
1.71534
1.71534
2.9262
2.9262
18.3896
18.3896
17.7145
17.7145
18.8304
18.8304
19.1506
19.1506
19.2049
19.2049
0.693716
0.693716
0.928996
0.928996
0.587346
0.587346
1.26025
1.26025
1.0434
1.0434
1.28475
1.28475
15.5307
15.5307
15.6274
15.6274
4.37108
4.37108
18.8373
18.8373
19.1416
19.1416
19.1594
19.1594
17.6359
17.6359
18.5887
18.5887
17.6462
17.6462
0.936229
0.936229
0.642276
0.642276
0.713646
0.713646
10.0711
10.0711
12.1076
12.1076
14.2628
14.2628
13.815
13.815
14.0125
14.0125
14.0348
14.0348
13.786
13.786
14.9186
14.9186
14.5893
14.5893
14.5531
14.5531
15.0373
15.0373
13.9801
13.9801
13.8462
13.8462
7.73739
7.73739
6.40287
6.40287
8.07495
8.07495
7.71474
7.71474
17.0773
17.0773
16.6652
16.6652
16.4727
16.4727
16.2185
16.2185
18.0638
18.0638
17.5898
17.5898
18.4402
18.4402
17.8286
17.8286
18.2904
18.2904
18.5773
18.5773
2.95945
2.95945
3.14654
3.14654
3.02693
3.02693
2.54263
2.54263
6.1434
6.1434
6.6144
6.6144
5.48655
5.48655
5.62951
5.62951
4.25382
4.25382
2.45617
2.45617
2.54739
2.54739
2.76728
2.76728
2.60513
2.60513
2.9356
2.9356
2.68356
2.68356
2.9433
2.9433
2.57733
2.57733
2.32531
2.32531
2.32232
2.32232
2.93123
2.93123
2.7435
2.7435
2.60617
2.60617
14.5715
14.5715
14.5104
14.5104
14.3113
14.3113
14.3494
14.3494
14.3345
14.3345
14.4496
14.4496
13.5166
13.5166
13.9204
13.9204
13.5479
13.5479
12.3833
12.3833
12.961
12.961
12.4883
12.4883
0.826433
0.826433
0.657352
0.657352
0.530411
0.530411
1.32937
1.32937
1.35594
1.35594
1.12145
1.12145
0.84763
0.84763
1.1887
1.1887
1.20553
1.20553
0.835987
0.835987
1.54438
1.54438
1.46264
1.46264
3.18204
3.18204
2.68159
2.68159
8.87264
8.87264
7.99459
7.99459
6.89804
6.89804
16.7798
16.7798
17.5815
17.5815
16.7512
16.7512
17.9917
17.9917
18.4086
18.4086
18.5141
18.5141
18.1345
18.1345
17.6263
17.6263
15.708
15.708
15.7032
15.7032
15.3633
15.3633
15.3165
15.3165
4.79548
4.79548
3.77492
3.77492
4.99434
4.99434
4.57075
4.57075
10.5093
10.5093
14.0528
14.0528
11.8278
11.8278
10.7917
10.7917
11.0848
11.0848
13.4019
13.4019
13.979
13.979
13.6281
13.6281
13.7731
13.7731
13.3411
13.3411
12.8665
12.8665
13.5647
13.5647
13.0949
13.0949
13.1962
13.1962
12.9702
12.9702
15.7666
15.7666
16.2417
16.2417
15.8481
15.8481
15.2686
15.2686
15.2887
15.2887
10.6234
10.6234
12.0212
12.0212
5.49459
5.49459
5.65971
5.65971
7.24419
7.24419
6.54398
6.54398
13.5493
13.5493
13.9426
13.9426
13.9246
13.9246
13.5817
13.5817
13.7747
13.7747
13.7602
13.7602
13.6208
13.6208
13.7911
13.7911
13.8812
13.8812
13.7731
13.7731
11.8119
11.8119
10.1321
10.1321
9.03984
9.03984
9.03451
9.03451
14.0744
14.0744
12.3409
12.3409
12.9301
12.9301
12.3948
12.3948
16.0988
16.0988
16.6155
16.6155
16.2301
16.2301
15.6256
15.6256
16.1105
16.1105
15.5824
15.5824
15.6089
15.6089
15.8215
15.8215
17.1804
17.1804
16.9298
16.9298
16.6997
16.6997
17.0866
17.0866
3.07499
3.07499
3.0219
3.0219
3.65627
3.65627
3.15405
3.15405
3.05449
3.05449
2.84241
2.84241
3.49693
3.49693
4.75947
4.75947
4.41981
4.41981
6.72276
6.72276
7.26511
7.26511
4.58255
4.58255
3.39724
3.39724
3.80192
3.80192
4.80801
4.80801
5.53892
5.53892
5.52111
5.52111
3.97367
3.97367
4.49765
4.49765
4.92327
4.92327
4.4398
4.4398
5.22081
5.22081
4.72441
4.72441
2.73144
2.73144
3.03291
3.03291
2.87602
2.87602
2.85179
2.85179
3.38249
3.38249
3.87441
3.87441
3.37313
3.37313
2.48902
2.48902
2.60692
2.60692
2.27973
2.27973
2.14197
2.14197
3.53863
3.53863
3.01237
3.01237
3.04777
3.04777
3.6846
3.6846
1.11014
1.11014
1.33285
1.33285
1.44894
1.44894
2.41861
2.41861
1.91684
1.91684
1.97787
1.97787
15.1608
15.1608
14.8047
14.8047
14.9384
14.9384
14.2173
14.2173
14.2859
14.2859
14.2273
14.2273
13.8506
13.8506
15.2196
15.2196
14.942
14.942
15.0412
15.0412
13.6904
13.6904
13.777
13.777
13.5906
13.5906
13.8853
13.8853
14.299
14.299
14.5985
14.5985
15.431
15.431
15.1518
15.1518
14.391
14.391
14.5427
14.5427
14.1942
14.1942
14.1222
14.1222
13.446
13.446
12.8813
12.8813
12.8217
12.8217
1.11274
1.11274
0.820052
0.820052
0.987027
0.987027
0.923109
0.923109
0.613817
0.613817
0.808615
0.808615
2.183
2.183
1.57536
1.57536
1.97643
1.97643
1.7265
1.7265
1.9588
1.9588
1.42157
1.42157
1.30496
1.30496
4.2617
4.2617
5.05623
5.05623
3.98407
3.98407
3.39139
3.39139
3.10772
3.10772
8.9285
8.9285
9.04235
9.04235
8.18222
8.18222
7.87337
7.87337
8.2169
8.2169
8.45334
8.45334
8.40291
8.40291
7.1439
7.1439
7.57986
7.57986
7.38906
7.38906
9.95519
9.95519
9.61976
9.61976
17.5657
17.5657
17.5099
17.5099
17.1811
17.1811
17.0222
17.0222
17.2485
17.2485
5.77519
5.77519
7.65522
7.65522
6.80604
6.80604
7.9245
7.9245
10.2342
10.2342
10.5375
10.5375
9.31769
9.31769
8.71816
8.71816
9.4804
9.4804
9.54857
9.54857
14.0356
14.0356
14.1133
14.1133
13.5493
13.5493
14.0353
14.0353
14.0629
14.0629
11.8156
11.8156
12.8654
12.8654
13.4778
13.4778
13.2888
13.2888
13.8133
13.8133
13.8964
13.8964
12.9621
12.9621
13.5479
13.5479
13.4549
13.4549
12.7341
12.7341
12.7914
12.7914
12.1101
12.1101
12.4461
12.4461
11.9726
11.9726
11.7744
11.7744
14.0338
14.0338
13.9292
13.9292
14.1989
14.1989
13.7492
13.7492
14.1283
14.1283
13.6951
13.6951
14.0085
14.0085
14.0088
14.0088
14.2894
14.2894
13.3894
13.3894
12.8124
12.8124
12.8334
12.8334
13.2574
13.2574
12.9543
12.9543
13.3018
13.3018
13.4636
13.4636
9.30422
9.30422
9.95502
9.95502
10.4099
10.4099
10.9496
10.9496
10.6603
10.6603
10.436
10.436
10.3019
10.3019
10.6062
10.6062
10.5864
10.5864
10.854
10.854
10.7739
10.7739
10.6201
10.6201
11.5623
11.5623
13.4621
13.4621
13.744
13.744
13.8539
13.8539
13.6314
13.6314
13.6761
13.6761
13.37
13.37
13.6493
13.6493
13.5744
13.5744
13.9186
13.9186
14.0131
14.0131
14.0598
14.0598
13.1446
13.1446
13.3106
13.3106
13.5143
13.5143
13.3938
13.3938
11.673
11.673
10.0726
10.0726
9.93666
9.93666
9.4987
9.4987
7.57118
7.57118
8.04671
8.04671
11.007
11.007
9.89609
9.89609
8.91504
8.91504
8.98217
8.98217
12.1536
12.1536
10.7898
10.7898
11.6006
11.6006
12.023
12.023
10.6757
10.6757
10.2905
10.2905
12.9587
12.9587
13.753
13.753
13.9703
13.9703
13.6877
13.6877
12.0446
12.0446
12.1729
12.1729
12.6235
12.6235
13.0729
13.0729
13.2668
13.2668
13.7303
13.7303
15.8396
15.8396
16.4149
16.4149
16.4929
16.4929
16.2171
16.2171
16.0789
16.0789
16.1785
16.1785
15.9284
15.9284
16.0316
16.0316
16.5057
16.5057
16.6322
16.6322
16.4634
16.4634
2.9002
2.9002
3.01108
3.01108
2.9448
2.9448
2.86937
2.86937
3.09928
3.09928
2.88066
2.88066
3.96159
3.96159
3.95268
3.95268
3.17014
3.17014
3.34887
3.34887
3.36708
3.36708
3.47595
3.47595
2.94703
2.94703
2.98917
2.98917
4.82092
4.82092
5.05357
5.05357
5.32934
5.32934
4.83386
4.83386
6.17246
6.17246
6.82391
6.82391
7.40518
7.40518
7.08796
7.08796
5.78675
5.78675
5.86601
5.86601
6.18261
6.18261
3.51214
3.51214
3.53189
3.53189
3.25342
3.25342
3.70479
3.70479
3.76343
3.76343
2.62647
2.62647
2.25568
2.25568
2.05611
2.05611
2.58149
2.58149
2.67998
2.67998
2.06482
2.06482
1.78394
1.78394
1.83629
1.83629
2.34027
2.34027
2.0729
2.0729
1.82312
1.82312
14.9544
14.9544
14.713
14.713
14.7343
14.7343
14.5142
14.5142
14.5688
14.5688
14.963
14.963
15.1837
15.1837
14.9934
14.9934
15.1315
15.1315
15.1824
15.1824
14.7821
14.7821
14.6704
14.6704
14.8417
14.8417
1.82356
1.82356
1.48342
1.48342
1.63508
1.63508
1.59155
1.59155
1.63599
1.63599
1.55156
1.55156
1.73668
1.73668
7.61056
7.61056
6.41017
6.41017
6.79234
6.79234
5.98337
5.98337
4.13714
4.13714
4.64981
4.64981
9.57201
9.57201
9.99703
9.99703
10.0358
10.0358
9.74734
9.74734
9.53418
9.53418
9.89832
9.89832
9.75333
9.75333
9.74671
9.74671
8.27304
8.27304
9.35403
9.35403
8.88159
8.88159
9.29459
9.29459
9.31733
9.31733
9.38645
9.38645
9.09159
9.09159
9.07359
9.07359
10.5833
10.5833
10.6122
10.6122
9.47779
9.47779
10.1256
10.1256
9.32845
9.32845
7.93441
7.93441
8.09817
8.09817
9.10806
9.10806
10.0772
10.0772
10.4336
10.4336
10.274
10.274
9.99119
9.99119
9.76491
9.76491
10.1449
10.1449
10.196
10.196
10.2623
10.2623
10.2525
10.2525
8.75443
8.75443
8.70413
8.70413
8.29346
8.29346
13.9582
13.9582
13.8675
13.8675
14.0153
14.0153
14.0185
14.0185
14.149
14.149
13.9599
13.9599
13.7969
13.7969
14.0757
14.0757
14.1309
14.1309
13.9135
13.9135
11.103
11.103
11.1657
11.1657
11.4118
11.4118
12.1697
12.1697
12.2232
12.2232
12.1034
12.1034
11.3495
11.3495
13.1303
13.1303
12.7763
12.7763
13.4298
13.4298
13.3708
13.3708
13.431
13.431
13.0135
13.0135
12.8405
12.8405
13.1198
13.1198
10.0667
10.0667
11.4382
11.4382
10.9686
10.9686
11.2344
11.2344
10.0502
10.0502
9.29931
9.29931
13.2194
13.2194
13.2692
13.2692
13.3445
13.3445
13.6207
13.6207
13.5687
13.5687
14.158
14.158
15.8093
15.8093
15.6791
15.6791
15.7267
15.7267
15.7698
15.7698
15.3814
15.3814
15.4184
15.4184
4.1771
4.1771
3.83464
3.83464
4.54734
4.54734
4.50812
4.50812
4.06978
4.06978
3.77355
3.77355
2.29175
2.29175
1.97818
1.97818
1.79478
1.79478
1.66809
1.66809
1.89211
1.89211
1.95245
1.95245
8.15942
8.15942
8.19243
8.19243
6.32981
6.32981
7.35682
7.35682
5.89156
5.89156
4.95382
4.95382
4.80798
4.80798
5.95942
5.95942
7.13858
7.13858
7.20396
7.20396
8.52419
8.52419
9.21579
9.21579
8.77155
8.77155
8.59896
8.59896
7.93191
7.93191
8.26598
8.26598
10.1531
10.1531
10.2447
10.2447
10.1461
10.1461
10.4658
10.4658
9.99877
9.99877
11.7431
11.7431
11.3248
11.3248
11.676
11.676
13.2997
13.2997
13.0008
13.0008
12.3986
12.3986
12.2865
12.2865
12.2569
12.2569
12.8562
12.8562
11.9413
11.9413
11.1632
11.1632
11.8808
11.8808
12.5518
12.5518
12.5077
12.5077
11.1445
11.1445
10.8984
10.8984
11.3251
11.3251
11.3013
11.3013
10.2113
10.2113
10.7399
10.7399
10.5006
10.5006
10.85
10.85
10.5556
10.5556
))
(300 (2 1 3 0 0 1 918)(
2.47629 -0.138942 0 
0.108704 0.722546 0 
0.174589 1.10188 0 
2.31834 0.153729 0 
-0.0581246 1.23794 -1.20218e-19 
-0.0924034 0.643931 -5.32525e-18 
0.522485 0.839331 -3.00913e-19 
0.277842 0.154643 -2.99348e-20 
3.00615 -0.0195652 0 
-0.00916091 0.480478 0 
-0.0182635 0.601016 0 
0.606084 0.00666291 0 
0.0107054 0.439105 0 
-0.00288909 0.421701 0 
0.0140387 0.342977 -1.31036e-18 
-0.00544379 0.75231 -9.21386e-20 
0.314399 0.0745704 2.15183e-18 
0.0783591 0.641254 -2.26742e-19 
1.52887 0.128619 0 
-0.0286821 0.705977 0 
0.197573 0.159754 -1.26996e-18 
3.08302 -0.397379 0 
2.92445 -0.505988 0 
1.86115 -0.181104 0 
0.512799 0.0401011 0 
-0.0253193 0.52154 0 
-0.00135334 0.494038 1.86712e-18 
-0.0243373 1.45147 0 
0.0741435 2.96663 0 
0.170416 1.80037 0 
-0.0405946 3.09174 0 
0.0261817 1.59856 9.24298e-20 
0.0220374 0.670228 0 
-0.147425 0.775094 -2.03545e-22 
-0.193914 1.0291 4.43074e-18 
-0.0415772 1.04471 0 
0.744336 -0.00603635 0 
0.163797 0.250402 6.67553e-19 
0.979128 1.4943 6.61938e-19 
0.640055 0.773467 -5.23072e-19 
0.788779 1.55729 6.32892e-20 
0.411658 0.842835 -3.26821e-19 
0.559733 0.310441 2.94404e-20 
0.300432 0.155174 0 
0.950832 0.559093 0 
0.540623 0.308181 1.32294e-19 
0.261807 0.164964 -1.35753e-19 
0.871519 -0.0554927 0 
3.02784 -0.00171396 0 
3.00685 0.017861 0 
3.20086 -0.417743 0 
3.04288 -0.0742218 0 
3.03116 -0.0388472 0 
0.0174851 0.908123 -1.1446e-18 
-0.0539267 0.978972 0 
0.00256106 0.45737 0 
-0.029626 0.98925 0 
-0.0122183 0.487042 0 
-0.00224926 0.861914 0 
-0.0528876 1.13094 0 
-0.0128581 0.551622 0 
-0.0271027 1.18726 0 
-0.0069601 0.635907 0 
0.78953 0.0114867 0 
1.17096 -0.00168939 0 
0.618922 0.0123167 0 
1.1277 0.0175738 0 
0.570759 0.00860997 0 
0.225406 0.921982 1.96417e-18 
0.0985379 1.2081 0 
0.176302 1.06604 0 
0.0331901 0.755774 2.20441e-23 
0.0372233 0.498055 -2.93758e-18 
0.0194616 0.747943 0 
0.0059542 0.422033 0 
-0.000701953 0.734556 4.53015e-24 
0.000700798 0.414827 0 
-0.0169458 0.743209 0 
-0.0129591 0.428017 0 
0.0509501 0.655376 0 
0.0496982 0.462936 0 
0.00889992 0.624828 1.23892e-18 
0.00120442 0.345747 0 
-0.0777388 4.65666 0 
0.00774756 1.42877 9.14744e-20 
-0.0104433 0.770572 -1.17576e-19 
0.640354 0.152948 -7.50753e-19 
0.323302 0.0658265 -7.28354e-19 
0.64991 0.17086 -2.25446e-18 
0.319954 0.0961492 -1.45193e-18 
0.0794602 0.627621 0 
0.17645 1.30764 1.88719e-19 
0.177699 0.726197 -3.01125e-19 
2.06037 0.26092 0 
1.10709 0.118437 0 
3.03313 0.103883 0 
3.10393 0.446054 0 
2.8392 0.377446 -1.0117e-17 
2.57811 0.361306 7.76302e-18 
-0.0718806 1.30018 0 
-0.0115458 0.642522 0 
-0.0171571 1.96801 0 
-0.0539782 1.3918 0 
-0.0501878 0.701909 0 
0.446446 0.300568 4.01994e-19 
0.228539 0.165805 0 
2.29607 -0.26641 0 
1.3237 -0.119284 0 
1.07861 0.0125088 0 
1.01478 0.0186563 0 
0.542114 0.0106947 0 
1.01632 0.0559003 0 
0.823736 0.0705607 0 
0.344552 0.0287513 3.35932e-18 
-0.00545921 0.451503 1.77925e-18 
-0.0271035 0.78473 0 
-0.0475678 0.847834 0 
-0.0153229 0.460596 0 
0.000131495 0.839724 1.82077e-18 
7.17949e-05 0.487529 0 
-0.00547906 0.845554 -5.60463e-18 
-0.00488637 0.496761 1.89109e-18 
0.0489522 3.64786 0 
0.036511 4.09011 0 
-0.0165271 1.37938 -2.068e-21 
-0.0144522 1.33143 0 
-0.00994006 0.725028 0 
1.40964 0.0347978 0 
0.760191 0.0153715 0 
0.709751 0.0142397 0 
1.4158 -0.0329006 0 
0.773337 -0.00877536 0 
0.327735 0.488431 -8.38159e-19 
0.159342 0.236395 0 
0.330848 0.518211 9.39485e-20 
0.166271 0.273138 0 
1.22354 1.36661 1.68615e-19 
0.767484 0.730133 -3.96538e-19 
0.407933 1.41143 0 
0.600251 1.51934 0 
0.300159 0.808574 0 
0.148133 0.360141 -4.44634e-19 
0.614548 0.283688 0 
0.31654 0.13572 3.99166e-19 
1.40816 1.28774 0 
1.56698 1.15261 0 
0.863218 0.654611 4.65318e-19 
1.71449 0.941408 0 
1.05715 0.433583 2.29378e-20 
1.47271 0.00808288 0 
1.50083 -0.0292738 0 
0.801776 -0.00444013 0 
1.95036 -0.1998 0 
1.65071 -0.148205 0 
1.05211 -0.0889826 0 
3.06126 0.164845 0 
3.03105 0.0687774 0 
3.01022 0.053153 0 
0.0331973 1.61666 6.07424e-19 
0.0167574 0.835407 0 
0.0161461 1.70262 1.07801e-18 
0.00195001 0.941034 -9.69161e-19 
0.0636736 1.1509 1.9099e-19 
0.0472853 0.991375 0 
0.0391303 0.530264 0 
-0.0299287 1.01713 0 
-0.00774297 0.524531 0 
0.0165386 1.60328 -4.42013e-21 
-0.0187351 0.86088 0 
-0.0540337 1.56788 -2.25099e-19 
-0.0162749 0.811701 4.35904e-19 
-0.00295588 1.04479 0 
0.00972757 1.06149 0 
-0.000564283 0.540304 0 
0.00884725 1.19991 0 
7.30739e-05 0.629019 0 
1.46624 -0.00404407 0 
0.787959 0.00788464 0 
1.43907 0.0329943 0 
0.761115 -0.000628237 0 
0.675812 0.00528728 0 
1.2629 0.0165825 0 
1.20358 0.0472545 0 
0.660249 0.0154931 0 
-0.00580081 1.42077 -1.70642e-20 
0.000184234 1.37708 0 
0.00482007 0.732923 0 
0.00172885 0.417221 0 
0.289328 0.839195 0 
0.257687 0.405503 -2.87666e-19 
-0.00158931 0.636305 0 
-0.00869564 0.367714 0 
0.000299226 4.37834 0 
-0.0587403 4.64884 0 
-0.0301048 4.57986 0 
-0.0756253 3.298 2.07106e-20 
-0.0700068 4.55144 0 
-0.05969 4.1127 0 
0.00395929 0.806183 1.07363e-20 
0.0130519 1.53607 1.65094e-19 
-0.0355262 1.47519 1.20805e-19 
-0.00800715 0.811477 0 
0.667991 0.106132 1.15253e-18 
0.327027 0.0441838 -1.12954e-18 
0.151443 1.1508 0 
0.102414 0.582391 -2.70213e-19 
0.119785 1.25107 -8.76765e-19 
0.0522672 0.697028 8.7227e-19 
0.809326 0.0240356 0 
1.55695 0.0476336 0 
1.7098 0.127628 0 
0.919921 0.044506 0 
0.00692083 1.21414 0 
0.0245184 1.22484 0 
0.00378147 0.645638 0 
0.489997 0.320119 1.20639e-18 
0.443858 0.314424 -1.39026e-18 
0.23838 0.166701 0 
1.9274 0.151131 1.15082e-19 
1.13098 0.0921915 0 
1.71879 0.117714 0 
0.881227 0.0223444 0 
0.68104 0.0858716 0 
0.7021 0.0461994 -5.40184e-18 
0.347758 0.0326015 1.99708e-18 
0.00908825 0.807189 1.69887e-18 
0.00220459 0.462474 4.08126e-20 
-0.0108777 1.40842 -3.58878e-20 
0.00613615 1.38675 1.36912e-18 
-0.0149832 0.848955 6.30973e-20 
-0.0119261 0.524486 -2.5351e-22 
-0.107514 1.00068 -1.16754e-18 
-0.0529602 1.3532 8.35899e-19 
-0.0175323 1.35275 -1.361e-18 
1.42162 -0.0171979 0 
1.44155 0.0201809 0 
0.769352 -0.000264594 0 
1.45245 0.0253391 0 
1.36357 0.0461951 0 
0.761713 0.0202783 0 
1.30134 -0.00222467 0 
1.31919 -0.00592658 0 
0.695385 -0.00104134 0 
0.309809 0.481225 -9.17326e-19 
0.163936 0.24653 0 
0.159928 0.313767 1.37464e-19 
0.315014 0.596443 1.12615e-18 
0.312941 0.558547 -6.66674e-19 
0.159544 0.286886 1.30268e-18 
0.283542 0.731482 2.19027e-18 
0.150948 0.387917 3.95262e-19 
0.641828 0.214956 1.53799e-18 
0.632359 0.256083 3.99483e-19 
0.319257 0.115846 7.49722e-19 
1.90312 0.705931 -6.00908e-19 
1.1577 0.3322 -7.02621e-19 
-0.0368293 1.70499 4.63366e-19 
-0.0125553 0.925163 0 
1.59982 0.0231881 0 
1.51912 0.0649617 0 
0.851201 0.0265351 0 
-0.00355938 1.38473 0 
0.00507264 0.729575 2.50179e-18 
0.00465003 0.731252 0 
0.00207039 0.415098 -2.44868e-18 
-0.010278 1.38627 5.9729e-19 
-0.00947425 1.4225 0 
0.341975 0.49596 2.5851e-19 
0.365679 0.554918 -8.64772e-19 
0.174554 0.261844 7.82673e-19 
-0.0256999 0.767287 -1.66799e-18 
-0.026016 0.689722 0 
-0.0154025 0.412814 0 
0.0292922 1.52907 -1.25785e-20 
0.0300544 1.55724 -3.64092e-19 
0.016977 0.811619 -1.54295e-20 
0.216528 1.06069 8.93287e-19 
0.121328 0.517248 -5.94437e-19 
0.0106609 1.49999 7.31444e-19 
0.0551314 1.36813 -8.1681e-19 
0.0261993 0.76964 3.5767e-20 
0.00747538 1.36614 -3.81876e-18 
-0.00024808 1.39327 4.42234e-18 
0.00376826 0.829771 1.73782e-18 
-0.0138495 0.805071 -1.73055e-18 
-0.00431407 0.481391 -1.74348e-18 
-0.0106591 1.41685 -4.51236e-18 
-0.0152297 1.40032 4.60183e-18 
0.292025 0.68758 0 
0.30543 0.646152 -2.29657e-18 
0.154835 0.337744 9.94258e-19 
0.286599 0.810831 1.18995e-18 
0.141385 0.435519 -1.83601e-18 
2.04541 0.319026 4.15467e-19 
2.03628 0.54148 0 
1.21077 0.218734 -4.01694e-19 
-0.0743564 1.62723 -4.79196e-21 
-0.0162772 1.68724 0 
-0.0167866 0.918918 0 
0.230175 0.96053 -3.23946e-19 
0.252364 0.882456 -7.09594e-19 
0.130787 0.471637 1.32991e-18 
3.16441 -0.442895 0 
3.34727 -0.41471 1.81084e-18 
0.0555732 3.55449 0 
0.0439548 2.8894 0 
3.15926 0.249891 1.41884e-20 
3.12356 0.506271 3.70811e-18 
0.0191289 3.3651 -2.77973e-20 
0.00787502 2.60503 0 
-0.0410892 1.19632 1.56038e-18 
0.19505 1.32617 0 
3.44608 1.608 -3.25228e-19 
3.17437 0.272506 -2.96116e-20 
3.14821 -0.1188 0 
3.10047 -0.000434517 3.70212e-22 
0.0388895 2.58829 0 
0.150684 3.32148 0 
-0.0605943 2.56668 0 
-0.0306398 3.46865 3.15724e-19 
-0.0311305 3.53564 1.99366e-19 
2.63615 0.0482011 -1.36253e-20 
3.04546 0.0304317 0 
3.15408 0.085618 0 
-0.0640202 4.60622 0 
-0.0494399 3.0282 0 
-0.0776854 2.99827 0 
0.64197 3.07913 2.6814e-19 
3.33882 -0.422501 0 
3.01134 -0.345841 0 
3.1699 -0.0530749 2.27469e-18 
3.2927 -0.328729 -2.73903e-18 
3.10381 -0.125797 0 
-0.0712989 4.52632 0 
0.00469635 3.99346 0 
-0.00391887 4.30224 0 
-0.0340779 3.16234 0 
-0.0188232 2.92568 0 
-0.0368738 2.50372 0 
2.97357 -0.0034141 0 
2.85111 0.0484114 -1.80458e-20 
2.21755 3.0135 -3.26101e-19 
3.15695 0.0444187 -2.27575e-18 
3.19037 0.27815 2.76636e-18 
3.0828 0.117316 0 
3.39545 0.32884 2.08476e-18 
3.35698 0.484331 -2.70355e-18 
3.07116 0.418402 0 
-0.0572431 3.28759 0 
0.00349996 3.21091 8.56424e-20 
-0.0315491 2.51895 -6.06576e-20 
3.69558 0.549445 2.26363e-18 
3.46417 0.205702 0 
-0.150558 1.27146 -2.17338e-18 
-0.0606776 0.881916 -1.3552e-19 
-0.0818688 1.33822 2.99599e-18 
-0.0334685 1.27153 -9.02682e-19 
0.00113639 1.09006 0 
-0.0266814 1.23941 6.97179e-19 
-0.114462 1.38787 2.15391e-18 
-0.0585612 1.34061 -1.31852e-18 
-0.0769029 1.32059 0 
1.30621 0.603102 0 
1.1965 0.691586 0 
3.53287 2.00999 9.55147e-19 
3.01857 1.91442 -1.19296e-18 
3.82029 1.69045 0 
3.35926 1.1452 0 
3.34945 0.280389 -3.91195e-18 
2.89902 0.173042 4.83366e-18 
3.35127 -0.155623 0 
2.85447 -0.0762368 0 
3.43642 0.0429068 0 
3.59382 0.144931 0 
3.28683 0.119812 0 
3.55036 0.298476 0 
3.40843 0.292997 0 
3.32756 0.218006 0 
0.0896362 2.79494 0 
0.031052 2.08835 0 
0.117367 3.04685 0 
0.0899122 2.20138 0 
0.205558 3.61606 0 
0.13745 2.69937 -5.59278e-19 
0.0441518 3.62757 0 
0.00609638 3.03136 4.05308e-19 
-0.0308489 3.20138 -5.16301e-19 
-0.0649083 2.8388 0 
-0.0275153 2.24331 0 
-0.0797037 2.93944 0 
-0.0577141 2.07705 0 
-0.125115 4.7329 -2.45694e-19 
-0.0882594 3.90871 2.77745e-19 
-0.0821919 3.77845 3.09211e-19 
-0.0554529 2.98972 0 
-0.111853 3.76723 -4.58859e-19 
-0.0415243 3.17281 -2.95113e-19 
-0.0986919 4.76348 1.92457e-19 
-0.107777 4.43541 -3.51056e-19 
-0.0818822 4.31078 -3.79122e-19 
3.0339 0.0874771 3.35351e-18 
2.29155 0.0319272 -4.22343e-18 
2.89449 0.131955 -3.32246e-18 
2.21313 0.0730964 4.14999e-18 
3.36706 0.0267946 0 
2.6415 -0.0029167 0 
3.45131 0.0897807 0 
3.31812 0.0183194 0 
2.7037 0.00866262 0 
3.67567 0.23638 0 
3.43513 0.0940824 0 
2.85785 0.0553741 0 
-0.0313294 4.26753 -1.20944e-20 
-0.0670487 4.62671 0 
-0.0721928 4.49714 0 
-0.0797698 3.44772 8.80418e-20 
-0.0392045 2.72857 -3.47015e-21 
-0.0944808 4.65674 1.14797e-19 
-0.106752 4.46964 -1.16002e-19 
-0.0883122 3.9965 0 
-0.066484 3.9259 0 
-0.0344516 4.04038 0 
-0.0780979 3.31853 0 
-0.0454672 2.35923 0 
0.932853 3.63055 -6.1277e-19 
0.90778 2.82345 -1.78186e-19 
0.436227 2.08462 -2.29013e-19 
0.254005 2.3306 6.98864e-19 
1.01697 4.21692 2.63812e-19 
3.43298 -0.167551 0 
3.32208 -0.256621 0 
2.88315 -0.189558 0 
3.47032 -0.0644593 0 
3.34581 -0.147926 0 
3.44892 -0.261088 0 
3.51949 -0.28367 0 
3.57946 -0.281229 0 
3.22473 0.0930883 3.61392e-18 
2.55572 0.0643893 -4.5698e-18 
3.09729 0.106234 -3.55735e-18 
2.51014 0.0564611 4.42626e-18 
2.21397 3.38281 0 
1.71414 2.91213 -4.49289e-19 
2.54313 3.31901 -4.0602e-19 
2.33589 2.49621 5.39499e-19 
0.788715 1.23423 2.7299e-18 
1.45369 0.216576 1.34184e-18 
3.71614 0.300423 0 
3.88497 0.566831 -1.84456e-18 
3.28921 0.24117 -8.2231e-20 
3.72686 0.436146 0 
0.24815 1.31774 1.80258e-18 
-0.0107832 1.20441 -2.88656e-18 
0.0651353 0.771631 1.62072e-18 
0.284118 0.469223 -7.50591e-19 
0.193076 1.39263 8.74034e-19 
0.0542317 1.24112 0 
0.0602453 1.09148 -1.13623e-18 
0.20031 1.44945 -4.10686e-18 
0.339942 1.56682 0 
0.00858566 1.29014 1.19953e-19 
-0.00979784 1.45729 -1.34426e-18 
-0.0411149 1.30287 1.95427e-18 
-0.0575969 1.41765 0 
-0.020593 1.38219 0 
0.692475 1.06674 0 
2.48275 2.47163 -1.0674e-18 
2.61084 2.14529 3.96466e-19 
2.76397 2.85344 0 
3.19261 3.0412 -3.94548e-19 
3.13858 2.38702 2.81524e-20 
0.8192 0.600877 -1.82781e-18 
1.57516 0.696982 -1.63326e-20 
1.24672 0.455088 8.72606e-19 
1.29683 0.855383 5.96283e-20 
0.955635 0.644051 -2.37486e-18 
1.48442 0.721852 0 
2.01756 1.10906 1.45761e-18 
2.0582 1.02398 0 
1.43381 0.800243 0 
1.07761 0.556634 0 
3.38741 2.17393 1.00685e-18 
3.93668 0.75292 -1.86121e-18 
3.83295 1.20477 0 
3.51528 0.749999 0 
1.40285 0.366508 1.33241e-18 
3.27728 1.84197 -8.516e-19 
2.86057 1.65854 1.54643e-18 
3.76503 1.37018 -1.83331e-18 
3.0983 0.114523 2.46057e-18 
3.16876 0.180675 -2.57557e-18 
2.66217 0.0915566 0 
3.30678 -0.0398176 0 
3.20107 -0.0844425 -2.3634e-18 
2.63191 -0.0322093 2.34258e-18 
3.95649 0.0925816 0 
3.76014 0.145192 0 
3.69372 0.155209 0 
3.58838 0.204588 0 
3.83263 0.0587722 0 
3.7261 0.0520562 0 
-0.0455415 2.52508 0 
-0.041543 2.02781 0 
0.340205 3.97265 -4.12103e-19 
0.649526 3.31004 -1.6116e-19 
0.251192 3.01523 -3.60447e-19 
0.33696 2.53328 5.77423e-19 
0.44244 3.99433 0 
0.450893 4.65904 -5.10067e-19 
0.365099 4.71621 0 
0.90202 4.38582 -3.79486e-19 
0.669937 3.84421 9.69651e-19 
0.579601 4.63711 4.47039e-19 
0.723826 4.17499 -1.88462e-19 
0.583928 4.30326 1.51605e-19 
0.898736 4.63549 -6.64157e-19 
0.731407 4.65148 0 
0.843337 4.57811 5.0506e-19 
-0.0116948 4.56271 -1.81269e-19 
-0.0281176 3.64657 0 
0.084808 4.28803 5.48928e-19 
-0.0184964 4.38651 0 
-0.0120213 3.46889 -4.50712e-19 
-0.0203148 2.91889 0 
-0.116134 4.31584 -2.90561e-19 
-0.12383 4.67145 0 
-0.0665233 3.81853 0 
-0.0537395 3.75242 3.26749e-19 
-0.0576744 3.86907 1.03632e-20 
-0.0437919 3.70116 6.25046e-19 
-0.0449138 2.93809 4.06069e-21 
-0.129458 4.69449 1.80641e-19 
-0.119628 4.72934 1.03425e-19 
-0.0219514 2.67066 0 
-0.00213205 2.1812 0 
-0.0615116 4.77458 4.87091e-19 
-0.0672453 4.31056 4.26076e-19 
-0.101765 4.57981 -5.56468e-19 
-0.00426037 4.74529 0 
-0.0900742 4.49453 -3.10555e-19 
-0.126253 4.11499 1.28141e-19 
-0.0932652 4.20822 -4.14742e-20 
-0.0855148 4.7116 -2.19438e-19 
-0.096667 4.23449 -6.8661e-20 
-0.0934412 4.18364 3.06668e-19 
2.87273 0.0606335 -2.36017e-18 
2.86075 0.0491473 2.26962e-18 
2.34001 0.0343092 0 
3.51419 0.190137 3.04176e-18 
2.70823 0.125744 -3.29987e-18 
2.25887 0.0639178 3.60437e-18 
3.68739 0.332579 -4.01005e-19 
3.20917 -0.0488888 0 
3.17107 -0.0141011 2.23402e-18 
2.68988 -0.0126092 -2.21641e-18 
3.87637 0.120223 -1.2506e-19 
3.77008 0.100375 1.07681e-18 
4.15819 0.170721 0 
4.22761 0.178332 -3.74574e-19 
4.01495 0.143346 0 
3.69693 0.154028 0 
4.0325 0.0943039 0 
3.7124 0.0866701 0 
4.18471 0.112021 7.84312e-19 
4.13754 0.0776883 -1.74541e-18 
4.13976 0.112129 -8.46811e-19 
4.18571 0.11467 -9.23134e-19 
4.21417 0.225802 1.77148e-18 
3.85224 0.186546 0 
4.05798 0.297717 0 
-0.0859326 4.53843 -1.36594e-19 
-0.0426383 4.61011 -1.17272e-20 
-0.0780877 4.63435 0 
-0.0646682 4.14337 1.39051e-19 
-0.0622445 4.16682 2.26118e-20 
-0.0652161 4.02781 -2.19743e-20 
-0.084857 3.48311 2.61098e-19 
-0.151045 3.96001 -1.45253e-20 
-0.112176 4.09451 7.48548e-20 
-0.078525 3.35346 -1.3223e-19 
-0.0271819 2.8795 1.58374e-19 
-0.0878133 4.45056 5.18636e-21 
-0.103586 4.63693 1.71124e-19 
1.22519 4.32911 3.49071e-19 
1.14186 4.50681 7.25317e-19 
1.71316 3.43008 4.34425e-19 
1.28889 3.52353 1.71289e-19 
1.26725 2.85512 0 
0.555254 2.354 2.75733e-19 
0.46949 1.7697 3.31868e-19 
0.346763 2.60196 1.53629e-20 
0.493562 3.21347 -1.16196e-18 
0.636253 3.17153 8.78423e-19 
0.437246 2.43906 0 
0.297066 2.00133 -5.58883e-19 
0.255331 3.10585 1.39664e-18 
0.271494 2.75076 -3.20293e-20 
0.156657 2.30371 -1.75115e-18 
0.602847 1.43718 1.46887e-18 
0.58664 1.64594 0 
3.58363 -0.0752771 8.63308e-20 
3.61858 -0.254212 -7.25105e-20 
3.72129 -0.217877 -1.26501e-18 
3.75923 -0.126208 1.28087e-18 
3.67615 -0.0490422 0 
2.42833 3.84868 0 
2.6076 3.89522 0 
2.87648 3.60235 0 
2.72779 3.62825 0 
0.869658 1.41872 -3.46021e-21 
0.622952 1.05772 0 
1.7303 3.42186 1.50375e-20 
1.43158 3.49527 0 
1.34568 2.99358 -1.28708e-18 
1.42652 2.93071 8.26397e-19 
1.80042 0.310744 0 
1.43847 0.262626 3.51842e-19 
2.42071 0.358314 2.18928e-18 
1.79402 0.284566 -7.8475e-19 
1.43198 0.112133 -2.49223e-18 
4.26425 0.782143 -2.56126e-18 
3.86255 0.988408 -3.64512e-20 
3.31223 0.840536 2.06507e-18 
3.88487 0.740005 1.81062e-18 
3.13298 0.46362 -3.04089e-18 
2.92071 0.450545 3.74522e-19 
3.20612 0.680346 -8.17636e-19 
2.9886 0.680386 0 
3.76715 0.559829 1.53532e-18 
4.10111 0.623759 0 
4.09698 0.769336 0 
4.04081 0.411394 8.22516e-19 
4.2949 0.636068 -3.03974e-20 
4.24293 0.707888 -4.52106e-19 
4.17021 0.635513 0 
3.61838 0.128799 1.71549e-18 
4.19045 0.180754 2.14071e-18 
4.09195 0.149548 -1.67679e-18 
4.13847 0.23773 -1.44051e-18 
3.7489 0.23583 -2.153e-18 
3.31097 0.374256 0 
3.40882 0.300191 0 
2.56406 0.189933 -1.26425e-18 
2.11456 0.11875 4.76127e-19 
4.03969 0.349479 1.93703e-18 
4.2859 0.427736 -2.34327e-18 
4.28636 0.48406 2.06587e-18 
4.15982 0.487951 0 
4.25532 0.332661 0 
4.26472 0.319849 -9.78811e-19 
4.21464 0.312606 -1.59379e-18 
2.24295 3.50606 6.20072e-19 
1.95993 3.26174 -6.83962e-19 
1.47039 2.39048 -1.03425e-18 
1.20806 2.02667 2.67472e-19 
0.900091 1.40203 -2.63618e-18 
0.80747 1.23536 9.2416e-19 
0.611183 0.919159 -1.8892e-21 
1.13463 1.81306 -1.14064e-18 
1.16273 1.91266 1.70274e-18 
0.991671 1.72534 5.07214e-19 
0.799246 1.30856 -5.13851e-19 
0.645629 1.09047 0 
2.4723 2.62467 -1.15408e-19 
0.725774 1.15653 8.60187e-19 
0.947933 0.906104 1.15947e-18 
0.773301 0.826309 1.34248e-18 
1.10284 0.759182 1.34425e-18 
1.49328 1.06084 -2.27526e-18 
1.40896 1.08912 1.84365e-18 
1.02125 0.779798 -6.78679e-19 
0.831941 0.57829 1.49849e-18 
1.62983 0.493522 -7.77887e-19 
1.57507 0.51245 0 
1.25148 0.410368 4.77702e-21 
2.53783 1.5255 7.76346e-19 
2.10934 1.28217 -2.81167e-18 
1.71498 1.20074 9.58571e-21 
1.68769 1.10578 0 
2.88232 2.60113 8.73426e-19 
3.44363 2.73953 1.03555e-18 
3.2548 2.92254 -1.19374e-18 
3.54411 2.74749 -4.27642e-19 
3.46592 2.5796 -1.34824e-19 
3.49699 2.77307 1.38642e-19 
3.67965 2.25381 -1.67698e-18 
3.69736 2.47901 4.00947e-19 
3.77071 2.41639 0 
3.77037 2.17319 -5.7902e-19 
4.05327 1.0658 5.79692e-19 
4.27125 0.983685 1.00083e-18 
4.29769 0.957256 1.01011e-18 
4.05781 1.31952 -1.14799e-18 
4.09588 1.33688 0 
4.14426 1.22132 0 
3.34621 1.23247 -1.51278e-20 
2.43613 0.667656 0 
2.73956 0.743503 9.30084e-19 
3.25451 0.88208 -2.60707e-20 
3.78289 1.527 5.1004e-18 
3.58255 1.75543 1.30955e-18 
3.49669 1.53648 -1.33969e-18 
3.0599 1.37007 1.43642e-18 
2.78629 1.37286 8.23893e-19 
2.33358 1.16252 -7.97936e-19 
3.67196 -0.0858466 1.98209e-18 
3.89466 -0.0292551 0 
3.85889 -0.0668535 1.34036e-18 
3.74281 -0.0596995 -2.98396e-18 
3.98055 0.0369373 1.46006e-18 
3.90455 0.113005 -3.07891e-18 
3.74003 0.127585 0 
3.55653 0.173209 -6.27721e-19 
3.81204 0.122716 1.60321e-18 
3.69205 0.191146 -8.21501e-19 
3.60044 0.170851 5.89937e-19 
-0.0855865 2.61871 0 
-0.0565454 3.41764 0 
-0.0372517 2.48286 0 
-0.0248866 1.99352 0 
0.0311074 3.93672 6.7378e-19 
0.126616 3.71701 -1.74338e-19 
0.297908 4.62949 -2.30071e-19 
0.234006 4.4441 2.42727e-19 
-0.0423418 4.29135 -4.9955e-19 
-0.0061111 4.32193 3.75112e-19 
0.0800539 3.86798 2.23093e-20 
-0.00220172 3.56104 -4.6871e-19 
-0.0217472 3.3215 -6.25548e-20 
-0.0517328 3.68048 -5.7002e-20 
0.136196 4.47534 -5.86264e-19 
0.163294 4.29498 0 
0.257368 4.63314 2.96042e-19 
0.248573 4.69957 2.53022e-19 
0.581226 4.44852 -2.25899e-19 
0.402067 3.80978 0 
0.451832 3.65719 -1.11584e-18 
0.555413 4.0256 7.90652e-19 
0.464572 4.56292 -6.14563e-19 
0.354283 4.43967 3.30693e-19 
0.287493 4.17421 0 
-0.0537782 4.74744 -5.53929e-19 
-0.0903554 4.50813 -6.41288e-19 
-0.093816 4.7211 0 
-0.0438147 4.34875 -6.16996e-21 
-0.0370553 4.6301 2.74505e-19 
-0.130085 3.90428 4.5e-20 
-0.0632964 3.52217 -6.58291e-19 
-0.107819 3.9534 1.75518e-19 
-0.153617 4.52402 2.33819e-19 
-0.092159 4.33671 0 
-0.0734177 3.92145 0 
-0.088067 2.95783 2.02786e-19 
-0.0571505 3.68354 -6.32723e-20 
-0.0825006 3.66658 0 
-0.0914628 2.7404 1.59818e-19 
-0.0485731 2.2443 -3.09512e-19 
3.76036 0.0315858 0 
3.73115 0.00696177 -2.03003e-19 
4.17928 0.0666235 -1.43796e-18 
4.08843 0.0449889 0 
3.87516 0.0166088 0 
4.14966 0.0360738 -1.24693e-20 
4.10024 0.0340943 2.37569e-18 
4.00048 0.079197 2.84163e-18 
3.75664 0.117832 0 
3.55903 0.10929 0 
4.01394 0.0925845 1.41546e-18 
3.70442 0.115062 0 
3.47355 0.128068 0 
-0.0949357 4.67136 0 
-0.118372 4.64868 1.08127e-20 
-0.0928393 4.69541 6.38444e-20 
-0.0713267 3.87585 0 
-0.123779 4.53762 1.11394e-19 
-0.0811781 4.27107 -6.37711e-20 
-0.0667039 3.98213 0 
1.40985 4.20296 0 
1.19411 4.56474 -1.29743e-18 
1.21259 4.48426 0 
1.5595 4.46792 1.48531e-18 
1.57364 4.08584 0 
1.48261 4.34425 -6.07278e-19 
1.02869 2.27981 -3.40679e-20 
0.72311 1.67515 -1.75128e-18 
0.602179 1.24981 2.13653e-18 
0.720707 1.86785 3.9832e-19 
0.9897 2.46421 0 
1.05324 2.41853 0 
0.730795 1.71811 0 
0.54188 1.35506 -1.40064e-18 
1.21629 3.80504 -9.84661e-19 
1.1412 3.03008 -2.35963e-19 
1.33903 3.44107 1.92982e-19 
0.606539 2.07421 0 
0.629699 1.97586 0 
0.469471 1.59899 -3.94249e-19 
0.968923 2.76043 0 
2.68678 3.56629 0 
2.40201 3.02715 -1.45481e-18 
2.5633 3.03904 -8.58343e-20 
2.43396 3.41726 0 
2.30827 3.17208 2.22157e-18 
3.27594 3.07545 -3.89537e-19 
3.11971 3.30308 0 
3.10346 3.12877 6.30221e-19 
2.8657 3.40461 0 
2.88421 3.19942 0 
1.23079 2.04079 -9.32981e-19 
1.43809 2.44113 -7.00868e-19 
1.77632 3.01738 1.20757e-18 
1.71849 2.99743 -3.63011e-19 
1.0814 1.85405 0 
1.22597 2.2445 4.72115e-19 
0.731686 1.31168 -7.17561e-19 
0.59222 1.06256 -6.21229e-22 
1.94988 3.72004 0 
2.20779 3.75527 -5.42264e-19 
2.33731 3.98097 0 
2.29689 0.528284 0 
1.62743 0.342578 0 
1.21782 0.27765 0 
2.22377 0.554258 -1.46433e-18 
1.64788 0.403479 8.17022e-19 
2.15206 0.128736 -9.83829e-19 
2.63457 0.296636 0 
2.4738 0.300997 4.12996e-19 
1.77641 0.135522 1.63106e-18 
1.53544 0.0812361 -1.03576e-18 
0.75821 1.57663 8.60126e-19 
0.977276 1.8451 0 
0.547041 1.45778 1.56544e-18 
0.53547 1.63038 -1.42919e-18 
0.773935 1.83348 -9.91811e-19 
2.10355 2.4875 1.33988e-18 
2.12633 2.7387 0 
1.61511 1.70316 -2.77033e-19 
2.04236 2.01318 1.74705e-18 
1.38831 1.31434 -4.24569e-19 
1.61851 1.33398 4.51824e-19 
2.14125 1.529 1.02481e-18 
2.47435 1.6836 0 
2.30772 1.87409 0 
2.04204 1.62544 0 
3.95156 2.06389 3.84339e-19 
3.76709 1.88001 -1.26202e-18 
3.8214 2.01619 1.04501e-18 
3.90493 1.75965 -1.00693e-18 
4.15098 1.66034 0 
4.10719 1.82516 -2.97529e-19 
2.86416 1.16452 -1.89697e-18 
2.99206 1.16272 -2.41114e-18 
2.35673 1.04775 1.45628e-18 
2.16142 0.938972 -1.4205e-18 
2.4845 0.847494 -1.17795e-18 
2.19947 0.780441 1.44855e-18 
4.00841 0.0329914 -1.52685e-18 
4.05272 0.0400991 3.12598e-18 
3.7677 -0.0663108 1.89841e-18 
3.79088 -0.0742295 -2.28377e-18 
3.95918 0.00982905 0 
4.05585 0.0221064 -3.72471e-18 
0.0756479 4.74843 1.06751e-19 
0.0467384 4.71835 0 
0.168888 4.72055 9.53345e-19 
0.190244 4.73716 -8.67354e-19 
0.210081 4.70279 4.28993e-19 
0.101725 4.64491 0 
-0.116424 4.75402 0 
-0.121089 4.41006 -6.21893e-20 
-0.120498 4.35004 5.57513e-20 
-0.129175 4.48645 7.52575e-21 
-0.11985 4.69806 -1.01586e-19 
-0.0972904 4.68668 5.51731e-20 
1.87905 4.01834 -1.64257e-18 
1.81728 4.02777 1.74017e-18 
1.67141 4.39139 -8.5422e-19 
1.69254 4.2838 7.61532e-20 
2.24173 4.05595 0 
1.83686 4.18814 -6.37965e-19 
1.96415 3.92621 6.18705e-19 
1.80727 4.35562 8.34405e-19 
2.06271 4.20576 0 
2.21704 4.08576 0 
1.14569 3.66382 1.49688e-18 
0.835976 2.85131 2.02903e-18 
0.963837 3.02985 -1.39339e-18 
0.754918 3.01258 -2.32634e-19 
0.906756 3.767 4.67222e-19 
0.727036 3.40338 -1.13639e-18 
0.759936 1.49184 -1.21917e-18 
0.759177 1.34071 0 
0.613282 1.13448 -1.33991e-18 
1.12923 2.09874 0 
1.10687 2.18596 0 
1.38559 2.21674 -1.09339e-18 
1.08443 2.04011 -1.03859e-18 
1.03697 2.05907 1.10173e-18 
1.05796 1.53913 0 
1.44156 1.7867 -6.0271e-19 
1.65753 2.147 -8.56325e-19 
1.43908 2.10787 0 
0.888463 1.83677 7.14876e-19 
0.800433 1.69491 0 
2.93021 2.2968 -1.84548e-18 
3.32972 2.46751 2.60582e-18 
3.29396 2.19128 -2.59004e-18 
2.63921 2.03356 -2.31171e-19 
2.75247 1.94925 -9.73921e-19 
1.28523 2.21871 7.9818e-19 
1.33982 2.27605 -1.36284e-18 
1.48116 2.35872 1.79638e-18 
1.81864 2.58882 -1.16746e-18 
1.91462 2.96488 -1.56873e-18 
1.58924 2.52152 -1.18822e-19 
1.65908 2.66338 1.37394e-18 
1.83826 2.72501 9.67971e-20 
2.04316 3.02792 6.5099e-19 
))
(300 (2 10 3 0 0 919 1018)(
0 0 0 
0 0 0 
0 0 0 
0 0 0 
0 0 0 
0 0 0 
0 0 0 
0 0 0 
0 0 0 
0 0 0 
0 0 0 
0 0 0 
0 0 0 
0 0 0 
0 0 0 
0 0 0 
0 0 0 
0 0 0 
0 0 0 
0 0 0 
0 0 0 
0 0 0 
0 0 0 
0 0 0 
0 0 0 
0 0 0 
0 0 0 
0 0 0 
0 0 0 
0 0 0 
0 0 0 
0 0 0 
0 0 0 
0 0 0 
0 0 0 
0 0 0 
0 0 0 
0 0 0 
0 0 0 
0 0 0 
0 0 0 
0 0 0 
0 0 0 
0 0 0 
0 0 0 
0 0 0 
0 0 0 
0 0 0 
0 0 0 
0 0 0 
0 0 0 
0 0 0 
0 0 0 
0 0 0 
0 0 0 
0 0 0 
0 0 0 
0 0 0 
0 0 0 
0 0 0 
0 0 0 
0 0 0 
0 0 0 
0 0 0 
0 0 0 
0 0 0 
0 0 0 
0 0 0 
0 0 0 
0 0 0 
0 0 0 
0 0 0 
0 0 0 
0 0 0 
0 0 0 
0 0 0 
0 0 0 
0 0 0 
0 0 0 
0 0 0 
0 0 0 
0 0 0 
0 0 0 
0 0 0 
0 0 0 
0 0 0 
0 0 0 
0 0 0 
0 0 0 
0 0 0 
0 0 0 
0 0 0 
0 0 0 
0 0 0 
0 0 0 
0 0 0 
0 0 0 
0 0 0 
0 0 0 
0 0 0 
))
(300 (2 11 3 0 0 1019 1026)(
3 0 0 
3 0 0 
3 0 0 
3 0 0 
3 0 0 
3 0 0 
3 0 0 
3 0 0 
))
(300 (2 12 3 0 0 1027 1030)(
0 1 0 
0 1 0 
0 1 0 
0 1 0 
))
(300 (2 13 3 0 0 1031 1038)(
0.174589 1.10188 0 
-0.0581246 1.23794 -1.20218e-19 
0.0741435 2.96663 0 
-0.0405946 3.09174 0 
-0.0777388 4.65666 0 
0.036511 4.09011 0 
-0.0301048 4.57986 0 
-0.05969 4.1127 0 
))
(300 (2 14 3 0 0 1039 1072)(
0 0 0 
0 0 0 
0 0 0 
0 0 0 
0 0 0 
0 0 0 
0 0 0 
0 0 0 
0 0 0 
0 0 0 
0 0 0 
0 0 0 
0 0 0 
0 0 0 
0 0 0 
0 0 0 
0 0 0 
0 0 0 
0 0 0 
0 0 0 
0 0 0 
0 0 0 
0 0 0 
0 0 0 
0 0 0 
0 0 0 
0 0 0 
0 0 0 
0 0 0 
0 0 0 
0 0 0 
0 0 0 
0 0 0 
0 0 0 
))
(300 (2 15 3 0 0 1073 1072)(
))
