(0 "FOAM to Fluent data File")

(33 (918 3444 1074))
(300 (1 1 1 0 0 1 918)(
23.4497
23.6191
0.985517
22.8668
0.99649
23.1355
3.32758
13.8049
19.2228
2.95167
2.64525
14.3886
20.6785
16.9199
13.039
0.927801
14.0477
2.28165
18.4403
1.40466
13.0324
20.4284
21.5171
19.2647
14.1044
14.412
18.6408
1.18347
0.114215
0.275658
0.969401
0.409212
0.155591
21.6724
22.349
22.2874
15.4758
10.4324
3.64747
3.84919
3.03813
2.85933
13.845
13.9427
5.89277
13.7871
13.7849
16.6245
19.0908
19.2344
19.5277
19.3167
19.7031
5.9665
2.80882
2.62834
2.89829
2.96841
2.97224
2.72014
2.70008
2.50558
2.35934
13.8694
14.4618
14.5167
14.2484
14.1963
22.4951
21.7381
22.0729
21.1792
21.3247
20.2546
19.869
17.2955
17.648
16.5217
16.1409
12.8286
12.7887
13.2598
13.5082
0.148305
1.07445
1.22221
14.0531
14.0877
14.0936
14.1099
8.30902
2.2293
2.23301
17.8806
17.4571
20.4621
20.7293
20.1763
19.9908
1.54234
1.54074
1.17075
1.19379
0.962421
13.3687
13.5209
19.2161
18.383
14.1362
14.0373
14.1113
11.4848
13.8937
13.968
15.3649
15.82
15.0085
15.4456
18.2108
17.7928
19.0774
19.5146
0.405351
0.159616
0.691978
0.322919
0.520482
15.3442
15.1389
15.5909
15.6425
15.8737
10.4357
10.3626
10.4129
10.3329
4.1924
4.50438
2.30131
2.62289
2.46916
9.9033
13.9568
14.0003
4.84724
5.54412
5.21298
6.36617
6.73801
15.9903
16.4268
16.1656
17.7118
16.9168
17.2649
19.7937
19.283
19.5834
6.36365
6.60574
5.60003
5.24274
2.27296
2.51337
2.4563
3.00072
2.97882
3.2039
3.33675
2.68917
2.54675
2.91334
2.7976
2.84854
2.18845
2.05644
13.5936
13.3798
14.1322
14.3107
15.0764
14.9282
14.6349
14.8036
19.0641
19.4676
19.501
19.1169
11.5797
10.1719
13.763
14.0377
0.303663
0.26767
0.136184
0.379361
0.398683
0.142485
2.01151
1.82288
1.40375
1.67793
14.0476
14.0058
8.55139
8.77373
8.1434
7.88426
16.2946
16.4449
17.0791
16.6788
1.98075
1.69263
1.82289
13.6779
13.5539
13.6594
10.9209
10.3572
11.9612
12.2304
13.98
14.0213
14.0183
15.7244
16.0428
19.8654
20.1361
19.963
20.3488
21.4116
21.0629
20.6781
14.5204
14.9286
14.7671
16.1083
15.7419
15.9613
15.1691
15.4739
15.3317
10.393
10.4382
10.1547
10.232
10.2782
10.226
9.84018
9.71299
14.0794
14.0398
14.0606
7.2604
7.75586
4.86172
4.53265
12.5262
13.199
12.875
18.6938
18.0162
18.7491
18.3783
17.9283
18.2518
10.4481
10.4069
10.4414
14.9606
14.2993
14.6507
2.43123
2.07064
2.23436
8.97134
9.06443
6.97776
7.60256
7.2631
16.3443
16.6847
17.3649
16.4766
16.9442
17.4515
17.2296
9.97687
10.109
10.0259
9.69775
9.59044
9.72653
8.33546
8.94575
3.60223
4.25799
3.95493
9.23331
9.46583
9.31198
18.6107
19.1455
0.780183
1.18296
19.5753
19.299
0.146481
0.243566
14.2968
12.589
7.27493
17.1775
16.6107
18.9502
3.19941
6.10342
2.82238
3.37853
2.68683
14.595
14.2316
13.3236
0.462448
1.25804
1.71449
2.92379
18.3911
17.7159
18.8319
19.1521
19.2064
0.693358
0.927496
0.58724
1.2581
1.04165
1.2834
15.5321
15.629
4.36581
18.8389
19.1431
19.1609
17.6375
18.5902
17.6477
0.936507
0.64283
0.71351
10.0709
12.1081
14.2572
13.8094
14.0069
14.0292
13.7803
14.913
14.5835
14.5475
15.0317
13.9765
13.8417
7.73531
6.39889
8.07265
7.71233
17.0789
16.6667
16.4742
16.2199
18.0653
17.5914
18.4417
17.8301
18.2919
18.5788
2.95607
3.14374
3.0246
2.53982
6.14371
6.61495
5.48697
5.6307
4.25438
2.45293
2.54501
2.76519
2.6022
2.93442
2.68236
2.94257
2.57638
2.32447
2.32134
2.93037
2.74215
2.60489
14.5732
14.512
14.3129
14.3511
14.3357
14.4509
13.5178
13.9217
13.5492
12.384
12.9622
12.4895
0.82689
0.65729
0.530175
1.3288
1.35515
1.12033
0.84607
1.18697
1.20498
0.83338
1.54421
1.46064
3.17913
2.67782
8.87135
7.99415
6.89774
16.7812
17.583
16.7527
17.9932
18.4101
18.5156
18.136
17.6278
15.7096
15.7048
15.3649
15.3181
4.79169
3.76983
4.99062
4.56594
10.5066
14.0529
11.8284
10.792
11.0855
13.4035
13.9733
13.6226
13.7665
13.3353
12.8615
13.5588
13.0895
13.1907
12.9654
15.761
16.2361
15.8425
15.263
15.2831
10.6211
12.0201
5.48973
5.656
7.24214
6.54148
13.544
13.9394
13.9217
13.5772
13.7697
13.7565
13.6174
13.788
13.877
13.769
11.812
10.1323
9.03908
9.03357
14.0727
12.34
12.9285
12.3954
16.1004
16.6171
16.2317
15.6271
16.1119
15.5838
15.6104
15.8231
17.1819
16.9314
16.7013
17.0881
3.07146
3.01843
3.65379
3.15124
3.05169
2.83993
3.49453
4.75824
4.41829
6.72224
7.26517
4.58095
3.39319
3.79952
4.80632
5.5384
5.51971
3.97282
4.49816
4.92348
4.4396
5.22186
4.72524
2.72973
3.03109
2.8736
2.84952
3.38194
3.8746
3.37274
2.48754
2.60472
2.27728
2.13956
3.53725
3.00904
3.04458
3.6829
1.10894
1.33194
1.44767
2.41778
1.91538
1.97681
15.1624
14.8063
14.94
14.219
14.2873
14.2287
13.8522
15.221
14.9433
15.0426
13.6917
13.7783
13.5919
13.8867
14.3007
14.6001
15.4326
15.1534
14.3926
14.5442
14.1956
14.1236
13.4472
12.8827
12.8229
1.11264
0.820157
0.986637
0.922571
0.613892
0.808573
2.18238
1.57442
1.97497
1.72603
1.95831
1.41954
1.3045
4.25941
5.05465
3.98026
3.38783
3.1034
8.9272
9.04089
8.18173
7.87282
8.21624
8.45248
8.4022
7.14448
7.58001
7.38948
9.95238
9.61726
17.5672
17.5114
17.1826
17.0237
17.2501
5.77227
7.65465
6.80302
7.92175
10.2319
10.5346
9.31704
8.71704
9.47867
9.54769
14.0354
14.1129
13.5497
14.0357
14.0634
11.8167
12.866
13.4786
13.2904
13.8142
13.8969
12.9618
13.5481
13.4565
12.7363
12.7928
12.1111
12.4475
11.9742
11.7756
14.0355
13.9308
14.2004
13.7508
14.13
13.6964
14.0101
14.01
14.2907
13.3908
12.8137
12.8343
13.2585
12.956
13.3033
13.4653
9.30447
9.9545
10.408
10.9472
10.6577
10.434
10.3
10.6039
10.5839
10.8517
10.7716
10.6183
11.5616
13.4565
13.7386
13.8476
13.6266
13.6716
13.3654
13.6441
13.5695
13.9167
14.0103
14.0574
13.1423
13.3071
13.5102
13.3899
11.6723
10.0733
9.93649
9.49809
7.56957
8.04482
11.0074
9.8951
8.9135
8.98115
12.1538
10.7903
11.6014
12.0237
10.6764
10.2909
12.9585
13.7519
13.9697
13.688
12.0447
12.1727
12.6231
13.0719
13.2653
13.7278
15.8411
16.4164
16.4944
16.2186
16.0804
16.18
15.93
16.0332
16.5073
16.6338
16.465
2.89715
3.00824
2.94096
2.86603
3.09636
2.87681
3.95898
3.9498
3.16737
3.34632
3.3646
3.47358
2.94424
2.98639
4.82069
5.05375
5.32914
4.83299
6.17185
6.82406
7.4057
7.08773
5.78623
5.86616
6.18303
3.5105
3.53145
3.25246
3.70425
3.76235
2.62478
2.2538
2.05455
2.57878
2.67776
2.06312
1.78232
1.83429
2.33947
2.07069
1.82123
14.9559
14.7144
14.7357
14.5156
14.5702
14.9645
15.1853
14.995
15.1331
15.184
14.7836
14.672
14.8433
1.82297
1.48417
1.63365
1.59029
1.63609
1.55083
1.73637
7.61022
6.40965
6.79236
5.98194
4.1339
4.64754
9.5695
9.99444
10.0332
9.745
9.53193
9.89628
9.75083
9.74425
8.27214
9.35281
8.88058
9.29297
9.31526
9.38446
9.09
9.07333
10.5829
10.6122
9.47763
10.1248
9.32729
7.9321
8.09633
9.10722
10.0774
10.4313
10.272
9.99023
9.76366
10.1424
10.1939
10.2596
10.2498
8.75382
8.70469
8.29424
13.9579
13.8667
14.0143
14.0177
14.1478
13.961
13.7981
14.0766
14.1316
13.9145
11.1005
11.1629
11.4087
12.1655
12.2187
12.1022
11.348
13.1267
12.7737
13.4252
13.3666
13.428
13.0111
12.8381
13.1164
10.0667
11.4382
10.9687
11.2345
10.0501
9.29855
13.2179
13.2683
13.3424
13.6181
13.5675
14.1561
15.8108
15.6806
15.7282
15.7713
15.3829
15.4199
4.17607
3.83289
4.54619
4.50669
4.06789
3.77141
2.29156
1.9772
1.79337
1.66667
1.89172
1.95172
8.15866
8.19182
6.32909
7.35616
5.88939
4.95123
4.80485
5.95818
7.13777
7.2029
8.52358
9.21446
8.7702
8.59761
7.9311
8.26517
10.1504
10.2422
10.1435
10.4631
9.99594
11.7399
11.3218
11.6726
13.2951
12.9969
12.3955
12.2833
12.2529
12.8514
11.9407
11.1634
11.8806
12.5502
12.5061
11.1419
10.896
11.3226
11.2995
10.21
10.7379
10.4988
10.8483
10.5549
))
(300 (1 10 1 0 0 919 1018)(
23.4497
23.6191
0.985517
22.8668
23.1355
3.32758
13.8049
2.95167
2.64525
14.3886
20.6785
16.9199
13.039
14.0477
2.28165
18.4403
1.40466
13.0324
19.2647
14.1044
14.412
18.6408
1.18347
21.6724
15.4758
3.84919
2.85933
13.9427
5.89277
13.7849
16.6245
2.62834
2.96841
2.70008
2.35934
13.8694
14.5167
14.1963
21.3247
19.869
17.648
16.1409
12.7887
13.5082
14.0877
14.1099
2.23301
17.4571
19.9908
1.54074
0.962421
13.5209
18.383
14.1113
11.4848
13.968
15.3649
15.4456
17.7928
19.5146
15.1389
15.5909
15.8737
4.50438
2.46916
14.0003
5.21298
6.73801
16.1656
17.2649
2.4563
2.97882
2.84854
2.05644
13.3798
14.3107
15.0764
14.8036
19.1169
14.0377
14.0058
16.2946
16.6788
1.82289
13.6594
10.3572
12.2304
14.0183
16.0428
20.3488
14.7671
15.9613
15.3317
14.0606
7.75586
12.875
18.3783
14.6507
16.9442
8.94575
))
(300 (1 11 1 0 0 919 926)(
23.4497
22.8668
19.2228
20.4284
19.2344
19.7031
20.4621
19.5834
))
(300 (1 12 1 0 0 919 922)(
23.6191
23.1355
22.2874
22.0729
))
(300 (1 13 1 0 0 919 926)(
0
0
0
0
0
0
0
0
))
(300 (1 14 1 0 0 919 952)(
0.99649
0.927801
0.155591
10.4324
5.9665
2.97224
1.22221
8.30902
0.520482
10.3626
10.3329
9.9033
6.60574
5.24274
3.33675
2.54675
10.1719
2.01151
1.67793
8.77373
7.88426
10.4382
10.1547
10.226
9.71299
4.53265
10.4414
2.23436
9.06443
7.2631
10.0259
9.59044
3.95493
9.31198
))
(300 (1 15 1 0 0 919 2754)(
23.4497
23.4497
23.6191
23.6191
0.985517
0.985517
22.8668
22.8668
0.99649
0.99649
23.1355
23.1355
3.32758
3.32758
13.8049
13.8049
19.2228
19.2228
2.95167
2.95167
2.64525
2.64525
14.3886
14.3886
20.6785
20.6785
16.9199
16.9199
13.039
13.039
0.927801
0.927801
14.0477
14.0477
2.28165
2.28165
18.4403
18.4403
1.40466
1.40466
13.0324
13.0324
20.4284
20.4284
21.5171
21.5171
19.2647
19.2647
14.1044
14.1044
14.412
14.412
18.6408
18.6408
1.18347
1.18347
0.114215
0.114215
0.275658
0.275658
0.969401
0.969401
0.409212
0.409212
0.155591
0.155591
21.6724
21.6724
22.349
22.349
22.2874
22.2874
15.4758
15.4758
10.4324
10.4324
3.64747
3.64747
3.84919
3.84919
3.03813
3.03813
2.85933
2.85933
13.845
13.845
13.9427
13.9427
5.89277
5.89277
13.7871
13.7871
13.7849
13.7849
16.6245
16.6245
19.0908
19.0908
19.2344
19.2344
19.5277
19.5277
19.3167
19.3167
19.7031
19.7031
5.9665
5.9665
2.80882
2.80882
2.62834
2.62834
2.89829
2.89829
2.96841
2.96841
2.97224
2.97224
2.72014
2.72014
2.70008
2.70008
2.50558
2.50558
2.35934
2.35934
13.8694
13.8694
14.4618
14.4618
14.5167
14.5167
14.2484
14.2484
14.1963
14.1963
22.4951
22.4951
21.7381
21.7381
22.0729
22.0729
21.1792
21.1792
21.3247
21.3247
20.2546
20.2546
19.869
19.869
17.2955
17.2955
17.648
17.648
16.5217
16.5217
16.1409
16.1409
12.8286
12.8286
12.7887
12.7887
13.2598
13.2598
13.5082
13.5082
0.148305
0.148305
1.07445
1.07445
1.22221
1.22221
14.0531
14.0531
14.0877
14.0877
14.0936
14.0936
14.1099
14.1099
8.30902
8.30902
2.2293
2.2293
2.23301
2.23301
17.8806
17.8806
17.4571
17.4571
20.4621
20.4621
20.7293
20.7293
20.1763
20.1763
19.9908
19.9908
1.54234
1.54234
1.54074
1.54074
1.17075
1.17075
1.19379
1.19379
0.962421
0.962421
13.3687
13.3687
13.5209
13.5209
19.2161
19.2161
18.383
18.383
14.1362
14.1362
14.0373
14.0373
14.1113
14.1113
11.4848
11.4848
13.8937
13.8937
13.968
13.968
15.3649
15.3649
15.82
15.82
15.0085
15.0085
15.4456
15.4456
18.2108
18.2108
17.7928
17.7928
19.0774
19.0774
19.5146
19.5146
0.405351
0.405351
0.159616
0.159616
0.691978
0.691978
0.322919
0.322919
0.520482
0.520482
15.3442
15.3442
15.1389
15.1389
15.5909
15.5909
15.6425
15.6425
15.8737
15.8737
10.4357
10.4357
10.3626
10.3626
10.4129
10.4129
10.3329
10.3329
4.1924
4.1924
4.50438
4.50438
2.30131
2.30131
2.62289
2.62289
2.46916
2.46916
9.9033
9.9033
13.9568
13.9568
14.0003
14.0003
4.84724
4.84724
5.54412
5.54412
5.21298
5.21298
6.36617
6.36617
6.73801
6.73801
15.9903
15.9903
16.4268
16.4268
16.1656
16.1656
17.7118
17.7118
16.9168
16.9168
17.2649
17.2649
19.7937
19.7937
19.283
19.283
19.5834
19.5834
6.36365
6.36365
6.60574
6.60574
5.60003
5.60003
5.24274
5.24274
2.27296
2.27296
2.51337
2.51337
2.4563
2.4563
3.00072
3.00072
2.97882
2.97882
3.2039
3.2039
3.33675
3.33675
2.68917
2.68917
2.54675
2.54675
2.91334
2.91334
2.7976
2.7976
2.84854
2.84854
2.18845
2.18845
2.05644
2.05644
13.5936
13.5936
13.3798
13.3798
14.1322
14.1322
14.3107
14.3107
15.0764
15.0764
14.9282
14.9282
14.6349
14.6349
14.8036
14.8036
19.0641
19.0641
19.4676
19.4676
19.501
19.501
19.1169
19.1169
11.5797
11.5797
10.1719
10.1719
13.763
13.763
14.0377
14.0377
0.303663
0.303663
0.26767
0.26767
0.136184
0.136184
0.379361
0.379361
0.398683
0.398683
0.142485
0.142485
2.01151
2.01151
1.82288
1.82288
1.40375
1.40375
1.67793
1.67793
14.0476
14.0476
14.0058
14.0058
8.55139
8.55139
8.77373
8.77373
8.1434
8.1434
7.88426
7.88426
16.2946
16.2946
16.4449
16.4449
17.0791
17.0791
16.6788
16.6788
1.98075
1.98075
1.69263
1.69263
1.82289
1.82289
13.6779
13.6779
13.5539
13.5539
13.6594
13.6594
10.9209
10.9209
10.3572
10.3572
11.9612
11.9612
12.2304
12.2304
13.98
13.98
14.0213
14.0213
14.0183
14.0183
15.7244
15.7244
16.0428
16.0428
19.8654
19.8654
20.1361
20.1361
19.963
19.963
20.3488
20.3488
21.4116
21.4116
21.0629
21.0629
20.6781
20.6781
14.5204
14.5204
14.9286
14.9286
14.7671
14.7671
16.1083
16.1083
15.7419
15.7419
15.9613
15.9613
15.1691
15.1691
15.4739
15.4739
15.3317
15.3317
10.393
10.393
10.4382
10.4382
10.1547
10.1547
10.232
10.232
10.2782
10.2782
10.226
10.226
9.84018
9.84018
9.71299
9.71299
14.0794
14.0794
14.0398
14.0398
14.0606
14.0606
7.2604
7.2604
7.75586
7.75586
4.86172
4.86172
4.53265
4.53265
12.5262
12.5262
13.199
13.199
12.875
12.875
18.6938
18.6938
18.0162
18.0162
18.7491
18.7491
18.3783
18.3783
17.9283
17.9283
18.2518
18.2518
10.4481
10.4481
10.4069
10.4069
10.4414
10.4414
14.9606
14.9606
14.2993
14.2993
14.6507
14.6507
2.43123
2.43123
2.07064
2.07064
2.23436
2.23436
8.97134
8.97134
9.06443
9.06443
6.97776
6.97776
7.60256
7.60256
7.2631
7.2631
16.3443
16.3443
16.6847
16.6847
17.3649
17.3649
16.4766
16.4766
16.9442
16.9442
17.4515
17.4515
17.2296
17.2296
9.97687
9.97687
10.109
10.109
10.0259
10.0259
9.69775
9.69775
9.59044
9.59044
9.72653
9.72653
8.33546
8.33546
8.94575
8.94575
3.60223
3.60223
4.25799
4.25799
3.95493
3.95493
9.23331
9.23331
9.46583
9.46583
9.31198
9.31198
18.6107
18.6107
19.1455
19.1455
0.780183
0.780183
1.18296
1.18296
19.5753
19.5753
19.299
19.299
0.146481
0.146481
0.243566
0.243566
14.2968
14.2968
12.589
12.589
7.27493
7.27493
17.1775
17.1775
16.6107
16.6107
18.9502
18.9502
3.19941
3.19941
6.10342
6.10342
2.82238
2.82238
3.37853
3.37853
2.68683
2.68683
14.595
14.595
14.2316
14.2316
13.3236
13.3236
0.462448
0.462448
1.25804
1.25804
1.71449
1.71449
2.92379
2.92379
18.3911
18.3911
17.7159
17.7159
18.8319
18.8319
19.1521
19.1521
19.2064
19.2064
0.693358
0.693358
0.927496
0.927496
0.58724
0.58724
1.2581
1.2581
1.04165
1.04165
1.2834
1.2834
15.5321
15.5321
15.629
15.629
4.36581
4.36581
18.8389
18.8389
19.1431
19.1431
19.1609
19.1609
17.6375
17.6375
18.5902
18.5902
17.6477
17.6477
0.936507
0.936507
0.64283
0.64283
0.71351
0.71351
10.0709
10.0709
12.1081
12.1081
14.2572
14.2572
13.8094
13.8094
14.0069
14.0069
14.0292
14.0292
13.7803
13.7803
14.913
14.913
14.5835
14.5835
14.5475
14.5475
15.0317
15.0317
13.9765
13.9765
13.8417
13.8417
7.73531
7.73531
6.39889
6.39889
8.07265
8.07265
7.71233
7.71233
17.0789
17.0789
16.6667
16.6667
16.4742
16.4742
16.2199
16.2199
18.0653
18.0653
17.5914
17.5914
18.4417
18.4417
17.8301
17.8301
18.2919
18.2919
18.5788
18.5788
2.95607
2.95607
3.14374
3.14374
3.0246
3.0246
2.53982
2.53982
6.14371
6.14371
6.61495
6.61495
5.48697
5.48697
5.6307
5.6307
4.25438
4.25438
2.45293
2.45293
2.54501
2.54501
2.76519
2.76519
2.6022
2.6022
2.93442
2.93442
2.68236
2.68236
2.94257
2.94257
2.57638
2.57638
2.32447
2.32447
2.32134
2.32134
2.93037
2.93037
2.74215
2.74215
2.60489
2.60489
14.5732
14.5732
14.512
14.512
14.3129
14.3129
14.3511
14.3511
14.3357
14.3357
14.4509
14.4509
13.5178
13.5178
13.9217
13.9217
13.5492
13.5492
12.384
12.384
12.9622
12.9622
12.4895
12.4895
0.82689
0.82689
0.65729
0.65729
0.530175
0.530175
1.3288
1.3288
1.35515
1.35515
1.12033
1.12033
0.84607
0.84607
1.18697
1.18697
1.20498
1.20498
0.83338
0.83338
1.54421
1.54421
1.46064
1.46064
3.17913
3.17913
2.67782
2.67782
8.87135
8.87135
7.99415
7.99415
6.89774
6.89774
16.7812
16.7812
17.583
17.583
16.7527
16.7527
17.9932
17.9932
18.4101
18.4101
18.5156
18.5156
18.136
18.136
17.6278
17.6278
15.7096
15.7096
15.7048
15.7048
15.3649
15.3649
15.3181
15.3181
4.79169
4.79169
3.76983
3.76983
4.99062
4.99062
4.56594
4.56594
10.5066
10.5066
14.0529
14.0529
11.8284
11.8284
10.792
10.792
11.0855
11.0855
13.4035
13.4035
13.9733
13.9733
13.6226
13.6226
13.7665
13.7665
13.3353
13.3353
12.8615
12.8615
13.5588
13.5588
13.0895
13.0895
13.1907
13.1907
12.9654
12.9654
15.761
15.761
16.2361
16.2361
15.8425
15.8425
15.263
15.263
15.2831
15.2831
10.6211
10.6211
12.0201
12.0201
5.48973
5.48973
5.656
5.656
7.24214
7.24214
6.54148
6.54148
13.544
13.544
13.9394
13.9394
13.9217
13.9217
13.5772
13.5772
13.7697
13.7697
13.7565
13.7565
13.6174
13.6174
13.788
13.788
13.877
13.877
13.769
13.769
11.812
11.812
10.1323
10.1323
9.03908
9.03908
9.03357
9.03357
14.0727
14.0727
12.34
12.34
12.9285
12.9285
12.3954
12.3954
16.1004
16.1004
16.6171
16.6171
16.2317
16.2317
15.6271
15.6271
16.1119
16.1119
15.5838
15.5838
15.6104
15.6104
15.8231
15.8231
17.1819
17.1819
16.9314
16.9314
16.7013
16.7013
17.0881
17.0881
3.07146
3.07146
3.01843
3.01843
3.65379
3.65379
3.15124
3.15124
3.05169
3.05169
2.83993
2.83993
3.49453
3.49453
4.75824
4.75824
4.41829
4.41829
6.72224
6.72224
7.26517
7.26517
4.58095
4.58095
3.39319
3.39319
3.79952
3.79952
4.80632
4.80632
5.5384
5.5384
5.51971
5.51971
3.97282
3.97282
4.49816
4.49816
4.92348
4.92348
4.4396
4.4396
5.22186
5.22186
4.72524
4.72524
2.72973
2.72973
3.03109
3.03109
2.8736
2.8736
2.84952
2.84952
3.38194
3.38194
3.8746
3.8746
3.37274
3.37274
2.48754
2.48754
2.60472
2.60472
2.27728
2.27728
2.13956
2.13956
3.53725
3.53725
3.00904
3.00904
3.04458
3.04458
3.6829
3.6829
1.10894
1.10894
1.33194
1.33194
1.44767
1.44767
2.41778
2.41778
1.91538
1.91538
1.97681
1.97681
15.1624
15.1624
14.8063
14.8063
14.94
14.94
14.219
14.219
14.2873
14.2873
14.2287
14.2287
13.8522
13.8522
15.221
15.221
14.9433
14.9433
15.0426
15.0426
13.6917
13.6917
13.7783
13.7783
13.5919
13.5919
13.8867
13.8867
14.3007
14.3007
14.6001
14.6001
15.4326
15.4326
15.1534
15.1534
14.3926
14.3926
14.5442
14.5442
14.1956
14.1956
14.1236
14.1236
13.4472
13.4472
12.8827
12.8827
12.8229
12.8229
1.11264
1.11264
0.820157
0.820157
0.986637
0.986637
0.922571
0.922571
0.613892
0.613892
0.808573
0.808573
2.18238
2.18238
1.57442
1.57442
1.97497
1.97497
1.72603
1.72603
1.95831
1.95831
1.41954
1.41954
1.3045
1.3045
4.25941
4.25941
5.05465
5.05465
3.98026
3.98026
3.38783
3.38783
3.1034
3.1034
8.9272
8.9272
9.04089
9.04089
8.18173
8.18173
7.87282
7.87282
8.21624
8.21624
8.45248
8.45248
8.4022
8.4022
7.14448
7.14448
7.58001
7.58001
7.38948
7.38948
9.95238
9.95238
9.61726
9.61726
17.5672
17.5672
17.5114
17.5114
17.1826
17.1826
17.0237
17.0237
17.2501
17.2501
5.77227
5.77227
7.65465
7.65465
6.80302
6.80302
7.92175
7.92175
10.2319
10.2319
10.5346
10.5346
9.31704
9.31704
8.71704
8.71704
9.47867
9.47867
9.54769
9.54769
14.0354
14.0354
14.1129
14.1129
13.5497
13.5497
14.0357
14.0357
14.0634
14.0634
11.8167
11.8167
12.866
12.866
13.4786
13.4786
13.2904
13.2904
13.8142
13.8142
13.8969
13.8969
12.9618
12.9618
13.5481
13.5481
13.4565
13.4565
12.7363
12.7363
12.7928
12.7928
12.1111
12.1111
12.4475
12.4475
11.9742
11.9742
11.7756
11.7756
14.0355
14.0355
13.9308
13.9308
14.2004
14.2004
13.7508
13.7508
14.13
14.13
13.6964
13.6964
14.0101
14.0101
14.01
14.01
14.2907
14.2907
13.3908
13.3908
12.8137
12.8137
12.8343
12.8343
13.2585
13.2585
12.956
12.956
13.3033
13.3033
13.4653
13.4653
9.30447
9.30447
9.9545
9.9545
10.408
10.408
10.9472
10.9472
10.6577
10.6577
10.434
10.434
10.3
10.3
10.6039
10.6039
10.5839
10.5839
10.8517
10.8517
10.7716
10.7716
10.6183
10.6183
11.5616
11.5616
13.4565
13.4565
13.7386
13.7386
13.8476
13.8476
13.6266
13.6266
13.6716
13.6716
13.3654
13.3654
13.6441
13.6441
13.5695
13.5695
13.9167
13.9167
14.0103
14.0103
14.0574
14.0574
13.1423
13.1423
13.3071
13.3071
13.5102
13.5102
13.3899
13.3899
11.6723
11.6723
10.0733
10.0733
9.93649
9.93649
9.49809
9.49809
7.56957
7.56957
8.04482
8.04482
11.0074
11.0074
9.8951
9.8951
8.9135
8.9135
8.98115
8.98115
12.1538
12.1538
10.7903
10.7903
11.6014
11.6014
12.0237
12.0237
10.6764
10.6764
10.2909
10.2909
12.9585
12.9585
13.7519
13.7519
13.9697
13.9697
13.688
13.688
12.0447
12.0447
12.1727
12.1727
12.6231
12.6231
13.0719
13.0719
13.2653
13.2653
13.7278
13.7278
15.8411
15.8411
16.4164
16.4164
16.4944
16.4944
16.2186
16.2186
16.0804
16.0804
16.18
16.18
15.93
15.93
16.0332
16.0332
16.5073
16.5073
16.6338
16.6338
16.465
16.465
2.89715
2.89715
3.00824
3.00824
2.94096
2.94096
2.86603
2.86603
3.09636
3.09636
2.87681
2.87681
3.95898
3.95898
3.9498
3.9498
3.16737
3.16737
3.34632
3.34632
3.3646
3.3646
3.47358
3.47358
2.94424
2.94424
2.98639
2.98639
4.82069
4.82069
5.05375
5.05375
5.32914
5.32914
4.83299
4.83299
6.17185
6.17185
6.82406
6.82406
7.4057
7.4057
7.08773
7.08773
5.78623
5.78623
5.86616
5.86616
6.18303
6.18303
3.5105
3.5105
3.53145
3.53145
3.25246
3.25246
3.70425
3.70425
3.76235
3.76235
2.62478
2.62478
2.2538
2.2538
2.05455
2.05455
2.57878
2.57878
2.67776
2.67776
2.06312
2.06312
1.78232
1.78232
1.83429
1.83429
2.33947
2.33947
2.07069
2.07069
1.82123
1.82123
14.9559
14.9559
14.7144
14.7144
14.7357
14.7357
14.5156
14.5156
14.5702
14.5702
14.9645
14.9645
15.1853
15.1853
14.995
14.995
15.1331
15.1331
15.184
15.184
14.7836
14.7836
14.672
14.672
14.8433
14.8433
1.82297
1.82297
1.48417
1.48417
1.63365
1.63365
1.59029
1.59029
1.63609
1.63609
1.55083
1.55083
1.73637
1.73637
7.61022
7.61022
6.40965
6.40965
6.79236
6.79236
5.98194
5.98194
4.1339
4.1339
4.64754
4.64754
9.5695
9.5695
9.99444
9.99444
10.0332
10.0332
9.745
9.745
9.53193
9.53193
9.89628
9.89628
9.75083
9.75083
9.74425
9.74425
8.27214
8.27214
9.35281
9.35281
8.88058
8.88058
9.29297
9.29297
9.31526
9.31526
9.38446
9.38446
9.09
9.09
9.07333
9.07333
10.5829
10.5829
10.6122
10.6122
9.47763
9.47763
10.1248
10.1248
9.32729
9.32729
7.9321
7.9321
8.09633
8.09633
9.10722
9.10722
10.0774
10.0774
10.4313
10.4313
10.272
10.272
9.99023
9.99023
9.76366
9.76366
10.1424
10.1424
10.1939
10.1939
10.2596
10.2596
10.2498
10.2498
8.75382
8.75382
8.70469
8.70469
8.29424
8.29424
13.9579
13.9579
13.8667
13.8667
14.0143
14.0143
14.0177
14.0177
14.1478
14.1478
13.961
13.961
13.7981
13.7981
14.0766
14.0766
14.1316
14.1316
13.9145
13.9145
11.1005
11.1005
11.1629
11.1629
11.4087
11.4087
12.1655
12.1655
12.2187
12.2187
12.1022
12.1022
11.348
11.348
13.1267
13.1267
12.7737
12.7737
13.4252
13.4252
13.3666
13.3666
13.428
13.428
13.0111
13.0111
12.8381
12.8381
13.1164
13.1164
10.0667
10.0667
11.4382
11.4382
10.9687
10.9687
11.2345
11.2345
10.0501
10.0501
9.29855
9.29855
13.2179
13.2179
13.2683
13.2683
13.3424
13.3424
13.6181
13.6181
13.5675
13.5675
14.1561
14.1561
15.8108
15.8108
15.6806
15.6806
15.7282
15.7282
15.7713
15.7713
15.3829
15.3829
15.4199
15.4199
4.17607
4.17607
3.83289
3.83289
4.54619
4.54619
4.50669
4.50669
4.06789
4.06789
3.77141
3.77141
2.29156
2.29156
1.9772
1.9772
1.79337
1.79337
1.66667
1.66667
1.89172
1.89172
1.95172
1.95172
8.15866
8.15866
8.19182
8.19182
6.32909
6.32909
7.35616
7.35616
5.88939
5.88939
4.95123
4.95123
4.80485
4.80485
5.95818
5.95818
7.13777
7.13777
7.2029
7.2029
8.52358
8.52358
9.21446
9.21446
8.7702
8.7702
8.59761
8.59761
7.9311
7.9311
8.26517
8.26517
10.1504
10.1504
10.2422
10.2422
10.1435
10.1435
10.4631
10.4631
9.99594
9.99594
11.7399
11.7399
11.3218
11.3218
11.6726
11.6726
13.2951
13.2951
12.9969
12.9969
12.3955
12.3955
12.2833
12.2833
12.2529
12.2529
12.8514
12.8514
11.9407
11.9407
11.1634
11.1634
11.8806
11.8806
12.5502
12.5502
12.5061
12.5061
11.1419
11.1419
10.896
10.896
11.3226
11.3226
11.2995
11.2995
10.21
10.21
10.7379
10.7379
10.4988
10.4988
10.8483
10.8483
10.5549
10.5549
))
(300 (2 1 3 0 0 1 918)(
2.47629 -0.138943 0 
0.108704 0.722546 0 
0.174316 1.09802 0 
2.31834 0.153729 0 
-0.0583631 1.23937 -1.20278e-19 
-0.0924034 0.643931 -5.32394e-18 
0.522785 0.839622 -3.00343e-19 
0.277226 0.154309 -2.99251e-20 
3.00615 -0.0195645 0 
-0.00905019 0.479621 0 
-0.0181919 0.599606 0 
0.605957 0.00667824 0 
0.0107054 0.439105 0 
-0.00288831 0.421699 0 
0.0139703 0.3427 -1.30977e-18 
-0.00543497 0.75347 -9.21271e-20 
0.313991 0.0745099 2.15156e-18 
0.0784245 0.640629 -2.26428e-19 
1.52887 0.128621 0 
-0.0285378 0.703966 0 
0.197133 0.159428 -1.2694e-18 
3.08302 -0.397378 0 
2.92445 -0.505986 0 
1.86116 -0.181104 0 
0.512588 0.040104 0 
-0.0253273 0.521547 0 
-0.00135332 0.494038 1.86658e-18 
-0.0243921 1.44698 0 
0.0734819 2.96025 0 
0.170026 1.79502 0 
-0.0410767 3.09645 0 
0.0260025 1.60077 9.2476e-20 
0.0220272 0.671218 0 
-0.147425 0.775094 -2.03492e-22 
-0.193914 1.0291 4.42965e-18 
-0.0415772 1.04471 0 
0.744371 -0.00603184 0 
0.163522 0.249996 6.6739e-19 
0.979791 1.49506 6.60902e-19 
0.640547 0.773932 -5.22211e-19 
0.789177 1.55772 6.31639e-20 
0.411813 0.842853 -3.2619e-19 
0.558481 0.309773 2.94309e-20 
0.299796 0.154878 0 
0.952018 0.559723 0 
0.53936 0.307472 1.32248e-19 
0.261183 0.16459 -1.35705e-19 
0.871531 -0.0554906 0 
3.02784 -0.00171263 0 
3.00685 0.0178617 0 
3.20086 -0.417742 0 
3.04288 -0.0742203 0 
3.03116 -0.0388462 0 
0.0176019 0.908538 -1.14496e-18 
-0.0539572 0.977408 0 
0.00256314 0.456574 0 
-0.0294845 0.987321 0 
-0.0121275 0.485907 0 
-0.00221768 0.86296 0 
-0.0528823 1.12837 0 
-0.0128861 0.550241 0 
-0.0269486 1.18437 0 
-0.0068709 0.634327 0 
0.789666 0.0115056 0 
1.17074 -0.00167091 0 
0.618824 0.0123244 0 
1.12742 0.0175775 0 
0.570614 0.00862041 0 
0.225406 0.921982 1.96366e-18 
0.0985379 1.2081 0 
0.176302 1.06604 0 
0.0331901 0.755774 2.20382e-23 
0.0372233 0.498055 -2.93682e-18 
0.0194616 0.747943 0 
0.0059542 0.422033 0 
-0.000701168 0.734555 4.52869e-24 
0.000700996 0.414827 0 
-0.0169429 0.743206 0 
-0.0129565 0.428013 0 
0.0507859 0.654714 0 
0.0495678 0.462374 0 
0.00879086 0.624453 1.23837e-18 
0.00114757 0.345628 0 
-0.0786962 4.66039 0 
0.00779247 1.43097 9.1463e-20 
-0.0104686 0.771684 -1.17545e-19 
0.639543 0.152817 -7.50672e-19 
0.322972 0.065806 -7.28303e-19 
0.648932 0.170656 -2.25416e-18 
0.319457 0.0960319 -1.45167e-18 
0.0794598 0.627199 0 
0.176415 1.30683 1.8839e-19 
0.177704 0.725772 -3.00599e-19 
2.06036 0.260924 0 
1.10708 0.118439 0 
3.03313 0.103883 0 
3.10393 0.446055 0 
2.8392 0.377448 -1.01178e-17 
2.57811 0.361306 7.76362e-18 
-0.0718532 1.29649 0 
-0.0115603 0.640536 0 
-0.017172 1.96198 0 
-0.0537111 1.38746 0 
-0.0500589 0.699732 0 
0.445564 0.29984 4.01822e-19 
0.228068 0.16542 0 
2.29607 -0.266408 0 
1.3237 -0.119282 0 
1.07828 0.0125321 0 
1.01436 0.0186769 0 
0.541941 0.0107202 0 
1.01681 0.055961 0 
0.823347 0.0705312 0 
0.344409 0.0287468 3.35944e-18 
-0.00545697 0.451514 1.77858e-18 
-0.0270949 0.784718 0 
-0.0475371 0.847795 0 
-0.0153171 0.460577 0 
0.000131603 0.839724 1.82022e-18 
7.19294e-05 0.487529 0 
-0.00547904 0.845554 -5.60298e-18 
-0.00488637 0.496761 1.89054e-18 
0.0484643 3.64129 0 
0.0357648 4.08527 0 
-0.0165659 1.38156 -2.06744e-21 
-0.0144493 1.33347 0 
-0.00997384 0.726112 0 
1.40972 0.0348102 0 
0.760243 0.0153811 0 
0.709717 0.0142433 0 
1.41585 -0.0328931 0 
0.773362 -0.00877022 0 
0.327178 0.487633 -8.37952e-19 
0.159089 0.23602 0 
0.330281 0.517337 9.39244e-20 
0.165992 0.272681 0 
1.22454 1.36764 1.68345e-19 
0.768239 0.730714 -3.95991e-19 
0.407968 1.41101 0 
0.600383 1.51934 0 
0.300208 0.808377 0 
0.147899 0.359559 -4.44518e-19 
0.613284 0.28315 0 
0.315952 0.135492 3.99066e-19 
1.4096 1.28891 0 
1.56876 1.15382 0 
0.864202 0.655256 4.64797e-19 
1.71649 0.942441 0 
1.05841 0.434077 2.29717e-20 
1.47275 0.00809091 0 
1.50085 -0.0292688 0 
0.801793 -0.00443667 0 
1.95037 -0.199797 0 
1.65073 -0.148202 0 
1.05211 -0.0889807 0 
3.06126 0.164846 0 
3.03105 0.0687789 0 
3.01022 0.0531539 0 
0.0334178 1.61723 6.07615e-19 
0.0168766 0.835445 0 
0.0163144 1.70374 1.07833e-18 
0.00203418 0.941763 -9.69427e-19 
0.0637485 1.14969 1.90724e-19 
0.0473234 0.989928 0 
0.0392086 0.529462 0 
-0.0298023 1.01484 0 
-0.00768822 0.523257 0 
0.0165671 1.60516 -4.41985e-21 
-0.0187699 0.861869 0 
-0.0541005 1.56983 -2.25039e-19 
-0.0163193 0.812703 4.35778e-19 
-0.00288148 1.04229 0 
0.00968863 1.05892 0 
-0.000549928 0.538906 0 
0.00901149 1.19673 0 
0.000139822 0.627223 0 
1.46653 -0.0039976 0 
0.788137 0.00790892 0 
1.43928 0.0330185 0 
0.761212 -0.000618245 0 
0.675749 0.00529567 0 
1.26276 0.016597 0 
1.20341 0.047262 0 
0.660167 0.0155023 0 
-0.00580078 1.42077 -1.70592e-20 
0.000184244 1.37708 0 
0.00482007 0.732923 0 
0.00172886 0.417221 0 
0.288801 0.83801 0 
0.257245 0.404858 -2.8762e-19 
-0.0016729 0.636175 0 
-0.00872242 0.367692 0 
-8.47671e-05 4.37541 0 
-0.0594841 4.65104 0 
-0.030843 4.57969 0 
-0.0761403 3.30305 2.07314e-20 
-0.070608 4.55634 0 
-0.0605172 4.11816 0 
0.00400387 0.807221 1.07203e-20 
0.0131368 1.53826 1.65036e-19 
-0.0355863 1.47739 1.20773e-19 
-0.00798223 0.812602 0 
0.667343 0.106071 1.15248e-18 
0.326784 0.0441877 -1.12948e-18 
0.151419 1.14998 0 
0.102372 0.581898 -2.70184e-19 
0.119808 1.25041 -8.7677e-19 
0.0523164 0.696681 8.72273e-19 
0.809308 0.0240396 0 
1.55692 0.0476403 0 
1.70979 0.127631 0 
0.919909 0.0445084 0 
0.00698835 1.21075 0 
0.0246344 1.22126 0 
0.00383696 0.64378 0 
0.488796 0.319335 1.20595e-18 
0.442822 0.313616 -1.38975e-18 
0.237812 0.166292 0 
1.92851 0.151362 1.15089e-19 
1.13171 0.0923188 0 
1.71957 0.117804 0 
0.881575 0.0223902 0 
0.680547 0.0858635 0 
0.701716 0.0461833 -5.402e-18 
0.347589 0.0326076 1.99711e-18 
0.00909463 0.807199 1.69827e-18 
0.00220654 0.462478 4.0813e-20 
-0.0108777 1.40842 -3.58777e-20 
0.00613615 1.38675 1.36874e-18 
-0.0149832 0.848955 6.30796e-20 
-0.0119261 0.524486 -2.53441e-22 
-0.107514 1.00068 -1.16723e-18 
-0.0529602 1.3532 8.35679e-19 
-0.0175323 1.35275 -1.36062e-18 
1.42178 -0.017182 0 
1.44166 0.0202006 0 
0.769427 -0.000252157 0 
1.45241 0.0253455 0 
1.36352 0.0462002 0 
0.761688 0.0202825 0 
1.30123 -0.0022143 0 
1.31912 -0.00591525 0 
0.695337 -0.00103332 0 
0.309313 0.480429 -9.17152e-19 
0.163672 0.246126 0 
0.159687 0.313281 1.37427e-19 
0.314541 0.59548 1.12586e-18 
0.312424 0.557604 -6.66499e-19 
0.159293 0.286409 1.30234e-18 
0.283142 0.730347 2.18972e-18 
0.150743 0.38733 3.95166e-19 
0.640734 0.214615 1.5377e-18 
0.631188 0.255625 3.99404e-19 
0.318716 0.115672 7.49555e-19 
1.90522 0.706787 -6.00624e-19 
1.15892 0.332624 -7.02397e-19 
-0.0367833 1.70647 4.63482e-19 
-0.0125269 0.926016 0 
1.6004 0.0232904 0 
1.51952 0.0650203 0 
0.851445 0.0265804 0 
-0.00355931 1.38473 0 
0.00507283 0.729575 2.50102e-18 
0.00465007 0.731252 0 
0.00207044 0.415098 -2.44793e-18 
-0.0102777 1.38627 5.97101e-19 
-0.00947406 1.4225 0 
0.341416 0.495139 2.58463e-19 
0.36508 0.553992 -8.64618e-19 
0.174268 0.261409 7.8254e-19 
-0.0256985 0.767305 -1.66737e-18 
-0.0260369 0.689713 0 
-0.015408 0.412825 0 
0.0293155 1.53096 -1.25961e-20 
0.0301374 1.55932 -3.63928e-19 
0.017034 0.812612 -1.54358e-20 
0.216412 1.05975 8.9317e-19 
0.121258 0.516719 -5.94359e-19 
0.0108169 1.50003 7.31548e-19 
0.0552989 1.36775 -8.1689e-19 
0.0263094 0.769473 3.57368e-20 
0.00747961 1.36614 -3.81746e-18 
-0.000244264 1.39327 4.42084e-18 
0.00376884 0.829772 1.73726e-18 
-0.0138473 0.805073 -1.72995e-18 
-0.00431352 0.481392 -1.74291e-18 
-0.0106582 1.41685 -4.51091e-18 
-0.0152284 1.40032 4.60035e-18 
0.291547 0.686494 0 
0.304947 0.645147 -2.29594e-18 
0.154586 0.337215 9.93981e-19 
0.286208 0.809673 1.18967e-18 
0.141203 0.434894 -1.83558e-18 
2.04693 0.319446 4.15457e-19 
2.03818 0.542175 0 
1.21179 0.218995 -4.01644e-19 
-0.0744524 1.62907 -4.79182e-21 
-0.0162019 1.68895 0 
-0.0167558 0.919946 0 
0.230034 0.95948 -3.23895e-19 
0.2521 0.881292 -7.09466e-19 
0.130673 0.471023 1.32965e-18 
3.16441 -0.442892 0 
3.34727 -0.414706 1.81098e-18 
0.0553116 3.54853 0 
0.044019 2.88197 0 
3.15926 0.249894 1.41889e-20 
3.12355 0.506275 3.7084e-18 
0.018779 3.37022 -2.7825e-20 
0.00778801 2.60928 0 
-0.0411668 1.19627 1.55976e-18 
0.1945 1.32498 0 
3.44936 1.60968 -3.251e-19 
3.17436 0.272515 -2.96113e-20 
3.14823 -0.118785 0 
3.10047 -0.00043007 3.70627e-22 
0.0392581 2.58577 0 
0.151581 3.32245 0 
-0.0603499 2.56208 0 
-0.0304534 3.47233 3.15678e-19 
-0.0310598 3.53967 1.99298e-19 
2.63575 0.048294 -1.36291e-20 
3.04575 0.0305354 0 
3.15463 0.0857882 0 
-0.0641002 4.60811 0 
-0.0493594 3.03287 0 
-0.0772841 2.99212 0 
0.642577 3.07905 2.67907e-19 
3.33883 -0.422495 0 
3.01135 -0.345837 0 
3.1699 -0.0530693 2.27487e-18 
3.2927 -0.328725 -2.73925e-18 
3.10381 -0.125794 0 
-0.0712121 4.52629 0 
0.00484768 3.98866 0 
-0.00394493 4.29939 0 
-0.0336123 3.15592 0 
-0.0186264 2.91876 0 
-0.0364002 2.49598 0 
2.97366 -0.00337879 0 
2.85101 0.048443 -1.80464e-20 
2.21977 3.01565 -3.25588e-19 
3.15695 0.044424 -2.27594e-18 
3.19037 0.278155 2.76657e-18 
3.0828 0.117319 0 
3.39544 0.328852 2.08495e-18 
3.35698 0.484336 -2.70377e-18 
3.07115 0.418406 0 
-0.0573489 3.29262 0 
0.00333371 3.2161 8.56705e-20 
-0.0316163 2.5232 -6.06753e-20 
3.69732 0.550207 2.26357e-18 
3.46514 0.20611 0 
-0.15075 1.27144 -2.17252e-18 
-0.0609157 0.881962 -1.35463e-19 
-0.0822561 1.33803 2.99478e-18 
-0.0337012 1.27138 -9.0233e-19 
0.000927564 1.08984 0 
-0.0266834 1.23942 6.96911e-19 
-0.114546 1.38787 2.15305e-18 
-0.0586319 1.3406 -1.31801e-18 
-0.0768853 1.3206 0 
1.30354 0.602109 0 
1.19373 0.690146 0 
3.53598 2.01181 9.54733e-19 
3.02197 1.91628 -1.19238e-18 
3.82283 1.69213 0 
3.36239 1.14646 0 
3.34943 0.280405 -3.91231e-18 
2.89899 0.173054 4.83411e-18 
3.35129 -0.155602 0 
2.85452 -0.0762221 0 
3.43642 0.0429241 0 
3.59381 0.144949 0 
3.28683 0.119821 0 
3.55035 0.298492 0 
3.40843 0.293006 0 
3.32756 0.218016 0 
0.0903226 2.79178 0 
0.0314144 2.08498 0 
0.118073 3.04445 0 
0.0900048 2.19916 0 
0.206716 3.61678 0 
0.137917 2.69945 -5.59323e-19 
0.0450539 3.62891 0 
0.00662812 3.03283 4.05391e-19 
-0.0305302 3.20409 -5.16349e-19 
-0.0647496 2.83362 0 
-0.0272344 2.23818 0 
-0.0794314 2.93459 0 
-0.0577185 2.07281 0 
-0.124513 4.7355 -2.45611e-19 
-0.088158 3.91282 2.77613e-19 
-0.0820781 3.78233 3.09094e-19 
-0.0554874 2.99356 0 
-0.111705 3.77138 -4.58674e-19 
-0.0414058 3.17721 -2.95005e-19 
-0.0981723 4.76622 1.92416e-19 
-0.107456 4.43925 -3.5089e-19 
-0.0815892 4.31432 -3.78977e-19 
3.03352 0.0876116 3.35389e-18 
2.29127 0.031964 -4.22391e-18 
2.89402 0.132089 -3.32284e-18 
2.21261 0.073155 4.15046e-18 
3.36728 0.0269287 0 
2.64172 -0.00287876 0 
3.45172 0.0900006 0 
3.31843 0.0184573 0 
2.70412 0.00874198 0 
3.67633 0.236849 0 
3.43566 0.0943593 0 
2.85869 0.0555307 0 
-0.0315907 4.27358 -1.20991e-20 
-0.0670997 4.62985 0 
-0.0725039 4.50211 0 
-0.0796685 3.45277 8.79922e-20 
-0.0391451 2.73283 -3.46864e-21 
-0.0937256 4.65853 1.14644e-19 
-0.106182 4.46895 -1.15848e-19 
-0.0877153 3.99302 0 
-0.065995 3.92166 0 
-0.0335621 4.0363 0 
-0.0776186 3.31243 0 
-0.0452654 2.35323 0 
0.934002 3.63086 -6.12299e-19 
0.908377 2.82381 -1.7797e-19 
0.436075 2.08282 -2.28982e-19 
0.254166 2.32937 6.98854e-19 
1.01859 4.21677 2.63797e-19 
3.43299 -0.167533 0 
3.32208 -0.25661 0 
2.88316 -0.189552 0 
3.47032 -0.0644428 0 
3.34581 -0.147917 0 
3.44893 -0.261079 0 
3.51949 -0.28366 0 
3.57947 -0.281214 0 
3.22464 0.093132 3.61429e-18 
2.55564 0.0644081 -4.57026e-18 
3.09717 0.106284 -3.55772e-18 
2.50999 0.0564923 4.42674e-18 
2.21614 3.38494 0 
1.71576 2.91392 -4.4877e-19 
2.54554 3.32111 -4.05644e-19 
2.33852 2.4983 5.39003e-19 
0.787378 1.23215 2.72922e-18 
1.45254 0.216603 1.34187e-18 
3.71709 0.300958 0 
3.88618 0.567622 -1.8445e-18 
3.29058 0.241538 -8.22354e-20 
3.72601 0.436795 0 
0.246725 1.31705 1.80183e-18 
-0.0115428 1.20409 -2.88535e-18 
0.0642803 0.771402 1.61997e-18 
0.283026 0.468603 -7.5026e-19 
0.192408 1.39153 8.73691e-19 
0.0537864 1.24061 0 
0.0599421 1.09081 -1.13579e-18 
0.199264 1.44863 -4.10515e-18 
0.338688 1.5656 0 
0.00859503 1.29015 1.1991e-19 
-0.00978915 1.45729 -1.34379e-18 
-0.0411034 1.30286 1.95358e-18 
-0.0575812 1.41766 0 
-0.020582 1.3822 0 
0.691332 1.06497 0 
2.48085 2.46975 -1.06723e-18 
2.61389 2.14738 3.96212e-19 
2.76704 2.85568 0 
3.19557 3.04328 -3.94446e-19 
3.1418 2.38908 2.81817e-20 
0.817131 0.599269 -1.8271e-18 
1.57215 0.696043 -1.63153e-20 
1.24442 0.454362 8.72424e-19 
1.29378 0.853605 5.96075e-20 
0.953221 0.642514 -2.374e-18 
1.48137 0.720564 0 
2.01382 1.10753 1.45722e-18 
2.05458 1.02264 0 
1.43065 0.798706 0 
1.07517 0.555471 0 
3.38696 2.17443 1.0069e-18 
3.93831 0.753895 -1.86122e-18 
3.83512 1.20606 0 
3.51775 0.750905 0 
1.40086 0.36622 1.33222e-18 
3.27563 1.84183 -8.51474e-19 
2.85773 1.65781 1.54627e-18 
3.7642 1.37108 -1.83334e-18 
3.09825 0.114558 2.46082e-18 
3.16874 0.180696 -2.57581e-18 
2.66212 0.0915692 0 
3.30685 -0.0397711 0 
3.20112 -0.0844155 -2.36361e-18 
2.63199 -0.0321949 2.3428e-18 
3.95646 0.0926726 0 
3.76007 0.14526 0 
3.69371 0.155233 0 
3.58837 0.204611 0 
3.83263 0.05881 0 
3.7261 0.0520848 0 
-0.0452266 2.52138 0 
-0.0412784 2.02416 0 
0.341735 3.97179 -4.11813e-19 
0.650426 3.30932 -1.61018e-19 
0.251678 3.01341 -3.60124e-19 
0.337338 2.53195 5.76909e-19 
0.44383 3.99409 0 
0.453095 4.66026 -5.09915e-19 
0.367293 4.71744 0 
0.903861 4.38612 -3.79464e-19 
0.671254 3.84361 9.69618e-19 
0.581809 4.6382 4.46895e-19 
0.725531 4.17583 -1.88287e-19 
0.585778 4.30375 1.51464e-19 
0.900914 4.6372 -6.63948e-19 
0.733464 4.65282 0 
0.845542 4.57933 5.04907e-19 
-0.010449 4.56543 -1.81225e-19 
-0.0275984 3.64929 0 
0.0861758 4.29014 5.48926e-19 
-0.0173543 4.38916 0 
-0.0114271 3.47078 -4.50803e-19 
-0.0200103 2.92101 0 
-0.11558 4.31417 -2.90361e-19 
-0.123223 4.6725 0 
-0.0658456 3.81563 0 
-0.0530718 3.7483 3.26523e-19 
-0.0573769 3.8728 1.03631e-20 
-0.0435044 3.70431 6.25083e-19 
-0.0448746 2.94118 4.06054e-21 
-0.129065 4.69662 1.80556e-19 
-0.119166 4.73113 1.03374e-19 
-0.0216577 2.66521 0 
-0.00189785 2.17608 0 
-0.0604379 4.77652 4.86835e-19 
-0.0661395 4.30911 4.25623e-19 
-0.100904 4.57984 -5.55961e-19 
-0.00285983 4.74652 0 
-0.0893703 4.49882 -3.10249e-19 
-0.125888 4.12015 1.28005e-19 
-0.0927984 4.21233 -4.14407e-20 
-0.0851138 4.71382 -2.19334e-19 
-0.0962155 4.23831 -6.86207e-20 
-0.0932382 4.18719 3.06527e-19 
2.87254 0.0606906 -2.36042e-18 
2.86047 0.049229 2.26987e-18 
2.3398 0.0343455 0 
3.51359 0.190415 3.04212e-18 
2.70756 0.125867 -3.30022e-18 
2.25823 0.0640032 3.60472e-18 
3.68669 0.333006 -4.01051e-19 
3.20928 -0.0488358 0 
3.17122 -0.0140216 2.23423e-18 
2.69003 -0.0125755 -2.21662e-18 
3.87673 0.120508 -1.25072e-19 
3.77032 0.100589 1.07691e-18 
4.15844 0.171127 0 
4.22774 0.178747 -3.74614e-19 
4.01477 0.143625 0 
3.69663 0.154232 0 
4.03247 0.0944187 0 
3.71231 0.0867672 0 
4.18472 0.112296 7.844e-19 
4.13749 0.077901 -1.74559e-18 
4.1399 0.112383 -8.46892e-19 
4.18581 0.114941 -9.23231e-19 
4.21441 0.226268 1.77165e-18 
3.85259 0.186822 0 
4.05844 0.298321 0 
-0.0851582 4.54278 -1.36548e-19 
-0.0421956 4.61371 -1.17281e-20 
-0.0774537 4.63733 0 
-0.0642709 4.14863 1.39003e-19 
-0.0622226 4.17215 2.26178e-20 
-0.0650879 4.03357 -2.19835e-20 
-0.0847474 3.48759 2.61016e-19 
-0.150801 3.96458 -1.45192e-20 
-0.111783 4.09865 7.48177e-20 
-0.0783645 3.35807 -1.32197e-19 
-0.0270879 2.88378 1.58331e-19 
-0.0871019 4.4491 5.18098e-21 
-0.102612 4.63798 1.71249e-19 
1.22723 4.33067 3.48826e-19 
1.14406 4.50842 7.25158e-19 
1.71491 3.43189 4.33925e-19 
1.2902 3.52465 1.71082e-19 
1.26821 2.8562 0 
0.555125 2.35195 2.75691e-19 
0.469267 1.76792 3.31816e-19 
0.347011 2.60055 1.53577e-20 
0.494051 3.21185 -1.16193e-18 
0.636691 3.1697 8.78351e-19 
0.437295 2.43729 0 
0.29707 1.99993 -5.58842e-19 
0.256133 3.10564 1.39674e-18 
0.272014 2.74985 -3.1984e-20 
0.157005 2.30305 -1.75124e-18 
0.601938 1.435 1.46848e-18 
0.58596 1.64373 0 
3.58363 -0.0752586 8.63382e-20 
3.61858 -0.254196 -7.25167e-20 
3.7213 -0.217853 -1.26512e-18 
3.75924 -0.126181 1.28098e-18 
3.67615 -0.0490151 0 
2.43041 3.85055 0 
2.60974 3.89696 0 
2.87848 3.60437 0 
2.72997 3.62968 0 
0.868256 1.41637 -3.43763e-21 
0.621878 1.05592 0 
1.7292 3.41903 1.5036e-20 
1.43151 3.49326 0 
1.34458 2.9903 -1.28684e-18 
1.42542 2.92785 8.26255e-19 
1.79891 0.310756 0 
1.4371 0.262565 3.51827e-19 
2.41931 0.358482 2.18936e-18 
1.79273 0.284674 -7.84744e-19 
1.43107 0.112165 -2.49234e-18 
4.26471 0.783282 -2.56148e-18 
3.86129 0.989446 -3.64992e-20 
3.31018 0.841217 2.06516e-18 
3.88371 0.74088 1.81075e-18 
3.13155 0.464032 -3.04111e-18 
2.91915 0.450896 3.74542e-19 
3.20413 0.680776 -8.17679e-19 
2.98675 0.680982 0 
3.76597 0.560547 1.53547e-18 
4.10041 0.624637 0 
4.09626 0.770439 0 
4.04157 0.412073 8.2258e-19 
4.29522 0.63705 -3.03764e-20 
4.24399 0.708988 -4.52168e-19 
4.1712 0.636591 0 
3.61798 0.129039 1.71569e-18 
4.19039 0.181174 2.14098e-18 
4.09177 0.149857 -1.67698e-18 
4.13819 0.238192 -1.44069e-18 
3.74844 0.23618 -2.15326e-18 
3.30979 0.374573 0 
3.40805 0.300544 0 
2.56318 0.190057 -1.26437e-18 
2.11365 0.118817 4.76166e-19 
4.03938 0.349939 1.93728e-18 
4.28619 0.428503 -2.34345e-18 
4.28617 0.484898 2.06606e-18 
4.1595 0.4888 0 
4.25554 0.333309 0 
4.26502 0.320194 -9.79142e-19 
4.21462 0.313103 -1.594e-18 
2.24246 3.50464 6.20099e-19 
1.95872 3.25917 -6.83911e-19 
1.46838 2.38713 -1.03404e-18 
1.20606 2.02353 2.67414e-19 
0.898573 1.39966 -2.63553e-18 
0.806127 1.23331 9.23985e-19 
0.610166 0.91762 -1.89028e-21 
1.13277 1.81018 -1.14038e-18 
1.16086 1.90959 1.70237e-18 
0.989998 1.72266 5.07107e-19 
0.797921 1.30644 -5.13743e-19 
0.64457 1.08872 0 
2.47043 2.62273 -1.15406e-19 
0.723292 1.15492 8.5984e-19 
0.945425 0.903939 1.15903e-18 
0.771044 0.824637 1.34191e-18 
1.10015 0.757329 1.34377e-18 
1.48994 1.0585 -2.27451e-18 
1.40572 1.08667 1.84303e-18 
1.0187 0.777819 -6.78417e-19 
0.829879 0.576795 1.49794e-18 
1.62745 0.493062 -7.77805e-19 
1.57247 0.511726 0 
1.24942 0.409836 4.75392e-21 
2.53461 1.52402 7.76164e-19 
2.10562 1.28034 -2.81098e-18 
1.71144 1.19841 9.52685e-21 
1.68418 1.10378 0 
2.88124 2.60038 8.73378e-19 
3.44513 2.7407 1.03558e-18 
3.25606 2.92323 -1.19377e-18 
3.54623 2.74895 -4.27629e-19 
3.46864 2.58164 -1.34795e-19 
3.49957 2.77495 1.38616e-19 
3.68012 2.2551 -1.67703e-18 
3.69921 2.4802 4.00858e-19 
3.77302 2.41826 0 
3.77272 2.17488 -5.78994e-19 
4.05296 1.0669 5.79708e-19 
4.27217 0.98494 1.00086e-18 
4.29832 0.95857 1.01018e-18 
4.05789 1.32084 -1.14803e-18 
4.09722 1.33841 0 
4.14572 1.22281 0 
3.34394 1.23295 -1.52e-20 
2.43337 0.667467 0 
2.73698 0.743638 9.30037e-19 
3.25231 0.882714 -2.61276e-20 
3.78213 1.52797 5.10049e-18 
3.58164 1.75614 1.30953e-18 
3.49524 1.53694 -1.33961e-18 
3.05729 1.36991 1.43634e-18 
2.78319 1.37226 8.23772e-19 
2.32995 1.16144 -7.97818e-19 
3.67199 -0.0858026 1.98227e-18 
3.89466 -0.0292084 0 
3.8589 -0.0668093 1.34048e-18 
3.74283 -0.0596573 -2.98423e-18 
3.98055 0.0370013 1.46019e-18 
3.90453 0.113066 -3.0792e-18 
3.74001 0.127651 0 
3.55649 0.173247 -6.27781e-19 
3.81203 0.122755 1.60336e-18 
3.69204 0.191181 -8.21578e-19 
3.60042 0.170884 5.89994e-19 
-0.0854092 2.61414 0 
-0.0561732 3.41371 0 
-0.0369613 2.47866 0 
-0.0246958 1.98949 0 
0.0322744 3.93496 6.73118e-19 
0.127787 3.715 -1.74104e-19 
0.299831 4.63013 -2.29947e-19 
0.235719 4.44381 2.42615e-19 
-0.0413123 4.2902 -4.99134e-19 
-0.00491601 4.32096 3.74804e-19 
0.0812442 3.8658 2.23413e-20 
-0.00141124 3.5581 -4.68385e-19 
-0.0212728 3.31791 -6.25045e-20 
-0.0510794 3.67753 -5.69508e-20 
0.137772 4.47733 -5.86259e-19 
0.164828 4.29672 0 
0.259253 4.63473 2.96059e-19 
0.250535 4.70113 2.53e-19 
0.583228 4.44951 -2.25877e-19 
0.403337 3.80971 0 
0.453057 3.65683 -1.11588e-18 
0.556812 4.02533 7.90675e-19 
0.466615 4.56411 -6.14551e-19 
0.356248 4.44099 3.30672e-19 
0.289164 4.17512 0 
-0.05286 4.74979 -5.53675e-19 
-0.0897101 4.51188 -6.41198e-19 
-0.0930141 4.72426 0 
-0.043055 4.35199 -6.18058e-21 
-0.0359558 4.63295 2.74399e-19 
-0.129713 3.90115 4.49673e-20 
-0.0630199 3.5179 -6.57764e-19 
-0.107182 3.95011 1.75404e-19 
-0.152831 4.52301 2.336e-19 
-0.0915135 4.33503 0 
-0.0726001 3.91754 0 
-0.0876257 2.95176 2.02587e-19 
-0.0564607 3.67822 -6.32099e-20 
-0.0818625 3.6616 0 
-0.0913076 2.73474 1.5965e-19 
-0.0484416 2.23899 -3.09198e-19 
3.76046 0.0316961 0 
3.73126 0.0070758 -2.03022e-19 
4.17932 0.0668195 -1.4381e-18 
4.08853 0.0451823 0 
3.87534 0.0167848 0 
4.14967 0.0362181 -1.24773e-20 
4.10025 0.0342198 2.37593e-18 
4.00042 0.0793463 2.84193e-18 
3.75653 0.117955 0 
3.55889 0.109403 0 
4.01385 0.092788 1.41561e-18 
3.70425 0.115221 0 
3.47334 0.128187 0 
-0.0941938 4.67471 0 
-0.117867 4.65077 1.08004e-20 
-0.0918273 4.69809 6.3711e-20 
-0.0706597 3.87158 0 
-0.123233 4.53793 1.11356e-19 
-0.0803434 4.2687 -6.3714e-20 
-0.0657921 3.97723 0 
1.41115 4.20261 0 
1.19624 4.5664 -1.29721e-18 
1.21458 4.48529 0 
1.5616 4.46975 1.48494e-18 
1.5756 4.08767 0 
1.48466 4.34613 -6.07076e-19 
1.02744 2.27672 -3.40592e-20 
0.722019 1.67267 -1.75081e-18 
0.601231 1.24789 2.13596e-18 
0.719941 1.86534 3.98223e-19 
0.988865 2.46122 0 
1.05217 2.41552 0 
0.729903 1.71563 0 
0.541174 1.35305 -1.40029e-18 
1.21674 3.8035 -9.84577e-19 
1.14078 3.02728 -2.35934e-19 
1.33881 3.43879 1.92959e-19 
0.606291 2.07203 0 
0.629172 1.97348 0 
0.469061 1.597 -3.94167e-19 
0.968514 2.75773 0 
2.68794 3.56705 0 
2.401 3.02541 -1.45472e-18 
2.5627 3.03791 -8.58337e-20 
2.43367 3.41633 0 
2.30709 3.17009 2.22144e-18 
3.27743 3.07646 -3.89487e-19 
3.12218 3.30497 0 
3.10571 3.13057 6.30104e-19 
2.86731 3.40546 0 
2.88534 3.19961 0 
1.22898 2.03758 -9.32771e-19 
1.43615 2.43761 -7.00754e-19 
1.77489 3.01436 1.20742e-18 
1.71707 2.99428 -3.62946e-19 
1.07981 1.85111 0 
1.22452 2.24133 4.72035e-19 
0.730499 1.30952 -7.17372e-19 
0.59127 1.06078 -6.21618e-22 
1.94985 3.71856 0 
2.20812 3.7546 -5.42288e-19 
2.33874 3.98176 0 
2.29487 0.528482 0 
1.62573 0.342513 0 
1.21627 0.277489 0 
2.22144 0.554319 -1.46426e-18 
1.64576 0.403291 8.16938e-19 
2.15108 0.128813 -9.83911e-19 
2.63337 0.296824 0 
2.47257 0.301155 4.13019e-19 
1.7754 0.135581 1.63115e-18 
1.53464 0.081254 -1.03582e-18 
0.756917 1.57434 8.59915e-19 
0.975557 1.84241 0 
0.546042 1.45578 1.56496e-18 
0.534244 1.62857 -1.42877e-18 
0.772189 1.83127 -9.91433e-19 
2.10116 2.48481 1.33965e-18 
2.12412 2.73602 0 
1.61179 1.70011 -2.76946e-19 
2.03917 2.01031 1.74677e-18 
1.385 1.31152 -4.24427e-19 
1.61503 1.33125 4.51681e-19 
2.13762 1.52678 1.02453e-18 
2.47086 1.68178 0 
2.30452 1.87175 0 
2.03848 1.62285 0 
3.95305 2.06549 3.84279e-19 
3.76697 1.88108 -1.26201e-18 
3.82186 2.01739 1.04501e-18 
3.90513 1.76096 -1.00694e-18 
4.15245 1.66185 0 
4.10904 1.82686 -2.97515e-19 
2.86111 1.16426 -1.89673e-18 
2.98934 1.1628 -2.41104e-18 
2.35327 1.04702 1.45608e-18 
2.15804 0.938211 -1.42022e-18 
2.48143 0.84727 -1.17781e-18 
2.19634 0.779881 1.44839e-18 
4.00841 0.0330619 -1.527e-18 
4.05272 0.0401851 3.12629e-18 
3.76774 -0.0662484 1.89859e-18 
3.79093 -0.0741631 -2.28399e-18 
3.95924 0.00993725 0 
4.05587 0.0222186 -3.72508e-18 
0.0771814 4.75022 1.06727e-19 
0.0482474 4.71966 0 
0.170758 4.72214 9.53078e-19 
0.192154 4.73864 -8.67103e-19 
0.211964 4.7037 4.28766e-19 
0.103426 4.6454 0 
-0.11587 4.75624 0 
-0.120465 4.40957 -6.21534e-20 
-0.11971 4.34864 5.57183e-20 
-0.128342 4.48636 7.50807e-21 
-0.119112 4.70087 -1.01534e-19 
-0.0966308 4.6894 5.51404e-20 
1.87991 4.01837 -1.64247e-18 
1.81836 4.02764 1.74003e-18 
1.67338 4.39302 -8.54084e-19 
1.69372 4.28408 7.61462e-20 
2.24396 4.05809 0 
1.83892 4.19029 -6.37588e-19 
1.96626 3.92819 6.18343e-19 
1.80943 4.35775 8.34274e-19 
2.06474 4.20735 0 
2.21874 4.08733 0 
1.1461 3.66212 1.49675e-18 
0.835835 2.84886 2.02872e-18 
0.963732 3.02733 -1.39319e-18 
0.754894 3.0102 -2.32598e-19 
0.9074 3.76535 4.67175e-19 
0.727468 3.40142 -1.13629e-18 
0.758777 1.48958 -1.21885e-18 
0.758096 1.33855 0 
0.612378 1.13268 -1.33957e-18 
1.12782 2.09572 0 
1.10541 2.18296 0 
1.38305 2.21386 -1.0931e-18 
1.08249 2.03727 -1.03833e-18 
1.03499 2.05637 1.10141e-18 
1.05502 1.53668 0 
1.43825 1.78371 -6.02545e-19 
1.6547 2.14383 -8.56237e-19 
1.43639 2.105 0 
0.886291 1.83459 7.1461e-19 
0.798177 1.69303 0 
2.92855 2.29575 -1.84544e-18 
3.32965 2.46766 2.60586e-18 
3.29312 2.19124 -2.59009e-18 
2.63656 2.03187 -2.31149e-19 
2.7499 1.94791 -9.73842e-19 
1.28306 2.21561 7.97978e-19 
1.33767 2.27279 -1.36256e-18 
1.47873 2.35559 1.79601e-18 
1.81637 2.58582 -1.16723e-18 
1.91286 2.9619 -1.56858e-18 
1.58708 2.51823 -1.18825e-19 
1.65702 2.66001 1.37369e-18 
1.83607 2.72185 9.67798e-20 
2.04152 3.02526 6.50906e-19 
))
(300 (2 10 3 0 0 919 1018)(
0 0 0 
0 0 0 
0 0 0 
0 0 0 
0 0 0 
0 0 0 
0 0 0 
0 0 0 
0 0 0 
0 0 0 
0 0 0 
0 0 0 
0 0 0 
0 0 0 
0 0 0 
0 0 0 
0 0 0 
0 0 0 
0 0 0 
0 0 0 
0 0 0 
0 0 0 
0 0 0 
0 0 0 
0 0 0 
0 0 0 
0 0 0 
0 0 0 
0 0 0 
0 0 0 
0 0 0 
0 0 0 
0 0 0 
0 0 0 
0 0 0 
0 0 0 
0 0 0 
0 0 0 
0 0 0 
0 0 0 
0 0 0 
0 0 0 
0 0 0 
0 0 0 
0 0 0 
0 0 0 
0 0 0 
0 0 0 
0 0 0 
0 0 0 
0 0 0 
0 0 0 
0 0 0 
0 0 0 
0 0 0 
0 0 0 
0 0 0 
0 0 0 
0 0 0 
0 0 0 
0 0 0 
0 0 0 
0 0 0 
0 0 0 
0 0 0 
0 0 0 
0 0 0 
0 0 0 
0 0 0 
0 0 0 
0 0 0 
0 0 0 
0 0 0 
0 0 0 
0 0 0 
0 0 0 
0 0 0 
0 0 0 
0 0 0 
0 0 0 
0 0 0 
0 0 0 
0 0 0 
0 0 0 
0 0 0 
0 0 0 
0 0 0 
0 0 0 
0 0 0 
0 0 0 
0 0 0 
0 0 0 
0 0 0 
0 0 0 
0 0 0 
0 0 0 
0 0 0 
0 0 0 
0 0 0 
0 0 0 
))
(300 (2 11 3 0 0 1019 1026)(
3 0 0 
3 0 0 
3 0 0 
3 0 0 
3 0 0 
3 0 0 
3 0 0 
3 0 0 
))
(300 (2 12 3 0 0 1027 1030)(
0 1 0 
0 1 0 
0 1 0 
0 1 0 
))
(300 (2 13 3 0 0 1031 1038)(
0.174316 1.09802 0 
-0.0583631 1.23937 -1.20278e-19 
0.0734819 2.96025 0 
-0.0410767 3.09645 0 
-0.0786962 4.66039 0 
0.0357648 4.08527 0 
-0.030843 4.57969 0 
-0.0605172 4.11816 0 
))
(300 (2 14 3 0 0 1039 1072)(
0 0 0 
0 0 0 
0 0 0 
0 0 0 
0 0 0 
0 0 0 
0 0 0 
0 0 0 
0 0 0 
0 0 0 
0 0 0 
0 0 0 
0 0 0 
0 0 0 
0 0 0 
0 0 0 
0 0 0 
0 0 0 
0 0 0 
0 0 0 
0 0 0 
0 0 0 
0 0 0 
0 0 0 
0 0 0 
0 0 0 
0 0 0 
0 0 0 
0 0 0 
0 0 0 
0 0 0 
0 0 0 
0 0 0 
0 0 0 
))
(300 (2 15 3 0 0 1073 1072)(
))
