(0 "FOAM to Fluent data File")

(33 (918 3444 1074))
(300 (1 1 1 0 0 1 918)(
23.4666
23.5817
0.963327
22.884
1.00858
23.0981
3.28359
13.7865
19.2398
2.93528
2.62551
14.4059
20.6411
16.8825
12.9992
0.923733
14.0509
2.25702
18.4574
1.40071
12.9968
20.4453
21.534
19.2816
14.1189
14.3774
18.6034
1.15565
0.110248
0.260982
0.975718
0.408592
0.148637
21.635
22.3116
22.25
15.4925
10.4096
3.60637
3.80998
2.99374
2.81801
13.8288
13.9285
5.87073
13.7658
13.7618
16.6414
19.1078
19.2514
19.5447
19.3337
19.72
5.97689
2.78841
2.60923
2.87648
2.94953
2.97781
2.69827
2.67923
2.48405
2.3381
13.8854
14.4789
14.5341
14.2653
14.213
22.4577
21.7007
22.0355
21.1418
21.2873
20.2172
19.8316
17.2581
17.6106
16.4844
16.1035
12.7897
12.7509
13.2191
13.4688
0.146685
1.07288
1.22098
14.0577
14.094
14.0946
14.1092
8.2972
2.19922
2.20266
17.8978
17.4743
20.4792
20.7464
20.1934
20.0079
1.53401
1.52921
1.157
1.18525
0.953866
13.3375
13.4912
19.233
18.3999
14.1523
14.0524
14.1273
11.4979
13.9079
13.9813
15.3272
15.7827
14.9719
15.4084
18.1734
17.7554
19.04
19.4772
0.396451
0.156336
0.68663
0.31779
0.515914
15.3608
15.1554
15.6083
15.6592
15.8904
10.414
10.3436
10.3891
10.3092
4.15598
4.47026
2.26706
2.58254
2.43353
9.87841
13.9445
13.9909
4.81634
5.51953
5.18378
6.35206
6.72602
16.007
16.4436
16.1824
17.7287
16.9336
17.2818
19.8108
19.3
19.6005
6.37344
6.60986
5.61077
5.25174
2.24753
2.49338
2.4365
2.98098
2.95874
3.21256
3.34281
2.69384
2.55103
2.89248
2.77656
2.82795
2.16827
2.0383
13.6095
13.3955
14.1484
14.3269
15.094
14.9457
14.6523
14.821
19.0267
19.4302
19.4636
19.0795
11.5506
10.1589
13.7232
13.9986
0.302486
0.266136
0.137816
0.380114
0.400157
0.141527
2.01215
1.82366
1.40304
1.67856
14.055
14.0147
8.53825
8.75825
8.1335
7.87627
16.3119
16.4622
17.0963
16.6961
1.96535
1.67943
1.80891
13.6532
13.5263
13.6329
10.9331
10.3669
11.9755
12.2452
13.9898
14.0334
14.0294
15.6869
16.0053
19.828
20.0987
19.9256
20.3114
21.3742
21.0255
20.6407
14.5367
14.9451
14.7835
16.1256
15.7592
15.9787
15.1866
15.4913
15.3492
10.3749
10.4208
10.1298
10.2073
10.2545
10.202
9.81622
9.68949
14.0768
14.0323
14.0561
7.25331
7.75105
4.87026
4.54085
12.5414
13.2146
12.8902
18.6564
17.9788
18.7117
18.3409
17.8909
18.2144
10.4313
10.3922
10.4258
14.9228
14.2607
14.6126
2.43532
2.07176
2.2346
8.95463
9.04739
6.97967
7.59902
7.26096
16.3069
16.6473
17.3274
16.4392
16.9068
17.4141
17.1922
9.95134
10.0831
10.0004
9.67401
9.56768
9.734
8.33559
8.94852
3.60942
4.26782
3.96288
9.21542
9.44498
9.2922
18.6276
19.1624
0.770044
1.16123
19.5924
19.3161
0.140683
0.241165
14.2592
12.5564
7.26409
17.1948
16.6274
18.9672
3.19176
6.10523
2.80677
3.37929
2.68559
14.6129
14.2471
13.3384
0.455985
1.25666
1.70924
2.90532
18.408
17.7328
18.8489
19.1691
19.2234
0.689374
0.917067
0.584997
1.24493
1.03341
1.2771
15.5485
15.6465
4.33105
18.8559
19.1602
19.1779
17.6547
18.6074
17.6649
0.935491
0.641822
0.708259
10.0793
12.1198
14.2194
13.7719
13.969
13.9911
13.7421
14.8753
14.5449
14.5097
14.9945
13.9667
13.8227
7.73412
6.38501
8.06918
7.70933
17.0961
16.684
16.4909
16.2366
18.0824
17.6084
18.4588
17.8472
18.3091
18.5959
2.94054
3.13108
3.01298
2.52374
6.14495
6.61342
5.48925
5.63674
4.25894
2.42774
2.52618
2.75126
2.58334
2.93
2.67834
2.94167
2.57684
2.32317
2.31934
2.92839
2.73676
2.60182
14.5913
14.5297
14.3306
14.3687
14.3514
14.4671
13.5328
13.9375
13.5652
12.3967
12.9775
12.5048
0.825756
0.659137
0.525916
1.32468
1.3516
1.11181
0.837248
1.17691
1.2027
0.817998
1.54413
1.44736
3.16136
2.65276
8.8546
7.98212
6.90005
16.798
17.5998
16.7695
18.0102
18.4271
18.5326
18.153
17.6448
15.7272
15.7223
15.3824
15.3358
4.77287
3.73975
4.97046
4.54004
10.4839
14.0636
11.8407
10.8022
11.0982
13.4215
13.9348
13.5866
13.7241
13.2985
12.8269
13.5193
13.0528
13.1539
12.9326
15.7235
16.1987
15.8051
15.2257
15.2456
10.6032
12.0157
5.46857
5.64158
7.24248
6.53793
13.5136
13.9328
13.9173
13.5577
13.7461
13.7453
13.6063
13.78
13.861
13.7552
11.8219
10.1424
9.04431
9.03799
14.0757
12.3445
12.9292
12.4108
16.1179
16.6343
16.249
15.6436
16.1286
15.6004
15.6276
15.8407
17.199
16.9486
16.7183
17.1052
3.053
3.00127
3.64381
3.13626
3.03756
2.82449
3.48311
4.75573
4.41367
6.72019
7.26835
4.57693
3.37256
3.79023
4.80303
5.53961
5.51312
3.96881
4.50139
4.92761
4.43989
5.22711
4.73067
2.71812
3.02169
2.86049
2.83514
3.38084
3.87877
3.37427
2.4791
2.5901
2.25678
2.11985
3.53219
2.9914
3.02767
3.67562
1.10485
1.32809
1.44147
2.41301
1.91098
1.9767
15.1799
14.824
14.9576
14.2368
14.3044
14.2455
13.8699
15.2375
14.9596
15.059
13.7075
13.7943
13.6076
13.9028
14.3186
14.6178
15.4498
15.1708
14.4099
14.561
14.212
14.1402
13.4624
12.8992
12.8388
1.11209
0.821109
0.98372
0.913638
0.609527
0.802103
2.18216
1.57148
1.96891
1.72649
1.95905
1.40605
1.30191
4.25158
5.05602
3.9683
3.36927
3.0732
8.9116
9.02381
8.17116
7.86522
8.20755
8.43983
8.38984
7.14269
7.57335
7.38515
9.92686
9.59327
17.5842
17.5283
17.1995
17.0406
17.267
5.75781
7.66219
6.79786
7.91592
10.2124
10.5098
9.31293
8.70933
9.46351
9.53914
14.0453
14.1216
13.562
14.048
14.0763
11.8325
12.88
13.4946
13.3089
13.8291
13.9102
12.9717
13.5601
13.4747
12.757
12.8103
12.1256
12.4639
11.9918
11.7912
14.0534
13.9482
14.2179
13.7688
14.148
13.7125
14.0276
14.0258
14.3064
13.4082
12.8297
12.8484
13.2744
12.9742
13.3203
13.4842
9.3071
9.94997
10.3916
10.9277
10.6362
10.4168
10.2842
10.5857
10.5634
10.8336
10.7532
10.6033
11.5603
13.421
13.7056
13.8079
13.6021
13.6482
13.3409
13.6147
13.5434
13.9187
14.0071
14.0565
13.1375
13.2947
13.4907
13.3738
11.6737
10.0919
9.94587
9.50607
7.57472
8.04535
11.0218
9.90012
8.91622
8.98761
12.1664
10.8038
11.6168
12.0397
10.6914
10.3038
12.9692
13.7579
13.9776
13.7011
12.0575
12.1834
12.6333
13.0773
13.267
13.7237
15.8578
16.4334
16.5113
16.2354
16.0974
16.1972
15.9473
16.0504
16.5244
16.651
16.4822
2.87869
2.99144
2.92178
2.84759
3.08295
2.85829
3.95044
3.94029
3.15342
3.33389
3.35349
3.46079
2.92809
2.97139
4.82295
5.05854
5.33107
4.83046
6.17274
6.82195
7.40478
7.08603
5.78706
5.86873
6.18601
3.50362
3.53175
3.24992
3.70534
3.75894
2.61019
2.23855
2.04279
2.56053
2.66356
2.04962
1.76964
1.81881
2.33071
2.05232
1.80656
14.9725
14.7309
14.7522
14.5321
14.5867
14.9814
15.2023
15.0123
15.1507
15.2017
14.8009
14.6897
14.8608
1.81858
1.49066
1.62344
1.58108
1.64035
1.54847
1.73555
7.60921
6.41292
6.79959
5.97762
4.12065
4.64045
9.54796
9.97075
10.009
9.72251
9.51112
9.8764
9.72775
9.72127
8.26653
9.34081
8.87277
9.27475
9.29499
9.36383
9.07464
9.07895
10.5837
10.6166
9.48127
10.1225
9.32921
7.92998
8.09717
9.11057
10.0842
10.411
10.2545
9.9822
9.75397
10.1209
10.1756
10.2365
10.2264
8.752
8.70923
8.30911
13.9671
13.8738
14.0204
14.0254
14.1526
13.9764
13.8135
14.0908
14.1452
13.9293
11.0815
11.141
11.3865
12.1346
12.1865
12.0934
11.3382
13.104
12.7584
13.3979
13.3438
13.4147
13.0038
12.8277
13.099
10.0783
11.4507
10.9829
11.2472
10.0611
9.30536
13.222
13.2759
13.3421
13.6154
13.5726
14.1566
15.8277
15.6976
15.7449
15.788
15.3997
15.4369
4.17268
3.82604
4.54469
4.50232
4.06114
3.76204
2.28745
1.96959
1.78286
1.65655
1.88879
1.94853
8.16006
8.19086
6.33068
7.35576
5.87517
4.93568
4.79235
5.95175
7.13367
7.19463
8.51868
9.20017
8.75751
8.58397
7.92464
8.25652
10.1259
10.2192
10.1202
10.4387
9.97149
11.7165
11.299
11.6479
13.2628
12.971
12.3728
12.2597
12.2249
12.8186
11.9451
11.1758
11.8892
12.5465
12.5045
11.1219
10.8771
11.3034
11.2862
10.2
10.7215
10.4836
10.8352
10.5491
))
(300 (1 10 1 0 0 919 1018)(
23.4666
23.5817
0.963327
22.884
23.0981
3.28359
13.7865
2.93528
2.62551
14.4059
20.6411
16.8825
12.9992
14.0509
2.25702
18.4574
1.40071
12.9968
19.2816
14.1189
14.3774
18.6034
1.15565
21.635
15.4925
3.80998
2.81801
13.9285
5.87073
13.7618
16.6414
2.60923
2.94953
2.67923
2.3381
13.8854
14.5341
14.213
21.2873
19.8316
17.6106
16.1035
12.7509
13.4688
14.094
14.1092
2.20266
17.4743
20.0079
1.52921
0.953866
13.4912
18.3999
14.1273
11.4979
13.9813
15.3272
15.4084
17.7554
19.4772
15.1554
15.6083
15.8904
4.47026
2.43353
13.9909
5.18378
6.72602
16.1824
17.2818
2.4365
2.95874
2.82795
2.0383
13.3955
14.3269
15.094
14.821
19.0795
13.9986
14.0147
16.3119
16.6961
1.80891
13.6329
10.3669
12.2452
14.0294
16.0053
20.3114
14.7835
15.9787
15.3492
14.0561
7.75105
12.8902
18.3409
14.6126
16.9068
8.94852
))
(300 (1 11 1 0 0 919 926)(
23.4666
22.884
19.2398
20.4453
19.2514
19.72
20.4792
19.6005
))
(300 (1 12 1 0 0 919 922)(
23.5817
23.0981
22.25
22.0355
))
(300 (1 13 1 0 0 919 926)(
0
0
0
0
0
0
0
0
))
(300 (1 14 1 0 0 919 952)(
1.00858
0.923733
0.148637
10.4096
5.97689
2.97781
1.22098
8.2972
0.515914
10.3436
10.3092
9.87841
6.60986
5.25174
3.34281
2.55103
10.1589
2.01215
1.67856
8.75825
7.87627
10.4208
10.1298
10.202
9.68949
4.54085
10.4258
2.2346
9.04739
7.26096
10.0004
9.56768
3.96288
9.2922
))
(300 (1 15 1 0 0 919 2754)(
23.4666
23.4666
23.5817
23.5817
0.963327
0.963327
22.884
22.884
1.00858
1.00858
23.0981
23.0981
3.28359
3.28359
13.7865
13.7865
19.2398
19.2398
2.93528
2.93528
2.62551
2.62551
14.4059
14.4059
20.6411
20.6411
16.8825
16.8825
12.9992
12.9992
0.923733
0.923733
14.0509
14.0509
2.25702
2.25702
18.4574
18.4574
1.40071
1.40071
12.9968
12.9968
20.4453
20.4453
21.534
21.534
19.2816
19.2816
14.1189
14.1189
14.3774
14.3774
18.6034
18.6034
1.15565
1.15565
0.110248
0.110248
0.260982
0.260982
0.975718
0.975718
0.408592
0.408592
0.148637
0.148637
21.635
21.635
22.3116
22.3116
22.25
22.25
15.4925
15.4925
10.4096
10.4096
3.60637
3.60637
3.80998
3.80998
2.99374
2.99374
2.81801
2.81801
13.8288
13.8288
13.9285
13.9285
5.87073
5.87073
13.7658
13.7658
13.7618
13.7618
16.6414
16.6414
19.1078
19.1078
19.2514
19.2514
19.5447
19.5447
19.3337
19.3337
19.72
19.72
5.97689
5.97689
2.78841
2.78841
2.60923
2.60923
2.87648
2.87648
2.94953
2.94953
2.97781
2.97781
2.69827
2.69827
2.67923
2.67923
2.48405
2.48405
2.3381
2.3381
13.8854
13.8854
14.4789
14.4789
14.5341
14.5341
14.2653
14.2653
14.213
14.213
22.4577
22.4577
21.7007
21.7007
22.0355
22.0355
21.1418
21.1418
21.2873
21.2873
20.2172
20.2172
19.8316
19.8316
17.2581
17.2581
17.6106
17.6106
16.4844
16.4844
16.1035
16.1035
12.7897
12.7897
12.7509
12.7509
13.2191
13.2191
13.4688
13.4688
0.146685
0.146685
1.07288
1.07288
1.22098
1.22098
14.0577
14.0577
14.094
14.094
14.0946
14.0946
14.1092
14.1092
8.2972
8.2972
2.19922
2.19922
2.20266
2.20266
17.8978
17.8978
17.4743
17.4743
20.4792
20.4792
20.7464
20.7464
20.1934
20.1934
20.0079
20.0079
1.53401
1.53401
1.52921
1.52921
1.157
1.157
1.18525
1.18525
0.953866
0.953866
13.3375
13.3375
13.4912
13.4912
19.233
19.233
18.3999
18.3999
14.1523
14.1523
14.0524
14.0524
14.1273
14.1273
11.4979
11.4979
13.9079
13.9079
13.9813
13.9813
15.3272
15.3272
15.7827
15.7827
14.9719
14.9719
15.4084
15.4084
18.1734
18.1734
17.7554
17.7554
19.04
19.04
19.4772
19.4772
0.396451
0.396451
0.156336
0.156336
0.68663
0.68663
0.31779
0.31779
0.515914
0.515914
15.3608
15.3608
15.1554
15.1554
15.6083
15.6083
15.6592
15.6592
15.8904
15.8904
10.414
10.414
10.3436
10.3436
10.3891
10.3891
10.3092
10.3092
4.15598
4.15598
4.47026
4.47026
2.26706
2.26706
2.58254
2.58254
2.43353
2.43353
9.87841
9.87841
13.9445
13.9445
13.9909
13.9909
4.81634
4.81634
5.51953
5.51953
5.18378
5.18378
6.35206
6.35206
6.72602
6.72602
16.007
16.007
16.4436
16.4436
16.1824
16.1824
17.7287
17.7287
16.9336
16.9336
17.2818
17.2818
19.8108
19.8108
19.3
19.3
19.6005
19.6005
6.37344
6.37344
6.60986
6.60986
5.61077
5.61077
5.25174
5.25174
2.24753
2.24753
2.49338
2.49338
2.4365
2.4365
2.98098
2.98098
2.95874
2.95874
3.21256
3.21256
3.34281
3.34281
2.69384
2.69384
2.55103
2.55103
2.89248
2.89248
2.77656
2.77656
2.82795
2.82795
2.16827
2.16827
2.0383
2.0383
13.6095
13.6095
13.3955
13.3955
14.1484
14.1484
14.3269
14.3269
15.094
15.094
14.9457
14.9457
14.6523
14.6523
14.821
14.821
19.0267
19.0267
19.4302
19.4302
19.4636
19.4636
19.0795
19.0795
11.5506
11.5506
10.1589
10.1589
13.7232
13.7232
13.9986
13.9986
0.302486
0.302486
0.266136
0.266136
0.137816
0.137816
0.380114
0.380114
0.400157
0.400157
0.141527
0.141527
2.01215
2.01215
1.82366
1.82366
1.40304
1.40304
1.67856
1.67856
14.055
14.055
14.0147
14.0147
8.53825
8.53825
8.75825
8.75825
8.1335
8.1335
7.87627
7.87627
16.3119
16.3119
16.4622
16.4622
17.0963
17.0963
16.6961
16.6961
1.96535
1.96535
1.67943
1.67943
1.80891
1.80891
13.6532
13.6532
13.5263
13.5263
13.6329
13.6329
10.9331
10.9331
10.3669
10.3669
11.9755
11.9755
12.2452
12.2452
13.9898
13.9898
14.0334
14.0334
14.0294
14.0294
15.6869
15.6869
16.0053
16.0053
19.828
19.828
20.0987
20.0987
19.9256
19.9256
20.3114
20.3114
21.3742
21.3742
21.0255
21.0255
20.6407
20.6407
14.5367
14.5367
14.9451
14.9451
14.7835
14.7835
16.1256
16.1256
15.7592
15.7592
15.9787
15.9787
15.1866
15.1866
15.4913
15.4913
15.3492
15.3492
10.3749
10.3749
10.4208
10.4208
10.1298
10.1298
10.2073
10.2073
10.2545
10.2545
10.202
10.202
9.81622
9.81622
9.68949
9.68949
14.0768
14.0768
14.0323
14.0323
14.0561
14.0561
7.25331
7.25331
7.75105
7.75105
4.87026
4.87026
4.54085
4.54085
12.5414
12.5414
13.2146
13.2146
12.8902
12.8902
18.6564
18.6564
17.9788
17.9788
18.7117
18.7117
18.3409
18.3409
17.8909
17.8909
18.2144
18.2144
10.4313
10.4313
10.3922
10.3922
10.4258
10.4258
14.9228
14.9228
14.2607
14.2607
14.6126
14.6126
2.43532
2.43532
2.07176
2.07176
2.2346
2.2346
8.95463
8.95463
9.04739
9.04739
6.97967
6.97967
7.59902
7.59902
7.26096
7.26096
16.3069
16.3069
16.6473
16.6473
17.3274
17.3274
16.4392
16.4392
16.9068
16.9068
17.4141
17.4141
17.1922
17.1922
9.95134
9.95134
10.0831
10.0831
10.0004
10.0004
9.67401
9.67401
9.56768
9.56768
9.734
9.734
8.33559
8.33559
8.94852
8.94852
3.60942
3.60942
4.26782
4.26782
3.96288
3.96288
9.21542
9.21542
9.44498
9.44498
9.2922
9.2922
18.6276
18.6276
19.1624
19.1624
0.770044
0.770044
1.16123
1.16123
19.5924
19.5924
19.3161
19.3161
0.140683
0.140683
0.241165
0.241165
14.2592
14.2592
12.5564
12.5564
7.26409
7.26409
17.1948
17.1948
16.6274
16.6274
18.9672
18.9672
3.19176
3.19176
6.10523
6.10523
2.80677
2.80677
3.37929
3.37929
2.68559
2.68559
14.6129
14.6129
14.2471
14.2471
13.3384
13.3384
0.455985
0.455985
1.25666
1.25666
1.70924
1.70924
2.90532
2.90532
18.408
18.408
17.7328
17.7328
18.8489
18.8489
19.1691
19.1691
19.2234
19.2234
0.689374
0.689374
0.917067
0.917067
0.584997
0.584997
1.24493
1.24493
1.03341
1.03341
1.2771
1.2771
15.5485
15.5485
15.6465
15.6465
4.33105
4.33105
18.8559
18.8559
19.1602
19.1602
19.1779
19.1779
17.6547
17.6547
18.6074
18.6074
17.6649
17.6649
0.935491
0.935491
0.641822
0.641822
0.708259
0.708259
10.0793
10.0793
12.1198
12.1198
14.2194
14.2194
13.7719
13.7719
13.969
13.969
13.9911
13.9911
13.7421
13.7421
14.8753
14.8753
14.5449
14.5449
14.5097
14.5097
14.9945
14.9945
13.9667
13.9667
13.8227
13.8227
7.73412
7.73412
6.38501
6.38501
8.06918
8.06918
7.70933
7.70933
17.0961
17.0961
16.684
16.684
16.4909
16.4909
16.2366
16.2366
18.0824
18.0824
17.6084
17.6084
18.4588
18.4588
17.8472
17.8472
18.3091
18.3091
18.5959
18.5959
2.94054
2.94054
3.13108
3.13108
3.01298
3.01298
2.52374
2.52374
6.14495
6.14495
6.61342
6.61342
5.48925
5.48925
5.63674
5.63674
4.25894
4.25894
2.42774
2.42774
2.52618
2.52618
2.75126
2.75126
2.58334
2.58334
2.93
2.93
2.67834
2.67834
2.94167
2.94167
2.57684
2.57684
2.32317
2.32317
2.31934
2.31934
2.92839
2.92839
2.73676
2.73676
2.60182
2.60182
14.5913
14.5913
14.5297
14.5297
14.3306
14.3306
14.3687
14.3687
14.3514
14.3514
14.4671
14.4671
13.5328
13.5328
13.9375
13.9375
13.5652
13.5652
12.3967
12.3967
12.9775
12.9775
12.5048
12.5048
0.825756
0.825756
0.659137
0.659137
0.525916
0.525916
1.32468
1.32468
1.3516
1.3516
1.11181
1.11181
0.837248
0.837248
1.17691
1.17691
1.2027
1.2027
0.817998
0.817998
1.54413
1.54413
1.44736
1.44736
3.16136
3.16136
2.65276
2.65276
8.8546
8.8546
7.98212
7.98212
6.90005
6.90005
16.798
16.798
17.5998
17.5998
16.7695
16.7695
18.0102
18.0102
18.4271
18.4271
18.5326
18.5326
18.153
18.153
17.6448
17.6448
15.7272
15.7272
15.7223
15.7223
15.3824
15.3824
15.3358
15.3358
4.77287
4.77287
3.73975
3.73975
4.97046
4.97046
4.54004
4.54004
10.4839
10.4839
14.0636
14.0636
11.8407
11.8407
10.8022
10.8022
11.0982
11.0982
13.4215
13.4215
13.9348
13.9348
13.5866
13.5866
13.7241
13.7241
13.2985
13.2985
12.8269
12.8269
13.5193
13.5193
13.0528
13.0528
13.1539
13.1539
12.9326
12.9326
15.7235
15.7235
16.1987
16.1987
15.8051
15.8051
15.2257
15.2257
15.2456
15.2456
10.6032
10.6032
12.0157
12.0157
5.46857
5.46857
5.64158
5.64158
7.24248
7.24248
6.53793
6.53793
13.5136
13.5136
13.9328
13.9328
13.9173
13.9173
13.5577
13.5577
13.7461
13.7461
13.7453
13.7453
13.6063
13.6063
13.78
13.78
13.861
13.861
13.7552
13.7552
11.8219
11.8219
10.1424
10.1424
9.04431
9.04431
9.03799
9.03799
14.0757
14.0757
12.3445
12.3445
12.9292
12.9292
12.4108
12.4108
16.1179
16.1179
16.6343
16.6343
16.249
16.249
15.6436
15.6436
16.1286
16.1286
15.6004
15.6004
15.6276
15.6276
15.8407
15.8407
17.199
17.199
16.9486
16.9486
16.7183
16.7183
17.1052
17.1052
3.053
3.053
3.00127
3.00127
3.64381
3.64381
3.13626
3.13626
3.03756
3.03756
2.82449
2.82449
3.48311
3.48311
4.75573
4.75573
4.41367
4.41367
6.72019
6.72019
7.26835
7.26835
4.57693
4.57693
3.37256
3.37256
3.79023
3.79023
4.80303
4.80303
5.53961
5.53961
5.51312
5.51312
3.96881
3.96881
4.50139
4.50139
4.92761
4.92761
4.43989
4.43989
5.22711
5.22711
4.73067
4.73067
2.71812
2.71812
3.02169
3.02169
2.86049
2.86049
2.83514
2.83514
3.38084
3.38084
3.87877
3.87877
3.37427
3.37427
2.4791
2.4791
2.5901
2.5901
2.25678
2.25678
2.11985
2.11985
3.53219
3.53219
2.9914
2.9914
3.02767
3.02767
3.67562
3.67562
1.10485
1.10485
1.32809
1.32809
1.44147
1.44147
2.41301
2.41301
1.91098
1.91098
1.9767
1.9767
15.1799
15.1799
14.824
14.824
14.9576
14.9576
14.2368
14.2368
14.3044
14.3044
14.2455
14.2455
13.8699
13.8699
15.2375
15.2375
14.9596
14.9596
15.059
15.059
13.7075
13.7075
13.7943
13.7943
13.6076
13.6076
13.9028
13.9028
14.3186
14.3186
14.6178
14.6178
15.4498
15.4498
15.1708
15.1708
14.4099
14.4099
14.561
14.561
14.212
14.212
14.1402
14.1402
13.4624
13.4624
12.8992
12.8992
12.8388
12.8388
1.11209
1.11209
0.821109
0.821109
0.98372
0.98372
0.913638
0.913638
0.609527
0.609527
0.802103
0.802103
2.18216
2.18216
1.57148
1.57148
1.96891
1.96891
1.72649
1.72649
1.95905
1.95905
1.40605
1.40605
1.30191
1.30191
4.25158
4.25158
5.05602
5.05602
3.9683
3.9683
3.36927
3.36927
3.0732
3.0732
8.9116
8.9116
9.02381
9.02381
8.17116
8.17116
7.86522
7.86522
8.20755
8.20755
8.43983
8.43983
8.38984
8.38984
7.14269
7.14269
7.57335
7.57335
7.38515
7.38515
9.92686
9.92686
9.59327
9.59327
17.5842
17.5842
17.5283
17.5283
17.1995
17.1995
17.0406
17.0406
17.267
17.267
5.75781
5.75781
7.66219
7.66219
6.79786
6.79786
7.91592
7.91592
10.2124
10.2124
10.5098
10.5098
9.31293
9.31293
8.70933
8.70933
9.46351
9.46351
9.53914
9.53914
14.0453
14.0453
14.1216
14.1216
13.562
13.562
14.048
14.048
14.0763
14.0763
11.8325
11.8325
12.88
12.88
13.4946
13.4946
13.3089
13.3089
13.8291
13.8291
13.9102
13.9102
12.9717
12.9717
13.5601
13.5601
13.4747
13.4747
12.757
12.757
12.8103
12.8103
12.1256
12.1256
12.4639
12.4639
11.9918
11.9918
11.7912
11.7912
14.0534
14.0534
13.9482
13.9482
14.2179
14.2179
13.7688
13.7688
14.148
14.148
13.7125
13.7125
14.0276
14.0276
14.0258
14.0258
14.3064
14.3064
13.4082
13.4082
12.8297
12.8297
12.8484
12.8484
13.2744
13.2744
12.9742
12.9742
13.3203
13.3203
13.4842
13.4842
9.3071
9.3071
9.94997
9.94997
10.3916
10.3916
10.9277
10.9277
10.6362
10.6362
10.4168
10.4168
10.2842
10.2842
10.5857
10.5857
10.5634
10.5634
10.8336
10.8336
10.7532
10.7532
10.6033
10.6033
11.5603
11.5603
13.421
13.421
13.7056
13.7056
13.8079
13.8079
13.6021
13.6021
13.6482
13.6482
13.3409
13.3409
13.6147
13.6147
13.5434
13.5434
13.9187
13.9187
14.0071
14.0071
14.0565
14.0565
13.1375
13.1375
13.2947
13.2947
13.4907
13.4907
13.3738
13.3738
11.6737
11.6737
10.0919
10.0919
9.94587
9.94587
9.50607
9.50607
7.57472
7.57472
8.04535
8.04535
11.0218
11.0218
9.90012
9.90012
8.91622
8.91622
8.98761
8.98761
12.1664
12.1664
10.8038
10.8038
11.6168
11.6168
12.0397
12.0397
10.6914
10.6914
10.3038
10.3038
12.9692
12.9692
13.7579
13.7579
13.9776
13.9776
13.7011
13.7011
12.0575
12.0575
12.1834
12.1834
12.6333
12.6333
13.0773
13.0773
13.267
13.267
13.7237
13.7237
15.8578
15.8578
16.4334
16.4334
16.5113
16.5113
16.2354
16.2354
16.0974
16.0974
16.1972
16.1972
15.9473
15.9473
16.0504
16.0504
16.5244
16.5244
16.651
16.651
16.4822
16.4822
2.87869
2.87869
2.99144
2.99144
2.92178
2.92178
2.84759
2.84759
3.08295
3.08295
2.85829
2.85829
3.95044
3.95044
3.94029
3.94029
3.15342
3.15342
3.33389
3.33389
3.35349
3.35349
3.46079
3.46079
2.92809
2.92809
2.97139
2.97139
4.82295
4.82295
5.05854
5.05854
5.33107
5.33107
4.83046
4.83046
6.17274
6.17274
6.82195
6.82195
7.40478
7.40478
7.08603
7.08603
5.78706
5.78706
5.86873
5.86873
6.18601
6.18601
3.50362
3.50362
3.53175
3.53175
3.24992
3.24992
3.70534
3.70534
3.75894
3.75894
2.61019
2.61019
2.23855
2.23855
2.04279
2.04279
2.56053
2.56053
2.66356
2.66356
2.04962
2.04962
1.76964
1.76964
1.81881
1.81881
2.33071
2.33071
2.05232
2.05232
1.80656
1.80656
14.9725
14.9725
14.7309
14.7309
14.7522
14.7522
14.5321
14.5321
14.5867
14.5867
14.9814
14.9814
15.2023
15.2023
15.0123
15.0123
15.1507
15.1507
15.2017
15.2017
14.8009
14.8009
14.6897
14.6897
14.8608
14.8608
1.81858
1.81858
1.49066
1.49066
1.62344
1.62344
1.58108
1.58108
1.64035
1.64035
1.54847
1.54847
1.73555
1.73555
7.60921
7.60921
6.41292
6.41292
6.79959
6.79959
5.97762
5.97762
4.12065
4.12065
4.64045
4.64045
9.54796
9.54796
9.97075
9.97075
10.009
10.009
9.72251
9.72251
9.51112
9.51112
9.8764
9.8764
9.72775
9.72775
9.72127
9.72127
8.26653
8.26653
9.34081
9.34081
8.87277
8.87277
9.27475
9.27475
9.29499
9.29499
9.36383
9.36383
9.07464
9.07464
9.07895
9.07895
10.5837
10.5837
10.6166
10.6166
9.48127
9.48127
10.1225
10.1225
9.32921
9.32921
7.92998
7.92998
8.09717
8.09717
9.11057
9.11057
10.0842
10.0842
10.411
10.411
10.2545
10.2545
9.9822
9.9822
9.75397
9.75397
10.1209
10.1209
10.1756
10.1756
10.2365
10.2365
10.2264
10.2264
8.752
8.752
8.70923
8.70923
8.30911
8.30911
13.9671
13.9671
13.8738
13.8738
14.0204
14.0204
14.0254
14.0254
14.1526
14.1526
13.9764
13.9764
13.8135
13.8135
14.0908
14.0908
14.1452
14.1452
13.9293
13.9293
11.0815
11.0815
11.141
11.141
11.3865
11.3865
12.1346
12.1346
12.1865
12.1865
12.0934
12.0934
11.3382
11.3382
13.104
13.104
12.7584
12.7584
13.3979
13.3979
13.3438
13.3438
13.4147
13.4147
13.0038
13.0038
12.8277
12.8277
13.099
13.099
10.0783
10.0783
11.4507
11.4507
10.9829
10.9829
11.2472
11.2472
10.0611
10.0611
9.30536
9.30536
13.222
13.222
13.2759
13.2759
13.3421
13.3421
13.6154
13.6154
13.5726
13.5726
14.1566
14.1566
15.8277
15.8277
15.6976
15.6976
15.7449
15.7449
15.788
15.788
15.3997
15.3997
15.4369
15.4369
4.17268
4.17268
3.82604
3.82604
4.54469
4.54469
4.50232
4.50232
4.06114
4.06114
3.76204
3.76204
2.28745
2.28745
1.96959
1.96959
1.78286
1.78286
1.65655
1.65655
1.88879
1.88879
1.94853
1.94853
8.16006
8.16006
8.19086
8.19086
6.33068
6.33068
7.35576
7.35576
5.87517
5.87517
4.93568
4.93568
4.79235
4.79235
5.95175
5.95175
7.13367
7.13367
7.19463
7.19463
8.51868
8.51868
9.20017
9.20017
8.75751
8.75751
8.58397
8.58397
7.92464
7.92464
8.25652
8.25652
10.1259
10.1259
10.2192
10.2192
10.1202
10.1202
10.4387
10.4387
9.97149
9.97149
11.7165
11.7165
11.299
11.299
11.6479
11.6479
13.2628
13.2628
12.971
12.971
12.3728
12.3728
12.2597
12.2597
12.2249
12.2249
12.8186
12.8186
11.9451
11.9451
11.1758
11.1758
11.8892
11.8892
12.5465
12.5465
12.5045
12.5045
11.1219
11.1219
10.8771
10.8771
11.3034
11.3034
11.2862
11.2862
10.2
10.2
10.7215
10.7215
10.4836
10.4836
10.8352
10.8352
10.5491
10.5491
))
(300 (2 1 3 0 0 1 918)(
2.47629 -0.138943 0 
0.108704 0.722546 0 
0.172333 1.06627 0 
2.31834 0.153728 0 
-0.059708 1.25894 -1.21338e-19 
-0.0924034 0.643931 -5.3152e-18 
0.527948 0.846019 -2.96372e-19 
0.274519 0.152965 -2.98875e-20 
3.00615 -0.0195612 0 
-0.00828747 0.475623 0 
-0.0174495 0.589741 0 
0.605301 0.00675569 0 
0.0107054 0.439105 0 
-0.00288306 0.42169 0 
0.0135011 0.340979 -1.30577e-18 
-0.00516685 0.764566 -9.18667e-20 
0.31255 0.0742975 2.15197e-18 
0.0792906 0.639556 -2.23946e-19 
1.52885 0.128627 0 
-0.0273386 0.689426 0 
0.194763 0.157818 -1.266e-18 
3.08302 -0.397374 0 
2.92445 -0.505981 0 
1.86116 -0.1811 0 
0.511528 0.0400885 0 
-0.0253681 0.521558 0 
-0.00135315 0.494038 1.86296e-18 
-0.023599 1.41253 0 
0.0726693 2.90576 0 
0.168162 1.75243 0 
-0.0408891 3.14344 0 
0.0262159 1.62641 9.32955e-20 
0.0226545 0.681453 0 
-0.147425 0.775094 -2.03141e-22 
-0.193914 1.0291 4.42238e-18 
-0.0415772 1.04471 0 
0.744553 -0.00600823 0 
0.161401 0.246876 6.65976e-19 
0.989843 1.50723 6.54264e-19 
0.647591 0.781318 -5.17027e-19 
0.79551 1.5681 6.2246e-20 
0.414916 0.847269 -3.21471e-19 
0.552791 0.306826 2.93939e-20 
0.297166 0.153738 0 
0.961271 0.56537 0 
0.533144 0.304217 1.32035e-19 
0.258203 0.162915 -1.35487e-19 
0.871588 -0.0554801 0 
3.02784 -0.00170574 0 
3.00685 0.0178652 0 
3.20086 -0.417734 0 
3.04288 -0.0742128 0 
3.03116 -0.0388413 0 
0.0185359 0.907678 -1.14693e-18 
-0.0541797 0.970855 0 
0.00270357 0.453386 0 
-0.0289262 0.97815 0 
-0.0114638 0.479989 0 
-0.0016281 0.871021 0 
-0.052292 1.11086 0 
-0.0127496 0.541493 0 
-0.0256664 1.16348 0 
-0.00620296 0.622667 0 
0.790381 0.0116098 0 
1.16958 -0.00157512 0 
0.618317 0.0123642 0 
1.12598 0.0175955 0 
0.569862 0.00867211 0 
0.225406 0.921982 1.96029e-18 
0.0985379 1.2081 0 
0.176302 1.06604 0 
0.0331901 0.755774 2.1999e-23 
0.0372233 0.498055 -2.93178e-18 
0.0194616 0.747943 0 
0.0059542 0.422033 0 
-0.000695898 0.734549 4.51888e-24 
0.000702333 0.414825 0 
-0.0169227 0.743182 0 
-0.0129393 0.427983 0 
0.0496123 0.650447 0 
0.0486001 0.458668 0 
0.0080844 0.622155 1.23458e-18 
0.000783299 0.344946 0 
-0.0756349 4.68525 0 
0.00819857 1.4514 9.12045e-20 
-0.0106719 0.782433 -1.17458e-19 
0.636432 0.152224 -7.50882e-19 
0.321755 0.0657036 -7.28632e-19 
0.645183 0.169825 -2.25449e-18 
0.317701 0.0956205 -1.45149e-18 
0.0790492 0.621903 0 
0.177393 1.30766 1.85838e-19 
0.178744 0.726685 -2.96523e-19 
2.06032 0.260943 0 
1.10705 0.118448 0 
3.03313 0.103886 0 
3.10392 0.446058 0 
2.83919 0.377458 -1.01265e-17 
2.57811 0.361309 7.77025e-18 
-0.0713748 1.26974 0 
-0.0116203 0.626217 0 
-0.015632 1.9159 0 
-0.0515671 1.35586 0 
-0.0487259 0.683932 0 
0.440731 0.29596 4.00801e-19 
0.225645 0.163503 0 
2.29609 -0.266395 0 
1.32372 -0.119275 0 
1.07656 0.0126519 0 
1.01227 0.0187547 0 
0.541047 0.0108358 0 
1.01948 0.0563402 0 
0.82147 0.0703499 0 
0.343719 0.028702 3.36249e-18 
-0.00543851 0.451591 1.77415e-18 
-0.0270378 0.784637 0 
-0.0473401 0.847538 0 
-0.0152787 0.46045 0 
0.000132391 0.839725 1.81652e-18 
7.28881e-05 0.48753 0 
-0.00547891 0.845554 -5.59195e-18 
-0.00488634 0.496761 1.88687e-18 
0.0503525 3.58661 0 
0.037746 4.04275 0 
-0.0166392 1.40235 -2.05184e-21 
-0.0138299 1.35387 0 
-0.0100278 0.736769 0 
1.41013 0.0348754 0 
0.760512 0.0154318 0 
0.709538 0.0142618 0 
1.41614 -0.0328536 0 
0.773497 -0.00874339 0 
0.322883 0.481512 -8.36164e-19 
0.157152 0.2332 0 
0.32586 0.510537 9.37148e-20 
0.163809 0.269127 0 
1.23709 1.38167 1.66757e-19 
0.776554 0.738388 -3.92991e-19 
0.409844 1.41524 0 
0.604161 1.52679 0 
0.302024 0.81093 0 
0.145949 0.354752 -4.43419e-19 
0.607799 0.280932 0 
0.313696 0.134706 3.98827e-19 
1.42393 1.30268 0 
1.5837 1.16569 0 
0.873036 0.662143 4.62193e-19 
1.73126 0.951276 0 
1.06711 0.438011 2.31872e-20 
1.47295 0.00813277 0 
1.50098 -0.0292427 0 
0.801884 -0.00441865 0 
1.95042 -0.199781 0 
1.65081 -0.148183 0 
1.05215 -0.088971 0 
3.06126 0.164852 0 
3.03105 0.0687864 0 
3.01022 0.0531587 0 
0.0352866 1.61425 6.08611e-19 
0.0177602 0.831892 0 
0.0178326 1.70491 1.0803e-18 
0.00290519 0.943416 -9.71153e-19 
0.0644075 1.14706 1.88629e-19 
0.0475729 0.984934 0 
0.0399241 0.526528 0 
-0.0288057 1.00268 0 
-0.00713087 0.516296 0 
0.0174082 1.61863 -4.42786e-21 
-0.0185513 0.868072 0 
-0.0541831 1.58587 -2.25423e-19 
-0.0164752 0.821413 4.36517e-19 
-0.00208696 1.02777 0 
0.00992999 1.04285 0 
-0.000168776 0.530724 0 
0.0101132 1.17338 0 
0.000545293 0.613993 0 
1.4681 -0.00373981 0 
0.789086 0.00804115 0 
1.4404 0.0331481 0 
0.761722 -0.000564962 0 
0.675426 0.00533871 0 
1.26205 0.0166719 0 
1.20251 0.0473024 0 
0.659748 0.0155495 0 
-0.00580053 1.42077 -1.70257e-20 
0.000184313 1.37708 0 
0.00482011 0.732923 0 
0.00172892 0.417221 0 
0.285022 0.829874 0 
0.254094 0.400371 -2.87234e-19 
-0.00218694 0.635447 0 
-0.00888444 0.367601 0 
0.00442069 4.34898 0 
-0.0561996 4.66259 0 
-0.0261612 4.57178 0 
-0.075532 3.34888 2.04751e-20 
-0.0662062 4.59205 0 
-0.0581588 4.16322 0 
0.00438119 0.817402 1.07347e-20 
0.0137383 1.55864 1.65098e-19 
-0.0360213 1.49789 1.20681e-19 
-0.00778353 0.82346 0 
0.664742 0.105754 1.15316e-18 
0.325811 0.0441705 -1.13012e-18 
0.150566 1.13988 0 
0.101599 0.576499 -2.69707e-19 
0.119146 1.24058 -8.75802e-19 
0.0522859 0.691303 8.71297e-19 
0.809214 0.0240607 0 
1.55679 0.0476748 0 
1.70971 0.12765 0 
0.919852 0.0445211 0 
0.00729227 1.18602 0 
0.0253031 1.19536 0 
0.0041438 0.630207 0 
0.482647 0.31543 1.20383e-18 
0.43732 0.309444 -1.387e-18 
0.234983 0.164327 0 
1.93462 0.152782 1.15219e-19 
1.13582 0.0931253 0 
1.72377 0.118358 0 
0.883464 0.0226557 0 
0.678445 0.0857568 0 
0.699952 0.0460736 -5.40677e-18 
0.346834 0.0325998 1.99875e-18 
0.00914083 0.807274 1.69426e-18 
0.00222075 0.462506 4.08164e-20 
-0.0108777 1.40842 -3.58104e-20 
0.00613615 1.38675 1.36624e-18 
-0.0149832 0.848955 6.29612e-20 
-0.0119261 0.524486 -2.52975e-22 
-0.107514 1.00068 -1.16518e-18 
-0.0529602 1.3532 8.34209e-19 
-0.0175323 1.35275 -1.35813e-18 
1.42262 -0.0170966 0 
1.44228 0.0203043 0 
0.769818 -0.00018662 0 
1.45221 0.0253788 0 
1.36323 0.0462262 0 
0.761559 0.0203041 0 
1.30069 -0.0021609 0 
1.31873 -0.00585667 0 
0.695088 -0.000992036 0 
0.305536 0.474457 -9.15654e-19 
0.161691 0.24316 0 
0.157689 0.30936 1.37083e-19 
0.310634 0.587732 1.12321e-18 
0.308324 0.550171 -6.64927e-19 
0.157284 0.282665 1.29931e-18 
0.279715 0.720768 2.18441e-18 
0.148945 0.382416 3.94211e-19 
0.636498 0.213249 1.53741e-18 
0.626432 0.253788 3.99308e-19 
0.316786 0.115102 7.49262e-19 
1.91905 0.713392 -5.99798e-19 
1.16652 0.335596 -7.01963e-19 
-0.0355596 1.71119 4.64287e-19 
-0.0117798 0.929083 0 
1.60347 0.0238691 0 
1.52162 0.065329 0 
0.852751 0.0268241 0 
-0.00355885 1.38473 0 
0.0050741 0.729574 2.49588e-18 
0.00465033 0.731252 0 
0.00207076 0.415097 -2.4429e-18 
-0.0102754 1.38627 5.9584e-19 
-0.00947278 1.4225 0 
0.337255 0.489127 2.58063e-19 
0.360729 0.5474 -8.63334e-19 
0.172172 0.25829 7.81431e-19 
-0.0256762 0.767445 -1.66323e-18 
-0.0261489 0.689713 0 
-0.0154348 0.412919 0 
0.0295758 1.54779 -1.27692e-20 
0.0307389 1.57857 -3.64063e-19 
0.0175449 0.821996 -1.55629e-20 
0.214664 1.04964 8.91498e-19 
0.120308 0.511542 -5.93247e-19 
0.0118319 1.49351 7.31535e-19 
0.0561173 1.35898 -8.16576e-19 
0.0269202 0.7649 3.54526e-20 
0.0075096 1.36614 -3.80882e-18 
-0.000218023 1.39326 4.41083e-18 
0.00377293 0.829776 1.73347e-18 
-0.0138311 0.805092 -1.72596e-18 
-0.00430958 0.481399 -1.73911e-18 
-0.0106518 1.41685 -4.5012e-18 
-0.0152189 1.40032 4.59042e-18 
0.287573 0.67742 0 
0.300909 0.636843 -2.29016e-18 
0.152521 0.332859 9.91448e-19 
0.282665 0.799592 1.18681e-18 
0.139526 0.429478 -1.8312e-18 
2.0557 0.32216 4.15786e-19 
2.04978 0.546936 0 
1.21776 0.22071 -4.01769e-19 
-0.0744264 1.6402 -4.79811e-21 
-0.0148717 1.69711 0 
-0.016072 0.92528 0 
0.228255 0.94929 -3.23276e-19 
0.24951 0.870763 -7.07988e-19 
0.129466 0.465513 1.32677e-18 
3.16442 -0.442874 0 
3.34728 -0.414687 1.81259e-18 
0.0578429 3.50079 0 
0.0461673 2.82577 0 
3.15926 0.249913 1.41916e-20 
3.12355 0.506293 3.71168e-18 
0.019821 3.4151 -2.74791e-20 
0.00801272 2.64862 0 
-0.041617 1.19605 1.5556e-18 
0.190628 1.31727 0 
3.46958 1.62271 -3.24784e-19 
3.17428 0.272566 -2.96099e-20 
3.14836 -0.118707 0 
3.10047 -0.000407148 3.72814e-22 
0.0428342 2.57919 0 
0.157561 3.31646 0 
-0.0566758 2.53152 0 
-0.0256491 3.4957 3.15652e-19 
-0.0280883 3.571 1.99194e-19 
2.63371 0.0487673 -1.36469e-20 
3.0473 0.0310784 0 
3.15753 0.0867116 0 
-0.0587448 4.61668 0 
-0.0485047 3.07311 0 
-0.0747773 2.94576 0 
0.64958 3.09166 2.66317e-19 
3.33884 -0.422463 0 
3.0114 -0.345813 0 
3.1699 -0.0530407 2.27692e-18 
3.2927 -0.328703 -2.74167e-18 
3.1038 -0.125779 0 
-0.0650477 4.51952 0 
0.010259 3.94892 0 
0.00133249 4.27547 0 
-0.0300953 3.10757 0 
-0.0158948 2.86674 0 
-0.0327124 2.43946 0 
2.97416 -0.00319457 0 
2.8505 0.0486065 -1.80496e-20 
2.24171 3.04075 -3.2226e-19 
3.15695 0.0444515 -2.27799e-18 
3.19037 0.278176 2.76902e-18 
3.0828 0.117335 0 
3.3954 0.328917 2.08701e-18 
3.35696 0.484363 -2.70622e-18 
3.07111 0.418427 0 
-0.0575113 3.3351 0 
0.00343716 3.26106 8.52637e-20 
-0.0316933 2.56219 -6.03869e-20 
3.7066 0.554662 2.26523e-18 
3.47028 0.208206 0 
-0.15189 1.27129 -2.16675e-18 
-0.0623138 0.882162 -1.35088e-19 
-0.0846185 1.33684 2.98675e-18 
-0.0351131 1.27052 -8.99962e-19 
-0.000370901 1.08851 0 
-0.0266738 1.23953 6.95116e-19 
-0.115025 1.38787 2.14736e-18 
-0.0590283 1.34056 -1.31463e-18 
-0.0767572 1.32063 0 
1.29066 0.597722 0 
1.17886 0.683127 0 
3.55413 2.02663 9.53649e-19 
3.04591 1.93256 -1.19077e-18 
3.83606 1.70445 0 
3.38139 1.15533 0 
3.34935 0.280485 -3.91628e-18 
2.89886 0.173112 4.83909e-18 
3.35143 -0.155493 0 
2.85476 -0.076146 0 
3.43642 0.0430141 0 
3.59381 0.145044 0 
3.28683 0.119868 0 
3.55033 0.29857 0 
3.40841 0.293053 0 
3.32755 0.218067 0 
0.0961331 2.78074 0 
0.033988 2.07131 0 
0.124712 3.03988 0 
0.0916569 2.19529 0 
0.214577 3.6092 0 
0.140519 2.68855 -5.5919e-19 
0.0523267 3.62548 0 
0.010973 3.03005 4.0582e-19 
-0.0260596 3.21484 -5.16897e-19 
-0.0614977 2.79764 0 
-0.0242322 2.20178 0 
-0.0745822 2.90287 0 
-0.0563743 2.04638 0 
-0.112438 4.75091 -2.45365e-19 
-0.0834378 3.94313 2.77117e-19 
-0.0774269 3.80766 3.08845e-19 
-0.0539882 3.02149 0 
-0.108023 3.80376 -4.58452e-19 
-0.0393321 3.21396 -2.94833e-19 
-0.0869932 4.78294 1.92445e-19 
-0.0992795 4.46624 -3.50269e-19 
-0.0734573 4.33789 -3.78655e-19 
3.03159 0.0882957 3.35802e-18 
2.28979 0.0321563 -4.22906e-18 
2.89164 0.132757 -3.32695e-18 
2.20993 0.0734498 4.15556e-18 
3.36842 0.0276319 0 
2.6429 -0.00267811 0 
3.45387 0.0911935 0 
3.32003 0.0191905 0 
2.70635 0.00916925 0 
3.67983 0.239305 0 
3.43846 0.0958044 0 
2.86309 0.0563965 0 
-0.0280822 4.32052 -1.20558e-20 
-0.0621969 4.64932 0 
-0.0677004 4.53833 0 
-0.0785524 3.49506 8.77272e-20 
-0.0387809 2.77059 -3.46319e-21 
-0.0873875 4.66829 1.13658e-19 
-0.100729 4.46175 -1.14855e-19 
-0.0833533 3.96365 0 
-0.0613256 3.88664 0 
-0.0259973 4.00352 0 
-0.0747071 3.26574 0 
-0.0439269 2.3092 0 
0.945363 3.64698 -6.09537e-19 
0.916962 2.84015 -1.76683e-19 
0.432929 2.06329 -2.28554e-19 
0.253807 2.3117 6.98038e-19 
1.02634 4.208 2.6381e-19 
3.43307 -0.167435 0 
3.32213 -0.256553 0 
2.88326 -0.18952 0 
3.47032 -0.0643573 0 
3.34581 -0.147871 0 
3.44893 -0.261029 0 
3.5195 -0.283608 0 
3.57949 -0.281139 0 
3.22419 0.0933578 3.61833e-18 
2.55524 0.0645054 -4.57533e-18 
3.09657 0.106544 -3.56178e-18 
2.5092 0.0566535 4.43185e-18 
2.2368 3.40816 0 
1.73412 2.93718 -4.46277e-19 
2.56453 3.34257 -4.03521e-19 
2.36384 2.52244 5.36277e-19 
0.776777 1.21613 2.72363e-18 
1.4474 0.216507 1.34297e-18 
3.72192 0.303844 0 
3.89233 0.572169 -1.84577e-18 
3.29797 0.243648 -8.23255e-20 
3.72143 0.439765 0 
0.237618 1.3128 1.79678e-18 
-0.0162015 1.20216 -2.8774e-18 
0.0592454 0.770093 1.61514e-18 
0.276545 0.465202 -7.48117e-19 
0.18784 1.38453 8.71329e-19 
0.0509436 1.23747 0 
0.0579601 1.08659 -1.13272e-18 
0.192485 1.44354 -4.09368e-18 
0.330127 1.55786 0 
0.00866326 1.2902 1.19625e-19 
-0.00972644 1.45729 -1.34065e-18 
-0.0410247 1.30282 1.94902e-18 
-0.0574626 1.41766 0 
-0.0204924 1.38227 0 
0.682655 1.05202 0 
2.46145 2.45725 -1.06627e-18 
2.63921 2.16854 3.95313e-19 
2.78929 2.87718 0 
3.21192 3.06279 -3.94455e-19 
3.16296 2.40772 2.84221e-20 
0.804928 0.590233 -1.82286e-18 
1.55742 0.691945 -1.62311e-20 
1.23394 0.451319 8.72105e-19 
1.2768 0.844578 5.95118e-20 
0.940067 0.63459 -2.36981e-18 
1.46583 0.714772 0 
1.99238 1.10056 1.45594e-18 
2.03438 1.01645 0 
1.41357 0.79144 0 
1.06308 0.550173 0 
3.37793 2.17954 1.00814e-18 
3.9465 0.760008 -1.86302e-18 
3.84643 1.21472 0 
3.53184 0.756869 0 
1.39228 0.364935 1.33235e-18 
3.26075 1.84234 -8.51412e-19 
2.83755 1.65495 1.54661e-18 
3.7566 1.37645 -1.8354e-18 
3.09797 0.114737 2.46353e-18 
3.16858 0.180803 -2.57849e-18 
2.66187 0.091634 0 
3.30725 -0.0395284 0 
3.20138 -0.084275 -2.3661e-18 
2.63238 -0.0321197 2.34526e-18 
3.95631 0.0931435 0 
3.75973 0.145608 0 
3.69369 0.155357 0 
3.58831 0.204732 0 
3.83261 0.0590059 0 
3.7261 0.0522334 0 
-0.0414834 2.50489 0 
-0.0385466 2.00609 0 
0.354331 3.97686 -4.10759e-19 
0.659605 3.31932 -1.60196e-19 
0.257311 3.01485 -3.58311e-19 
0.341746 2.53602 5.73992e-19 
0.455468 4.003 0 
0.468467 4.66918 -5.09567e-19 
0.38242 4.7269 0 
0.913314 4.38166 -3.79488e-19 
0.67646 3.82815 9.69299e-19 
0.596495 4.6482 4.4659e-19 
0.738655 4.19025 -1.87448e-19 
0.600066 4.31579 1.50803e-19 
0.915689 4.65143 -6.63399e-19 
0.747988 4.66091 0 
0.859093 4.58747 5.04398e-19 
0.00321168 4.5781 -1.81057e-19 
-0.0208363 3.65832 0 
0.0986992 4.29606 5.49284e-19 
-0.00568662 4.39898 0 
-0.00527163 3.47212 -4.51269e-19 
-0.0163414 2.92516 0 
-0.105263 4.3037 -2.89041e-19 
-0.111418 4.67941 0 
-0.0563503 3.79979 0 
-0.0437225 3.72265 3.25064e-19 
-0.0504571 3.89475 1.03592e-20 
-0.0375783 3.71875 6.25684e-19 
-0.0426553 2.95798 4.06571e-21 
-0.120175 4.70977 1.8006e-19 
-0.109303 4.7414 1.03124e-19 
-0.0187937 2.62555 0 
-8.13999e-05 2.13879 0 
-0.0463041 4.78875 4.85687e-19 
-0.0525346 4.3027 4.23226e-19 
-0.0878679 4.58115 -5.53331e-19 
0.012308 4.75557 0 
-0.0846782 4.52914 -3.0878e-19 
-0.122973 4.16031 1.27523e-19 
-0.0897704 4.24426 -4.12836e-20 
-0.0769392 4.72795 -2.18734e-19 
-0.090818 4.26753 -6.84837e-20 
-0.0885833 4.21387 3.06435e-19 
2.87155 0.0609849 -2.36315e-18 
2.85906 0.0496506 2.27261e-18 
2.33874 0.034533 0 
3.5105 0.191846 3.04596e-18 
2.70413 0.126466 -3.30418e-18 
2.25493 0.0644294 3.60895e-18 
3.68298 0.335072 -4.01565e-19 
3.20982 -0.0485577 0 
3.17202 -0.013604 2.23665e-18 
2.6908 -0.0123983 -2.21902e-18 
3.87853 0.122042 -1.25217e-19 
3.7716 0.101711 1.07815e-18 
4.15962 0.173218 0 
4.22838 0.180874 -3.75066e-19 
4.01382 0.145052 0 
3.6951 0.155273 0 
4.03232 0.0950114 0 
3.71185 0.0872685 0 
4.18472 0.113705 7.85362e-19 
4.13723 0.0789971 -1.74762e-18 
4.14058 0.113716 -8.47867e-19 
4.18633 0.116348 -9.24329e-19 
4.21555 0.228697 1.77376e-18 
3.85449 0.188418 0 
4.06095 0.301495 0 
-0.0792896 4.57379 -1.35878e-19 
-0.0376623 4.63844 -1.16924e-20 
-0.0723552 4.65714 0 
-0.0605821 4.18741 1.38289e-19 
-0.0586981 4.21238 2.25523e-20 
-0.0625536 4.07866 -2.18762e-20 
-0.0829514 3.52478 2.60957e-19 
-0.14807 4.00159 -1.45093e-20 
-0.107268 4.13129 7.47073e-20 
-0.07693 3.39717 -1.32247e-19 
-0.026173 2.92106 1.58371e-19 
-0.0820855 4.43286 5.1886e-21 
-0.0957269 4.64203 1.71995e-19 
1.24228 4.34892 3.47611e-19 
1.15902 4.5222 7.25329e-19 
1.73257 3.45499 4.3154e-19 
1.3042 3.54653 1.69845e-19 
1.28101 2.87725 0 
0.551689 2.33008 2.75232e-19 
0.465963 1.75009 3.31184e-19 
0.346939 2.58086 1.52205e-20 
0.49476 3.189 -1.16173e-18 
0.635917 3.14651 8.77444e-19 
0.435387 2.41657 0 
0.295496 1.98268 -5.58075e-19 
0.260505 3.09223 1.39627e-18 
0.274302 2.73304 -3.15782e-20 
0.158564 2.28876 -1.75027e-18 
0.594102 1.41652 1.46487e-18 
0.579388 1.62405 0 
3.58364 -0.0751625 8.64216e-20 
3.61861 -0.254113 -7.25868e-20 
3.72134 -0.217729 -1.26637e-18 
3.75926 -0.126038 1.28225e-18 
3.67616 -0.0488745 0 
2.44632 3.86576 0 
2.61922 3.91088 0 
2.89002 3.62097 0 
2.73822 3.6398 0 
0.856865 1.39809 -3.32667e-21 
0.613362 1.04192 0 
1.71605 3.39206 1.50246e-20 
1.42687 3.47165 0 
1.33273 2.96015 -1.28467e-18 
1.41333 2.90133 8.24982e-19 
1.79211 0.31047 0 
1.43116 0.262099 3.52026e-19 
2.41253 0.358817 2.19145e-18 
1.78682 0.28484 -7.85326e-19 
1.42686 0.112198 -2.49462e-18 
4.26619 0.789286 -2.56493e-18 
3.85317 0.994601 -3.67009e-20 
3.29854 0.844322 2.06745e-18 
3.87678 0.744969 1.81293e-18 
3.12408 0.465526 -3.04451e-18 
2.91128 0.452058 3.74927e-19 
3.19385 0.682215 -8.18574e-19 
2.97734 0.683197 0 
3.75956 0.563607 1.53736e-18 
4.09626 0.628846 0 
4.09184 0.775789 0 
4.0453 0.415457 8.23527e-19 
4.29652 0.641934 -3.02629e-20 
4.24887 0.715052 -4.52789e-19 
4.17598 0.642463 0 
3.61595 0.130255 1.71786e-18 
4.19005 0.183314 2.14379e-18 
4.09082 0.151448 -1.67911e-18 
4.13671 0.240564 -1.44258e-18 
3.74606 0.237978 -2.15598e-18 
3.3037 0.375819 0 
3.40398 0.302196 0 
2.55871 0.190583 -1.26583e-18 
2.10907 0.119081 4.76688e-19 
4.03749 0.352311 1.93995e-18 
4.28758 0.432327 -2.34609e-18 
4.28505 0.488935 2.06853e-18 
4.15743 0.492979 0 
4.25652 0.336823 0 
4.26635 0.32214 -9.81604e-19 
4.21435 0.315801 -1.5962e-18 
2.23273 3.49071 6.20345e-19 
1.94402 3.23629 -6.83482e-19 
1.45059 2.36073 -1.03231e-18 
1.18991 2.00028 2.66947e-19 
0.886447 1.38159 -2.6301e-18 
0.795712 1.2181 9.22517e-19 
0.602301 0.906028 -1.93356e-21 
1.11781 1.78856 -1.13834e-18 
1.14548 1.88623 1.69934e-18 
0.97694 1.70325 5.06262e-19 
0.787814 1.2911 -5.12881e-19 
0.636729 1.07629 0 
2.4507 2.60915 -1.15426e-19 
0.707162 1.14527 8.57563e-19 
0.929611 0.891179 1.1565e-18 
0.756892 0.814728 1.33825e-18 
1.08475 0.74754 1.3414e-18 
1.46944 1.0458 -2.27068e-18 
1.38546 1.07285 1.83978e-18 
1.00347 0.766718 -6.76934e-19 
0.818209 0.568792 1.49498e-18 
1.61671 0.49104 -7.78046e-19 
1.56031 0.508696 0 
1.24049 0.407609 4.61992e-21 
2.51259 1.51692 7.75581e-19 
2.08283 1.27134 -2.8087e-18 
1.68948 1.18592 9.14213e-21 
1.66328 1.09357 0 
2.86638 2.59599 8.73636e-19 
3.44806 2.75088 1.03702e-18 
3.25749 2.92959 -1.19545e-18 
3.55437 2.76106 -4.28208e-19 
3.48303 2.59965 -1.34858e-19 
3.51186 2.79146 1.3874e-19 
3.6762 2.26539 -1.67893e-18 
3.70527 2.49035 4.0072e-19 
3.78302 2.43307 0 
3.78346 2.18887 -5.79569e-19 
4.04955 1.07263 5.80428e-19 
4.27563 0.992172 1.00197e-18 
4.30028 0.965876 1.01146e-18 
4.05562 1.32835 -1.14938e-18 
4.10242 1.34827 0 
4.15189 1.23227 0 
3.32976 1.23555 -1.55688e-20 
2.41946 0.666674 0 
2.72359 0.744096 9.30549e-19 
3.23996 0.885668 -2.64242e-20 
3.77438 1.53399 5.10626e-18 
3.57181 1.76135 1.31081e-18 
3.48309 1.54021 -1.34044e-18 
3.04 1.36995 1.4372e-18 
2.76351 1.37011 8.23715e-19 
2.30924 1.15663 -7.97752e-19 
3.67218 -0.085574 1.98432e-18 
3.89469 -0.0289654 0 
3.85894 -0.06658 1.34186e-18 
3.7429 -0.0594383 -2.98729e-18 
3.98056 0.0373327 1.46174e-18 
3.90445 0.113384 -3.08246e-18 
3.73988 0.12799 0 
3.55628 0.173444 -6.28448e-19 
3.81198 0.122954 1.60503e-18 
3.69196 0.19136 -8.22432e-19 
3.60031 0.171055 5.90623e-19 
-0.0818528 2.58694 0 
-0.0497258 3.39174 0 
-0.033129 2.45629 0 
-0.0224044 1.96691 0 
0.0434293 3.93134 6.70044e-19 
0.13793 3.71134 -1.72884e-19 
0.314955 4.63836 -2.29502e-19 
0.250119 4.45052 2.42323e-19 
-0.028916 4.28707 -4.97071e-19 
0.00833323 4.31909 3.73278e-19 
0.0927865 3.85966 2.2358e-20 
0.0072046 3.54708 -4.66794e-19 
-0.0147297 3.30067 -6.22225e-20 
-0.0423911 3.6634 -5.66838e-20 
0.151029 4.48302 -5.86625e-19 
0.176854 4.29893 0 
0.273688 4.64003 2.96307e-19 
0.266093 4.70986 2.52959e-19 
0.595847 4.45027 -2.25911e-19 
0.409798 3.79623 0 
0.459081 3.64267 -1.1157e-18 
0.562937 4.01154 7.90537e-19 
0.479907 4.56682 -6.14709e-19 
0.369687 4.44155 3.30712e-19 
0.299772 4.16876 0 
-0.0394681 4.76335 -5.52636e-19 
-0.0785555 4.53303 -6.4117e-19 
-0.0802661 4.74276 0 
-0.032323 4.36768 -6.24786e-21 
-0.0225972 4.64696 2.73995e-19 
-0.122561 3.8791 4.46924e-20 
-0.0586646 3.48643 -6.53585e-19 
-0.0998883 3.92441 1.74323e-19 
-0.141145 4.51452 2.32077e-19 
-0.0807118 4.32385 0 
-0.0646079 3.88677 0 
-0.0846064 2.90582 2.01036e-19 
-0.0514449 3.63635 -6.27252e-20 
-0.0766467 3.62255 0 
-0.0900354 2.69234 1.58295e-19 
-0.0475844 2.19986 -3.06705e-19 
3.76096 0.0322705 0 
3.73183 0.00766991 -2.03245e-19 
4.17948 0.0678334 -1.43972e-18 
4.08904 0.0461851 0 
3.87622 0.0177062 0 
4.14973 0.0369649 -1.25191e-20 
4.10029 0.0348712 2.37856e-18 
4.00014 0.0801176 2.84522e-18 
3.75594 0.118591 0 
3.55812 0.109984 0 
4.01339 0.0938324 1.41725e-18 
3.70336 0.116039 0 
3.47224 0.128802 0 
-0.0881499 4.69684 0 
-0.113946 4.66497 1.06836e-20 
-0.0846887 4.71619 6.2985e-20 
-0.0658907 3.83682 0 
-0.119147 4.53638 1.11175e-19 
-0.0748171 4.2461 -6.33946e-20 
-0.0599485 3.93717 0 
1.41545 4.19248 0 
1.20975 4.57696 -1.29733e-18 
1.22609 4.48885 0 
1.57497 4.48212 1.48411e-18 
1.59119 4.10982 0 
1.50018 4.36351 -6.06455e-19 
1.01594 2.25017 -3.39811e-20 
0.712514 1.65155 -1.74651e-18 
0.59315 1.23188 2.13076e-18 
0.71238 1.84296 3.97298e-19 
0.979915 2.43389 0 
1.04147 2.3884 0 
0.721712 1.69415 0 
0.534829 1.33577 -1.39696e-18 
1.21503 3.78439 -9.83972e-19 
1.13423 2.99988 -2.35674e-19 
1.33309 3.41482 1.92742e-19 
0.602343 2.05068 0 
0.623443 1.95146 0 
0.46467 1.57867 -3.93299e-19 
0.962415 2.73145 0 
2.69043 3.57022 0 
2.38663 3.01119 -1.45454e-18 
2.55082 3.0287 -8.58644e-20 
2.42521 3.40638 0 
2.29162 3.15293 2.2211e-18 
3.27996 3.08502 -3.89622e-19 
3.13411 3.32102 0 
3.11645 3.14721 6.30309e-19 
2.87246 3.41132 0 
2.88524 3.20061 0 
1.21349 2.01186 -9.30967e-19 
1.41896 2.40933 -6.99795e-19 
1.75958 2.98801 1.20623e-18 
1.70194 2.96661 -3.62401e-19 
1.06618 1.8275 0 
1.21126 2.21489 4.71343e-19 
0.720794 1.29241 -7.15743e-19 
0.583523 1.04658 -5.99222e-22 
1.94387 3.70135 0 
2.20496 3.74545 -5.425e-19 
2.34257 3.98638 0 
2.2853 0.529019 0 
1.61825 0.342008 0 
1.20977 0.276702 0 
2.21049 0.554344 -1.46508e-18 
1.63638 0.402357 8.17175e-19 
2.14626 0.12909 -9.84996e-19 
2.6274 0.297461 0 
2.46648 0.301606 4.13423e-19 
1.77052 0.13571 1.63274e-18 
1.53077 0.0812683 -1.03687e-18 
0.747225 1.55824 8.58346e-19 
0.96229 1.82328 0 
0.538791 1.44193 1.56148e-18 
0.525283 1.61638 -1.42577e-18 
0.75931 1.81644 -9.88769e-19 
2.07867 2.46576 1.33798e-18 
2.10242 2.71566 0 
1.58747 1.68078 -2.76416e-19 
2.01422 1.99215 1.74524e-18 
1.36286 1.29469 -4.23664e-19 
1.59184 1.31543 4.50804e-19 
2.11319 1.51484 1.02329e-18 
2.44653 1.67236 0 
2.2802 1.85811 0 
2.01368 1.60806 0 
3.95699 2.07771 3.84465e-19 
3.76136 1.88875 -1.26325e-18 
3.81878 2.02666 1.0464e-18 
3.9021 1.7701 -1.00808e-18 
4.1576 1.67224 0 
4.11641 1.83908 -2.97777e-19 
2.843 1.16357 -1.89711e-18 
2.97313 1.16351 -2.41266e-18 
2.33436 1.04405 1.45629e-18 
2.14039 0.934949 -1.41979e-18 
2.46551 0.846407 -1.17802e-18 
2.1805 0.777348 1.44872e-18 
4.00844 0.0334277 -1.52864e-18 
4.05275 0.040631 3.1297e-18 
3.76794 -0.0659236 1.9006e-18 
3.79116 -0.0738172 -2.28641e-18 
3.95951 0.0104996 0 
4.05602 0.0228015 -3.7292e-18 
0.0925597 4.76118 1.06582e-19 
0.0634608 4.72932 0 
0.186558 4.73157 9.52466e-19 
0.208062 4.74812 -8.66514e-19 
0.227914 4.71328 4.27988e-19 
0.118725 4.65257 0 
-0.108229 4.76991 0 
-0.113692 4.4034 -6.18918e-20 
-0.112835 4.33427 5.54764e-20 
-0.121652 4.4825 7.26415e-21 
-0.11235 4.71922 -1.01158e-19 
-0.0891943 4.70727 5.5028e-20 
1.88099 4.01271 -1.64292e-18 
1.82147 4.02027 1.74006e-18 
1.68545 4.40299 -8.53755e-19 
1.69772 4.2804 7.61346e-20 
2.25283 4.08069 0 
1.85341 4.21175 -6.35723e-19 
1.98015 3.95097 6.16565e-19 
1.82445 4.3742 8.33957e-19 
2.07825 4.21666 0 
2.23059 4.09708 0 
1.14427 3.64155 1.4958e-18 
0.831355 2.82349 2.02556e-18 
0.959362 3.00159 -1.39108e-18 
0.751117 2.98461 -2.32205e-19 
0.907398 3.74365 4.66737e-19 
0.726596 3.37738 -1.13516e-18 
0.748796 1.47066 -1.21593e-18 
0.748845 1.32106 0 
0.604717 1.11806 -1.33642e-18 
1.1151 2.07036 0 
1.0923 2.15751 0 
1.36261 2.19376 -1.09094e-18 
1.06733 2.01716 -1.03635e-18 
1.01965 2.03769 1.09907e-18 
1.03417 1.52111 0 
1.41417 1.76437 -6.0139e-19 
1.63172 2.12219 -8.55544e-19 
1.4149 2.08539 0 
0.870333 1.82023 7.12734e-19 
0.782094 1.68096 0 
2.91036 2.28994 -1.8466e-18 
3.3217 2.47026 2.60852e-18 
3.28075 2.1929 -2.59267e-18 
2.61446 2.02238 -2.3115e-19 
2.72877 1.94132 -9.74023e-19 
1.26551 2.19323 7.96437e-19 
1.31993 2.24861 -1.36034e-18 
1.45844 2.33304 1.79323e-18 
1.79547 2.5633 -1.16551e-18 
1.89485 2.93727 -1.56741e-18 
1.56797 2.49306 -1.18814e-19 
1.63816 2.63332 1.37168e-18 
1.81552 2.69738 9.66425e-20 
2.02383 3.00312 6.50151e-19 
))
(300 (2 10 3 0 0 919 1018)(
0 0 0 
0 0 0 
0 0 0 
0 0 0 
0 0 0 
0 0 0 
0 0 0 
0 0 0 
0 0 0 
0 0 0 
0 0 0 
0 0 0 
0 0 0 
0 0 0 
0 0 0 
0 0 0 
0 0 0 
0 0 0 
0 0 0 
0 0 0 
0 0 0 
0 0 0 
0 0 0 
0 0 0 
0 0 0 
0 0 0 
0 0 0 
0 0 0 
0 0 0 
0 0 0 
0 0 0 
0 0 0 
0 0 0 
0 0 0 
0 0 0 
0 0 0 
0 0 0 
0 0 0 
0 0 0 
0 0 0 
0 0 0 
0 0 0 
0 0 0 
0 0 0 
0 0 0 
0 0 0 
0 0 0 
0 0 0 
0 0 0 
0 0 0 
0 0 0 
0 0 0 
0 0 0 
0 0 0 
0 0 0 
0 0 0 
0 0 0 
0 0 0 
0 0 0 
0 0 0 
0 0 0 
0 0 0 
0 0 0 
0 0 0 
0 0 0 
0 0 0 
0 0 0 
0 0 0 
0 0 0 
0 0 0 
0 0 0 
0 0 0 
0 0 0 
0 0 0 
0 0 0 
0 0 0 
0 0 0 
0 0 0 
0 0 0 
0 0 0 
0 0 0 
0 0 0 
0 0 0 
0 0 0 
0 0 0 
0 0 0 
0 0 0 
0 0 0 
0 0 0 
0 0 0 
0 0 0 
0 0 0 
0 0 0 
0 0 0 
0 0 0 
0 0 0 
0 0 0 
0 0 0 
0 0 0 
0 0 0 
))
(300 (2 11 3 0 0 1019 1026)(
3 0 0 
3 0 0 
3 0 0 
3 0 0 
3 0 0 
3 0 0 
3 0 0 
3 0 0 
))
(300 (2 12 3 0 0 1027 1030)(
0 1 0 
0 1 0 
0 1 0 
0 1 0 
))
(300 (2 13 3 0 0 1031 1038)(
0.172333 1.06627 0 
-0.059708 1.25894 -1.21338e-19 
0.0726693 2.90576 0 
-0.0408891 3.14344 0 
-0.0756349 4.68525 0 
0.037746 4.04275 0 
-0.0261612 4.57178 0 
-0.0581588 4.16322 0 
))
(300 (2 14 3 0 0 1039 1072)(
0 0 0 
0 0 0 
0 0 0 
0 0 0 
0 0 0 
0 0 0 
0 0 0 
0 0 0 
0 0 0 
0 0 0 
0 0 0 
0 0 0 
0 0 0 
0 0 0 
0 0 0 
0 0 0 
0 0 0 
0 0 0 
0 0 0 
0 0 0 
0 0 0 
0 0 0 
0 0 0 
0 0 0 
0 0 0 
0 0 0 
0 0 0 
0 0 0 
0 0 0 
0 0 0 
0 0 0 
0 0 0 
0 0 0 
0 0 0 
))
(300 (2 15 3 0 0 1073 1072)(
))
