(0 "FOAM to Fluent data File")

(33 (918 3444 1074))
(300 (1 1 1 0 0 1 918)(
23.4686
23.5754
0.953122
22.8861
1.01747
23.0919
3.27187
13.7844
19.2419
2.93393
2.62539
14.408
20.6348
16.8762
12.9924
0.924785
14.0515
2.24589
18.4595
1.39838
12.9916
20.4473
21.5361
19.2836
14.1207
14.3714
18.5971
1.14539
0.107784
0.255036
0.979318
0.411055
0.147487
21.6287
22.3054
22.2437
15.4945
10.402
3.59708
3.80164
2.98234
2.80532
13.8271
13.927
5.86663
13.7633
13.759
16.6434
19.1099
19.2535
19.5467
19.3358
19.7221
5.97352
2.7851
2.60505
2.87601
2.95042
2.98284
2.69773
2.67925
2.48306
2.33714
13.8873
14.481
14.5362
14.2674
14.215
22.4514
21.6945
22.0292
21.1356
21.281
20.2109
19.8253
17.2519
17.6043
16.4781
16.0973
12.7828
12.744
13.2123
13.4622
0.145538
1.07579
1.22291
14.0584
14.0949
14.095
14.1094
8.28222
2.18774
2.19048
17.8999
17.4764
20.4813
20.7485
20.1955
20.01
1.53025
1.52625
1.15092
1.18161
0.950809
13.3329
13.4871
19.235
18.4019
14.1543
14.0543
14.1293
11.4994
13.9096
13.983
15.3209
15.7765
14.9657
15.4022
18.1671
17.7491
19.0337
19.4709
0.393199
0.154558
0.687432
0.318185
0.516496
15.3628
15.1574
15.6104
15.6612
15.8924
10.4068
10.3375
10.3808
10.3007
4.14896
4.46357
2.25468
2.56925
2.42012
9.86537
13.9433
13.9901
4.81053
5.51489
5.1782
6.34938
6.72377
16.0091
16.4457
16.1844
17.7307
16.9356
17.2838
19.8129
19.3021
19.6026
6.36803
6.60243
5.60769
5.24898
2.23796
2.48755
2.42958
2.98182
2.95987
3.21752
3.34591
2.69828
2.55488
2.8933
2.77672
2.82881
2.16639
2.03656
13.6114
13.3974
14.1503
14.3289
15.0961
14.9478
14.6544
14.8232
19.0204
19.4239
19.4574
19.0732
11.5445
10.1551
13.7167
13.9922
0.30217
0.264658
0.138287
0.380762
0.400814
0.142782
2.01545
1.8269
1.40529
1.68061
14.056
14.0158
8.52281
8.74244
8.11869
7.86253
16.314
16.4643
17.0984
16.6982
1.96292
1.67668
1.80652
13.6502
13.5226
13.6295
10.9345
10.3679
11.9772
12.247
13.991
14.0348
14.0308
15.6806
15.9991
19.8218
20.0924
19.9193
20.3051
21.3679
21.0192
20.6344
14.5386
14.947
14.7854
16.1277
15.7613
15.9808
15.1887
15.4934
15.3513
10.3691
10.4155
10.119
10.1968
10.2454
10.1925
9.80258
9.67561
14.0768
14.0318
14.0559
7.25186
7.74991
4.86879
4.54
12.5432
13.2165
12.892
18.6502
17.9725
18.7055
18.3346
17.8846
18.2081
10.4262
10.3879
10.4212
14.9165
14.2544
14.6063
2.44098
2.07679
2.23992
8.93841
9.03182
6.97047
7.58705
7.25017
16.3007
16.641
17.3212
16.4329
16.9006
17.4079
17.186
9.93862
10.0714
9.98832
9.65903
9.55258
9.73466
8.33517
8.94849
3.61249
4.26887
3.96489
9.19981
9.42977
9.27703
18.6296
19.1645
0.765888
1.15331
19.5945
19.3182
0.138899
0.241727
14.2529
12.5505
7.2621
17.1969
16.6294
18.9693
3.19216
6.10227
2.81014
3.38057
2.6863
14.6151
14.249
13.3401
0.452952
1.25628
1.70973
2.89566
18.41
17.7349
18.851
19.1711
19.2255
0.687552
0.912894
0.584178
1.24283
1.03142
1.27641
15.5505
15.6486
4.32307
18.858
19.1623
19.18
17.6568
18.6094
17.6669
0.935314
0.64222
0.707228
10.0802
12.1211
14.2131
13.7657
13.9627
13.9848
13.7357
14.869
14.5385
14.5034
14.9883
13.9658
13.8205
7.73391
6.38279
8.06837
7.70872
17.0982
16.6861
16.493
16.2387
18.0844
17.6105
18.4609
17.8493
18.3111
18.598
2.94326
3.13295
3.01166
2.52027
6.14307
6.60564
5.48785
5.63328
4.2591
2.42921
2.52766
2.75364
2.58436
2.93126
2.67891
2.94283
2.57917
2.32352
2.32172
2.93103
2.73896
2.60448
14.5935
14.5319
14.3328
14.3708
14.3533
14.469
13.5346
13.9393
13.5671
12.3982
12.9793
12.5066
0.825406
0.662947
0.524866
1.32377
1.35082
1.11113
0.83479
1.17394
1.20207
0.814608
1.54567
1.44557
3.1551
2.64358
8.83969
7.96741
6.90082
16.8001
17.6019
16.7715
18.0123
18.4292
18.5346
18.155
17.6468
15.7293
15.7244
15.3846
15.338
4.77048
3.73111
4.96654
4.53562
10.4773
14.0649
11.8421
10.8033
11.0997
13.4238
13.9283
13.5806
13.7176
13.2927
12.8208
13.5127
13.0465
13.1478
12.9268
15.7173
16.1924
15.7989
15.2194
15.2394
10.5983
12.015
5.46506
5.63906
7.24365
6.53746
13.5093
13.9323
13.917
13.5554
13.7432
13.7443
13.6052
13.7793
13.8592
13.7538
11.824
10.1434
9.04471
9.0383
14.0762
12.3456
12.9299
12.4133
16.12
16.6365
16.2512
15.6456
16.1306
15.6024
15.6297
15.8429
17.201
16.9506
16.7204
17.1072
3.05472
3.00347
3.64702
3.13297
3.03617
2.81916
3.48351
4.75802
4.41576
6.71805
7.26879
4.57977
3.37241
3.79264
4.8077
5.54105
5.51083
3.96915
4.50091
4.92993
4.44041
5.22398
4.72852
2.71786
3.02531
2.8634
2.83717
3.3818
3.88009
3.37566
2.48073
2.59286
2.25713
2.11939
3.53622
2.99624
3.03312
3.67875
1.10628
1.32858
1.44095
2.41405
1.91319
1.97895
15.1821
14.8262
14.9598
14.239
14.3065
14.2476
13.872
15.2395
14.9615
15.0609
13.7094
13.7962
13.6094
13.9048
14.3208
14.62
15.4518
15.173
14.412
14.563
14.2139
14.1422
13.4642
12.9012
12.8407
1.11235
0.824469
0.98409
0.911036
0.606229
0.798613
2.18315
1.57273
1.97058
1.72629
1.95961
1.40384
1.3024
4.25279
5.06374
3.96334
3.3648
3.06172
8.89813
9.00964
8.15831
7.85636
8.1979
8.42654
8.37627
7.13415
7.56115
7.37419
9.91504
9.57933
17.5862
17.5303
17.2015
17.0426
17.2691
5.76204
7.66488
6.79872
7.91486
10.2062
10.5018
9.31049
8.70465
9.45595
9.5339
14.0465
14.1227
13.5636
14.0494
14.0779
11.8346
12.8819
13.4967
13.3112
13.831
13.9119
12.9729
13.5616
13.477
12.7596
12.8126
12.1274
12.4659
11.994
11.7931
14.0556
13.9503
14.2201
13.7709
14.1502
13.7145
14.0298
14.0277
14.3083
13.4103
12.8316
12.85
13.2763
12.9765
13.3224
13.4865
9.3081
9.94818
10.3869
10.9226
10.6299
10.4119
10.2791
10.5809
10.5577
10.829
10.7483
10.5992
11.5601
13.4154
13.7004
13.8018
13.599
13.6451
13.3377
13.6105
13.5398
13.9192
14.007
14.0567
13.1374
13.2934
13.4882
13.372
11.6747
10.0966
9.94879
9.5088
7.57641
8.04611
11.025
9.90185
8.91705
8.989
12.1681
10.8055
11.6189
12.042
10.6936
10.3056
12.9708
13.7588
13.9787
13.703
12.0598
12.1856
12.6353
13.0785
13.2677
13.7234
15.8598
16.4355
16.5133
16.2374
16.0994
16.1993
15.9494
16.0524
16.5265
16.6531
16.4843
2.8802
2.99387
2.92385
2.8492
3.0856
2.86119
3.95632
3.94725
3.15664
3.33689
3.35679
3.46222
2.9313
2.97438
4.82629
5.06191
5.33358
4.83205
6.17524
6.8161
7.39739
7.083
5.78962
5.86891
6.18416
3.50749
3.53334
3.25167
3.70925
3.76192
2.61176
2.23924
2.04433
2.56555
2.66665
2.05154
1.76865
1.81788
2.33222
2.0511
1.80506
14.9746
14.7329
14.7542
14.5341
14.5887
14.9835
15.2043
15.0144
15.1528
15.2039
14.803
14.6919
14.863
1.81872
1.49342
1.6228
1.58105
1.64343
1.5499
1.7381
7.60537
6.4155
6.80296
5.97836
4.12032
4.64124
9.53842
9.95985
9.99832
9.70947
9.49941
9.86519
9.71597
9.7087
8.263
9.33166
8.8676
9.26035
9.28176
9.34947
9.06414
9.08035
10.584
10.6176
9.48258
10.1222
9.33094
7.93174
8.09874
9.11241
10.086
10.4042
10.2493
9.97938
9.75078
10.1138
10.1685
10.2286
10.2178
8.75138
8.71128
8.31072
13.9682
13.8748
14.0213
14.0265
14.1534
13.9783
13.8154
14.0925
14.1468
13.9311
11.0771
11.136
11.3818
12.1285
12.1805
12.0914
11.3361
13.1002
12.7559
13.3937
13.3405
13.4129
13.0032
12.8264
13.0967
10.0804
11.4533
10.9862
11.2494
10.0628
9.30638
13.223
13.2771
13.3425
13.6155
13.5735
14.1569
15.8297
15.6997
15.747
15.79
15.4017
15.4389
4.1754
3.82929
4.55095
4.50643
4.06456
3.76464
2.28663
1.96875
1.78094
1.65617
1.88943
1.95053
8.16221
8.18925
6.33367
7.35518
5.87594
4.93416
4.78955
5.9553
7.13656
7.19541
8.513
9.18905
8.74821
8.57345
7.91781
8.24736
10.1156
10.21
10.1105
10.4294
9.96218
11.7119
11.294
11.6429
13.2569
12.9666
12.3684
12.255
12.2198
12.8129
11.9472
11.1789
11.8913
12.5467
12.505
11.1175
10.8725
11.2992
11.2833
10.1974
10.7175
10.4795
10.832
10.5474
))
(300 (1 10 1 0 0 919 1018)(
23.4686
23.5754
0.953122
22.8861
23.0919
3.27187
13.7844
2.93393
2.62539
14.408
20.6348
16.8762
12.9924
14.0515
2.24589
18.4595
1.39838
12.9916
19.2836
14.1207
14.3714
18.5971
1.14539
21.6287
15.4945
3.80164
2.80532
13.927
5.86663
13.759
16.6434
2.60505
2.95042
2.67925
2.33714
13.8873
14.5362
14.215
21.281
19.8253
17.6043
16.0973
12.744
13.4622
14.0949
14.1094
2.19048
17.4764
20.01
1.52625
0.950809
13.4871
18.4019
14.1293
11.4994
13.983
15.3209
15.4022
17.7491
19.4709
15.1574
15.6104
15.8924
4.46357
2.42012
13.9901
5.1782
6.72377
16.1844
17.2838
2.42958
2.95987
2.82881
2.03656
13.3974
14.3289
15.0961
14.8232
19.0732
13.9922
14.0158
16.314
16.6982
1.80652
13.6295
10.3679
12.247
14.0308
15.9991
20.3051
14.7854
15.9808
15.3513
14.0559
7.74991
12.892
18.3346
14.6063
16.9006
8.94849
))
(300 (1 11 1 0 0 919 926)(
23.4686
22.8861
19.2419
20.4473
19.2535
19.7221
20.4813
19.6026
))
(300 (1 12 1 0 0 919 922)(
23.5754
23.0919
22.2437
22.0292
))
(300 (1 13 1 0 0 919 926)(
0
0
0
0
0
0
0
0
))
(300 (1 14 1 0 0 919 952)(
1.01747
0.924785
0.147487
10.402
5.97352
2.98284
1.22291
8.28222
0.516496
10.3375
10.3007
9.86537
6.60243
5.24898
3.34591
2.55488
10.1551
2.01545
1.68061
8.74244
7.86253
10.4155
10.119
10.1925
9.67561
4.54
10.4212
2.23992
9.03182
7.25017
9.98832
9.55258
3.96489
9.27703
))
(300 (1 15 1 0 0 919 2754)(
23.4686
23.4686
23.5754
23.5754
0.953122
0.953122
22.8861
22.8861
1.01747
1.01747
23.0919
23.0919
3.27187
3.27187
13.7844
13.7844
19.2419
19.2419
2.93393
2.93393
2.62539
2.62539
14.408
14.408
20.6348
20.6348
16.8762
16.8762
12.9924
12.9924
0.924785
0.924785
14.0515
14.0515
2.24589
2.24589
18.4595
18.4595
1.39838
1.39838
12.9916
12.9916
20.4473
20.4473
21.5361
21.5361
19.2836
19.2836
14.1207
14.1207
14.3714
14.3714
18.5971
18.5971
1.14539
1.14539
0.107784
0.107784
0.255036
0.255036
0.979318
0.979318
0.411055
0.411055
0.147487
0.147487
21.6287
21.6287
22.3054
22.3054
22.2437
22.2437
15.4945
15.4945
10.402
10.402
3.59708
3.59708
3.80164
3.80164
2.98234
2.98234
2.80532
2.80532
13.8271
13.8271
13.927
13.927
5.86663
5.86663
13.7633
13.7633
13.759
13.759
16.6434
16.6434
19.1099
19.1099
19.2535
19.2535
19.5467
19.5467
19.3358
19.3358
19.7221
19.7221
5.97352
5.97352
2.7851
2.7851
2.60505
2.60505
2.87601
2.87601
2.95042
2.95042
2.98284
2.98284
2.69773
2.69773
2.67925
2.67925
2.48306
2.48306
2.33714
2.33714
13.8873
13.8873
14.481
14.481
14.5362
14.5362
14.2674
14.2674
14.215
14.215
22.4514
22.4514
21.6945
21.6945
22.0292
22.0292
21.1356
21.1356
21.281
21.281
20.2109
20.2109
19.8253
19.8253
17.2519
17.2519
17.6043
17.6043
16.4781
16.4781
16.0973
16.0973
12.7828
12.7828
12.744
12.744
13.2123
13.2123
13.4622
13.4622
0.145538
0.145538
1.07579
1.07579
1.22291
1.22291
14.0584
14.0584
14.0949
14.0949
14.095
14.095
14.1094
14.1094
8.28222
8.28222
2.18774
2.18774
2.19048
2.19048
17.8999
17.8999
17.4764
17.4764
20.4813
20.4813
20.7485
20.7485
20.1955
20.1955
20.01
20.01
1.53025
1.53025
1.52625
1.52625
1.15092
1.15092
1.18161
1.18161
0.950809
0.950809
13.3329
13.3329
13.4871
13.4871
19.235
19.235
18.4019
18.4019
14.1543
14.1543
14.0543
14.0543
14.1293
14.1293
11.4994
11.4994
13.9096
13.9096
13.983
13.983
15.3209
15.3209
15.7765
15.7765
14.9657
14.9657
15.4022
15.4022
18.1671
18.1671
17.7491
17.7491
19.0337
19.0337
19.4709
19.4709
0.393199
0.393199
0.154558
0.154558
0.687432
0.687432
0.318185
0.318185
0.516496
0.516496
15.3628
15.3628
15.1574
15.1574
15.6104
15.6104
15.6612
15.6612
15.8924
15.8924
10.4068
10.4068
10.3375
10.3375
10.3808
10.3808
10.3007
10.3007
4.14896
4.14896
4.46357
4.46357
2.25468
2.25468
2.56925
2.56925
2.42012
2.42012
9.86537
9.86537
13.9433
13.9433
13.9901
13.9901
4.81053
4.81053
5.51489
5.51489
5.1782
5.1782
6.34938
6.34938
6.72377
6.72377
16.0091
16.0091
16.4457
16.4457
16.1844
16.1844
17.7307
17.7307
16.9356
16.9356
17.2838
17.2838
19.8129
19.8129
19.3021
19.3021
19.6026
19.6026
6.36803
6.36803
6.60243
6.60243
5.60769
5.60769
5.24898
5.24898
2.23796
2.23796
2.48755
2.48755
2.42958
2.42958
2.98182
2.98182
2.95987
2.95987
3.21752
3.21752
3.34591
3.34591
2.69828
2.69828
2.55488
2.55488
2.8933
2.8933
2.77672
2.77672
2.82881
2.82881
2.16639
2.16639
2.03656
2.03656
13.6114
13.6114
13.3974
13.3974
14.1503
14.1503
14.3289
14.3289
15.0961
15.0961
14.9478
14.9478
14.6544
14.6544
14.8232
14.8232
19.0204
19.0204
19.4239
19.4239
19.4574
19.4574
19.0732
19.0732
11.5445
11.5445
10.1551
10.1551
13.7167
13.7167
13.9922
13.9922
0.30217
0.30217
0.264658
0.264658
0.138287
0.138287
0.380762
0.380762
0.400814
0.400814
0.142782
0.142782
2.01545
2.01545
1.8269
1.8269
1.40529
1.40529
1.68061
1.68061
14.056
14.056
14.0158
14.0158
8.52281
8.52281
8.74244
8.74244
8.11869
8.11869
7.86253
7.86253
16.314
16.314
16.4643
16.4643
17.0984
17.0984
16.6982
16.6982
1.96292
1.96292
1.67668
1.67668
1.80652
1.80652
13.6502
13.6502
13.5226
13.5226
13.6295
13.6295
10.9345
10.9345
10.3679
10.3679
11.9772
11.9772
12.247
12.247
13.991
13.991
14.0348
14.0348
14.0308
14.0308
15.6806
15.6806
15.9991
15.9991
19.8218
19.8218
20.0924
20.0924
19.9193
19.9193
20.3051
20.3051
21.3679
21.3679
21.0192
21.0192
20.6344
20.6344
14.5386
14.5386
14.947
14.947
14.7854
14.7854
16.1277
16.1277
15.7613
15.7613
15.9808
15.9808
15.1887
15.1887
15.4934
15.4934
15.3513
15.3513
10.3691
10.3691
10.4155
10.4155
10.119
10.119
10.1968
10.1968
10.2454
10.2454
10.1925
10.1925
9.80258
9.80258
9.67561
9.67561
14.0768
14.0768
14.0318
14.0318
14.0559
14.0559
7.25186
7.25186
7.74991
7.74991
4.86879
4.86879
4.54
4.54
12.5432
12.5432
13.2165
13.2165
12.892
12.892
18.6502
18.6502
17.9725
17.9725
18.7055
18.7055
18.3346
18.3346
17.8846
17.8846
18.2081
18.2081
10.4262
10.4262
10.3879
10.3879
10.4212
10.4212
14.9165
14.9165
14.2544
14.2544
14.6063
14.6063
2.44098
2.44098
2.07679
2.07679
2.23992
2.23992
8.93841
8.93841
9.03182
9.03182
6.97047
6.97047
7.58705
7.58705
7.25017
7.25017
16.3007
16.3007
16.641
16.641
17.3212
17.3212
16.4329
16.4329
16.9006
16.9006
17.4079
17.4079
17.186
17.186
9.93862
9.93862
10.0714
10.0714
9.98832
9.98832
9.65903
9.65903
9.55258
9.55258
9.73466
9.73466
8.33517
8.33517
8.94849
8.94849
3.61249
3.61249
4.26887
4.26887
3.96489
3.96489
9.19981
9.19981
9.42977
9.42977
9.27703
9.27703
18.6296
18.6296
19.1645
19.1645
0.765888
0.765888
1.15331
1.15331
19.5945
19.5945
19.3182
19.3182
0.138899
0.138899
0.241727
0.241727
14.2529
14.2529
12.5505
12.5505
7.2621
7.2621
17.1969
17.1969
16.6294
16.6294
18.9693
18.9693
3.19216
3.19216
6.10227
6.10227
2.81014
2.81014
3.38057
3.38057
2.6863
2.6863
14.6151
14.6151
14.249
14.249
13.3401
13.3401
0.452952
0.452952
1.25628
1.25628
1.70973
1.70973
2.89566
2.89566
18.41
18.41
17.7349
17.7349
18.851
18.851
19.1711
19.1711
19.2255
19.2255
0.687552
0.687552
0.912894
0.912894
0.584178
0.584178
1.24283
1.24283
1.03142
1.03142
1.27641
1.27641
15.5505
15.5505
15.6486
15.6486
4.32307
4.32307
18.858
18.858
19.1623
19.1623
19.18
19.18
17.6568
17.6568
18.6094
18.6094
17.6669
17.6669
0.935314
0.935314
0.64222
0.64222
0.707228
0.707228
10.0802
10.0802
12.1211
12.1211
14.2131
14.2131
13.7657
13.7657
13.9627
13.9627
13.9848
13.9848
13.7357
13.7357
14.869
14.869
14.5385
14.5385
14.5034
14.5034
14.9883
14.9883
13.9658
13.9658
13.8205
13.8205
7.73391
7.73391
6.38279
6.38279
8.06837
8.06837
7.70872
7.70872
17.0982
17.0982
16.6861
16.6861
16.493
16.493
16.2387
16.2387
18.0844
18.0844
17.6105
17.6105
18.4609
18.4609
17.8493
17.8493
18.3111
18.3111
18.598
18.598
2.94326
2.94326
3.13295
3.13295
3.01166
3.01166
2.52027
2.52027
6.14307
6.14307
6.60564
6.60564
5.48785
5.48785
5.63328
5.63328
4.2591
4.2591
2.42921
2.42921
2.52766
2.52766
2.75364
2.75364
2.58436
2.58436
2.93126
2.93126
2.67891
2.67891
2.94283
2.94283
2.57917
2.57917
2.32352
2.32352
2.32172
2.32172
2.93103
2.93103
2.73896
2.73896
2.60448
2.60448
14.5935
14.5935
14.5319
14.5319
14.3328
14.3328
14.3708
14.3708
14.3533
14.3533
14.469
14.469
13.5346
13.5346
13.9393
13.9393
13.5671
13.5671
12.3982
12.3982
12.9793
12.9793
12.5066
12.5066
0.825406
0.825406
0.662947
0.662947
0.524866
0.524866
1.32377
1.32377
1.35082
1.35082
1.11113
1.11113
0.83479
0.83479
1.17394
1.17394
1.20207
1.20207
0.814608
0.814608
1.54567
1.54567
1.44557
1.44557
3.1551
3.1551
2.64358
2.64358
8.83969
8.83969
7.96741
7.96741
6.90082
6.90082
16.8001
16.8001
17.6019
17.6019
16.7715
16.7715
18.0123
18.0123
18.4292
18.4292
18.5346
18.5346
18.155
18.155
17.6468
17.6468
15.7293
15.7293
15.7244
15.7244
15.3846
15.3846
15.338
15.338
4.77048
4.77048
3.73111
3.73111
4.96654
4.96654
4.53562
4.53562
10.4773
10.4773
14.0649
14.0649
11.8421
11.8421
10.8033
10.8033
11.0997
11.0997
13.4238
13.4238
13.9283
13.9283
13.5806
13.5806
13.7176
13.7176
13.2927
13.2927
12.8208
12.8208
13.5127
13.5127
13.0465
13.0465
13.1478
13.1478
12.9268
12.9268
15.7173
15.7173
16.1924
16.1924
15.7989
15.7989
15.2194
15.2194
15.2394
15.2394
10.5983
10.5983
12.015
12.015
5.46506
5.46506
5.63906
5.63906
7.24365
7.24365
6.53746
6.53746
13.5093
13.5093
13.9323
13.9323
13.917
13.917
13.5554
13.5554
13.7432
13.7432
13.7443
13.7443
13.6052
13.6052
13.7793
13.7793
13.8592
13.8592
13.7538
13.7538
11.824
11.824
10.1434
10.1434
9.04471
9.04471
9.0383
9.0383
14.0762
14.0762
12.3456
12.3456
12.9299
12.9299
12.4133
12.4133
16.12
16.12
16.6365
16.6365
16.2512
16.2512
15.6456
15.6456
16.1306
16.1306
15.6024
15.6024
15.6297
15.6297
15.8429
15.8429
17.201
17.201
16.9506
16.9506
16.7204
16.7204
17.1072
17.1072
3.05472
3.05472
3.00347
3.00347
3.64702
3.64702
3.13297
3.13297
3.03617
3.03617
2.81916
2.81916
3.48351
3.48351
4.75802
4.75802
4.41576
4.41576
6.71805
6.71805
7.26879
7.26879
4.57977
4.57977
3.37241
3.37241
3.79264
3.79264
4.8077
4.8077
5.54105
5.54105
5.51083
5.51083
3.96915
3.96915
4.50091
4.50091
4.92993
4.92993
4.44041
4.44041
5.22398
5.22398
4.72852
4.72852
2.71786
2.71786
3.02531
3.02531
2.8634
2.8634
2.83717
2.83717
3.3818
3.3818
3.88009
3.88009
3.37566
3.37566
2.48073
2.48073
2.59286
2.59286
2.25713
2.25713
2.11939
2.11939
3.53622
3.53622
2.99624
2.99624
3.03312
3.03312
3.67875
3.67875
1.10628
1.10628
1.32858
1.32858
1.44095
1.44095
2.41405
2.41405
1.91319
1.91319
1.97895
1.97895
15.1821
15.1821
14.8262
14.8262
14.9598
14.9598
14.239
14.239
14.3065
14.3065
14.2476
14.2476
13.872
13.872
15.2395
15.2395
14.9615
14.9615
15.0609
15.0609
13.7094
13.7094
13.7962
13.7962
13.6094
13.6094
13.9048
13.9048
14.3208
14.3208
14.62
14.62
15.4518
15.4518
15.173
15.173
14.412
14.412
14.563
14.563
14.2139
14.2139
14.1422
14.1422
13.4642
13.4642
12.9012
12.9012
12.8407
12.8407
1.11235
1.11235
0.824469
0.824469
0.98409
0.98409
0.911036
0.911036
0.606229
0.606229
0.798613
0.798613
2.18315
2.18315
1.57273
1.57273
1.97058
1.97058
1.72629
1.72629
1.95961
1.95961
1.40384
1.40384
1.3024
1.3024
4.25279
4.25279
5.06374
5.06374
3.96334
3.96334
3.3648
3.3648
3.06172
3.06172
8.89813
8.89813
9.00964
9.00964
8.15831
8.15831
7.85636
7.85636
8.1979
8.1979
8.42654
8.42654
8.37627
8.37627
7.13415
7.13415
7.56115
7.56115
7.37419
7.37419
9.91504
9.91504
9.57933
9.57933
17.5862
17.5862
17.5303
17.5303
17.2015
17.2015
17.0426
17.0426
17.2691
17.2691
5.76204
5.76204
7.66488
7.66488
6.79872
6.79872
7.91486
7.91486
10.2062
10.2062
10.5018
10.5018
9.31049
9.31049
8.70465
8.70465
9.45595
9.45595
9.5339
9.5339
14.0465
14.0465
14.1227
14.1227
13.5636
13.5636
14.0494
14.0494
14.0779
14.0779
11.8346
11.8346
12.8819
12.8819
13.4967
13.4967
13.3112
13.3112
13.831
13.831
13.9119
13.9119
12.9729
12.9729
13.5616
13.5616
13.477
13.477
12.7596
12.7596
12.8126
12.8126
12.1274
12.1274
12.4659
12.4659
11.994
11.994
11.7931
11.7931
14.0556
14.0556
13.9503
13.9503
14.2201
14.2201
13.7709
13.7709
14.1502
14.1502
13.7145
13.7145
14.0298
14.0298
14.0277
14.0277
14.3083
14.3083
13.4103
13.4103
12.8316
12.8316
12.85
12.85
13.2763
13.2763
12.9765
12.9765
13.3224
13.3224
13.4865
13.4865
9.3081
9.3081
9.94818
9.94818
10.3869
10.3869
10.9226
10.9226
10.6299
10.6299
10.4119
10.4119
10.2791
10.2791
10.5809
10.5809
10.5577
10.5577
10.829
10.829
10.7483
10.7483
10.5992
10.5992
11.5601
11.5601
13.4154
13.4154
13.7004
13.7004
13.8018
13.8018
13.599
13.599
13.6451
13.6451
13.3377
13.3377
13.6105
13.6105
13.5398
13.5398
13.9192
13.9192
14.007
14.007
14.0567
14.0567
13.1374
13.1374
13.2934
13.2934
13.4882
13.4882
13.372
13.372
11.6747
11.6747
10.0966
10.0966
9.94879
9.94879
9.5088
9.5088
7.57641
7.57641
8.04611
8.04611
11.025
11.025
9.90185
9.90185
8.91705
8.91705
8.989
8.989
12.1681
12.1681
10.8055
10.8055
11.6189
11.6189
12.042
12.042
10.6936
10.6936
10.3056
10.3056
12.9708
12.9708
13.7588
13.7588
13.9787
13.9787
13.703
13.703
12.0598
12.0598
12.1856
12.1856
12.6353
12.6353
13.0785
13.0785
13.2677
13.2677
13.7234
13.7234
15.8598
15.8598
16.4355
16.4355
16.5133
16.5133
16.2374
16.2374
16.0994
16.0994
16.1993
16.1993
15.9494
15.9494
16.0524
16.0524
16.5265
16.5265
16.6531
16.6531
16.4843
16.4843
2.8802
2.8802
2.99387
2.99387
2.92385
2.92385
2.8492
2.8492
3.0856
3.0856
2.86119
2.86119
3.95632
3.95632
3.94725
3.94725
3.15664
3.15664
3.33689
3.33689
3.35679
3.35679
3.46222
3.46222
2.9313
2.9313
2.97438
2.97438
4.82629
4.82629
5.06191
5.06191
5.33358
5.33358
4.83205
4.83205
6.17524
6.17524
6.8161
6.8161
7.39739
7.39739
7.083
7.083
5.78962
5.78962
5.86891
5.86891
6.18416
6.18416
3.50749
3.50749
3.53334
3.53334
3.25167
3.25167
3.70925
3.70925
3.76192
3.76192
2.61176
2.61176
2.23924
2.23924
2.04433
2.04433
2.56555
2.56555
2.66665
2.66665
2.05154
2.05154
1.76865
1.76865
1.81788
1.81788
2.33222
2.33222
2.0511
2.0511
1.80506
1.80506
14.9746
14.9746
14.7329
14.7329
14.7542
14.7542
14.5341
14.5341
14.5887
14.5887
14.9835
14.9835
15.2043
15.2043
15.0144
15.0144
15.1528
15.1528
15.2039
15.2039
14.803
14.803
14.6919
14.6919
14.863
14.863
1.81872
1.81872
1.49342
1.49342
1.6228
1.6228
1.58105
1.58105
1.64343
1.64343
1.5499
1.5499
1.7381
1.7381
7.60537
7.60537
6.4155
6.4155
6.80296
6.80296
5.97836
5.97836
4.12032
4.12032
4.64124
4.64124
9.53842
9.53842
9.95985
9.95985
9.99832
9.99832
9.70947
9.70947
9.49941
9.49941
9.86519
9.86519
9.71597
9.71597
9.7087
9.7087
8.263
8.263
9.33166
9.33166
8.8676
8.8676
9.26035
9.26035
9.28176
9.28176
9.34947
9.34947
9.06414
9.06414
9.08035
9.08035
10.584
10.584
10.6176
10.6176
9.48258
9.48258
10.1222
10.1222
9.33094
9.33094
7.93174
7.93174
8.09874
8.09874
9.11241
9.11241
10.086
10.086
10.4042
10.4042
10.2493
10.2493
9.97938
9.97938
9.75078
9.75078
10.1138
10.1138
10.1685
10.1685
10.2286
10.2286
10.2178
10.2178
8.75138
8.75138
8.71128
8.71128
8.31072
8.31072
13.9682
13.9682
13.8748
13.8748
14.0213
14.0213
14.0265
14.0265
14.1534
14.1534
13.9783
13.9783
13.8154
13.8154
14.0925
14.0925
14.1468
14.1468
13.9311
13.9311
11.0771
11.0771
11.136
11.136
11.3818
11.3818
12.1285
12.1285
12.1805
12.1805
12.0914
12.0914
11.3361
11.3361
13.1002
13.1002
12.7559
12.7559
13.3937
13.3937
13.3405
13.3405
13.4129
13.4129
13.0032
13.0032
12.8264
12.8264
13.0967
13.0967
10.0804
10.0804
11.4533
11.4533
10.9862
10.9862
11.2494
11.2494
10.0628
10.0628
9.30638
9.30638
13.223
13.223
13.2771
13.2771
13.3425
13.3425
13.6155
13.6155
13.5735
13.5735
14.1569
14.1569
15.8297
15.8297
15.6997
15.6997
15.747
15.747
15.79
15.79
15.4017
15.4017
15.4389
15.4389
4.1754
4.1754
3.82929
3.82929
4.55095
4.55095
4.50643
4.50643
4.06456
4.06456
3.76464
3.76464
2.28663
2.28663
1.96875
1.96875
1.78094
1.78094
1.65617
1.65617
1.88943
1.88943
1.95053
1.95053
8.16221
8.16221
8.18925
8.18925
6.33367
6.33367
7.35518
7.35518
5.87594
5.87594
4.93416
4.93416
4.78955
4.78955
5.9553
5.9553
7.13656
7.13656
7.19541
7.19541
8.513
8.513
9.18905
9.18905
8.74821
8.74821
8.57345
8.57345
7.91781
7.91781
8.24736
8.24736
10.1156
10.1156
10.21
10.21
10.1105
10.1105
10.4294
10.4294
9.96218
9.96218
11.7119
11.7119
11.294
11.294
11.6429
11.6429
13.2569
13.2569
12.9666
12.9666
12.3684
12.3684
12.255
12.255
12.2198
12.2198
12.8129
12.8129
11.9472
11.9472
11.1789
11.1789
11.8913
11.8913
12.5467
12.5467
12.505
12.505
11.1175
11.1175
10.8725
10.8725
11.2992
11.2992
11.2833
11.2833
10.1974
10.1974
10.7175
10.7175
10.4795
10.4795
10.832
10.832
10.5474
10.5474
))
(300 (2 1 3 0 0 1 918)(
2.47629 -0.138943 0 
0.108704 0.722546 0 
0.171788 1.05386 0 
2.31834 0.153728 0 
-0.0596898 1.27089 -1.22324e-19 
-0.0924034 0.643931 -5.31374e-18 
0.530066 0.849706 -2.95315e-19 
0.274314 0.152869 -2.98835e-20 
3.00615 -0.0195607 0 
-0.00827002 0.477033 0 
-0.0172332 0.589692 0 
0.605211 0.00676636 0 
0.0107054 0.439105 0 
-0.00288244 0.421689 0 
0.0134372 0.340814 -1.30509e-18 
-0.00468673 0.768666 -9.20485e-20 
0.312396 0.0742684 2.15205e-18 
0.0797486 0.642592 -2.22906e-19 
1.52884 0.128628 0 
-0.0267136 0.685546 0 
0.194583 0.157718 -1.2655e-18 
3.08302 -0.397373 0 
2.92445 -0.50598 0 
1.86116 -0.1811 0 
0.511381 0.0400857 0 
-0.0253686 0.52155 0 
-0.00135314 0.494038 1.86235e-18 
-0.0223909 1.40064 0 
0.0749498 2.884 0 
0.168291 1.7367 0 
-0.0382142 3.16521 0 
0.0273394 1.64022 9.4056e-20 
0.0233467 0.686572 0 
-0.147424 0.775093 -2.03082e-22 
-0.193914 1.0291 4.42116e-18 
-0.0415772 1.04471 0 
0.744578 -0.00600497 0 
0.160999 0.246301 6.65509e-19 
0.993577 1.51318 6.52756e-19 
0.64999 0.784439 -5.1594e-19 
0.798669 1.57536 6.19873e-20 
0.416853 0.851504 -3.20046e-19 
0.552304 0.306554 2.939e-20 
0.29696 0.153641 0 
0.963029 0.566591 0 
0.532583 0.303937 1.32009e-19 
0.257966 0.162785 -1.35461e-19 
0.871596 -0.0554787 0 
3.02784 -0.00170478 0 
3.00685 0.0178656 0 
3.20086 -0.417733 0 
3.04288 -0.0742117 0 
3.03116 -0.0388406 0 
0.018597 0.902947 -1.1462e-18 
-0.0542641 0.974474 0 
0.00283759 0.455161 0 
-0.0291653 0.981588 0 
-0.0114105 0.481422 0 
-0.00135397 0.869735 0 
-0.0521266 1.11131 0 
-0.012559 0.541977 0 
-0.0253765 1.16272 0 
-0.00592794 0.621985 0 
0.79048 0.0116245 0 
1.16942 -0.00156166 0 
0.618247 0.0123698 0 
1.12578 0.0175987 0 
0.569758 0.00867945 0 
0.225406 0.921982 1.95973e-18 
0.0985378 1.2081 0 
0.176302 1.06604 0 
0.0331901 0.755774 2.19925e-23 
0.0372233 0.498055 -2.93094e-18 
0.0194616 0.747943 0 
0.0059542 0.422033 0 
-0.000695348 0.734548 4.51724e-24 
0.000702461 0.414825 0 
-0.0169204 0.74318 0 
-0.0129373 0.42798 0 
0.049434 0.649973 0 
0.0484372 0.458219 0 
0.00800485 0.621949 1.23394e-18 
0.00074455 0.344903 0 
-0.0675947 4.69182 0 
0.00896393 1.45799 9.13851e-20 
-0.0104508 0.785324 -1.17645e-19 
0.636083 0.152146 -7.50917e-19 
0.321613 0.0656844 -7.28678e-19 
0.644787 0.169721 -2.25456e-18 
0.31753 0.0955705 -1.4515e-18 
0.078523 0.618363 0 
0.178554 1.31392 1.84838e-19 
0.179715 0.730309 -2.94912e-19 
2.06031 0.260946 0 
1.10704 0.11845 0 
3.03313 0.103887 0 
3.10392 0.446059 0 
2.83919 0.377459 -1.01276e-17 
2.5781 0.361309 7.77105e-18 
-0.0706467 1.26329 0 
-0.0113296 0.623359 0 
-0.0138082 1.90053 0 
-0.0507128 1.34673 0 
-0.048001 0.679102 0 
0.440309 0.295626 4.00653e-19 
0.225462 0.163358 0 
2.2961 -0.266393 0 
1.32372 -0.119273 0 
1.07632 0.012669 0 
1.01198 0.0187649 0 
0.540922 0.0108512 0 
1.01987 0.0563997 0 
0.821214 0.0703255 0 
0.343622 0.0286956 3.36286e-18 
-0.00543499 0.451601 1.77342e-18 
-0.0270312 0.784627 0 
-0.0473174 0.847507 0 
-0.0152739 0.460435 0 
0.000132435 0.839725 1.8159e-18 
7.29856e-05 0.48753 0 
-0.00547891 0.845554 -5.59011e-18 
-0.00488634 0.496761 1.88626e-18 
0.0547376 3.56614 0 
0.04344 4.0252 0 
-0.0162263 1.41067 -2.05154e-21 
-0.0130494 1.36328 0 
-0.0097771 0.741449 0 
1.41018 0.0348844 0 
0.760549 0.0154388 0 
0.709514 0.0142644 0 
1.41618 -0.0328481 0 
0.773515 -0.0087397 0 
0.322054 0.480345 -8.35571e-19 
0.156805 0.232718 0 
0.324955 0.50916 9.36431e-20 
0.163358 0.268429 0 
1.24081 1.3869 1.66434e-19 
0.778694 0.740864 -3.92403e-19 
0.411602 1.42219 0 
0.607197 1.53408 0 
0.303552 0.814824 0 
0.145327 0.353371 -4.42819e-19 
0.607302 0.280717 0 
0.313509 0.134639 3.98807e-19 
1.42733 1.30675 0 
1.58669 1.16855 0 
0.874915 0.663924 4.61696e-19 
1.73392 0.953104 0 
1.0686 0.438779 2.32221e-20 
1.47298 0.00813853 0 
1.501 -0.0292391 0 
0.801896 -0.00441617 0 
1.95042 -0.199779 0 
1.65082 -0.14818 0 
1.05215 -0.0889696 0 
3.06126 0.164853 0 
3.03105 0.0687875 0 
3.01022 0.0531594 0 
0.0357096 1.60549 6.08178e-19 
0.0178676 0.826952 0 
0.0179343 1.69613 1.07971e-18 
0.00302664 0.938794 -9.70687e-19 
0.0646804 1.15243 1.8776e-19 
0.0477092 0.98929 0 
0.0401847 0.528748 0 
-0.0286801 1.00565 0 
-0.00699058 0.517586 0 
0.0181354 1.61547 -4.43284e-21 
-0.018063 0.865503 0 
-0.0539517 1.584 -2.2578e-19 
-0.016127 0.82068 4.37276e-19 
-0.00178707 1.02993 0 
0.010274 1.04415 0 
5.17969e-05 0.531653 0 
0.0106642 1.1712 0 
0.000910228 0.612496 0 
1.46831 -0.00370332 0 
0.789219 0.00805992 0 
1.44055 0.0331662 0 
0.761792 -0.000557497 0 
0.675382 0.0053446 0 
1.26195 0.0166822 0 
1.20239 0.0473083 0 
0.65969 0.015556 0 
-0.00580053 1.42077 -1.70201e-20 
0.000184312 1.37708 0 
0.0048201 0.732923 0 
0.00172892 0.417221 0 
0.284435 0.828752 0 
0.253615 0.399732 -2.87119e-19 
-0.0022326 0.635409 0 
-0.00889716 0.367611 0 
0.0118211 4.33783 0 
-0.0484633 4.66417 0 
-0.0178925 4.56596 0 
-0.071865 3.36769 2.04108e-20 
-0.0576997 4.60296 0 
-0.0515526 4.18016 0 
0.00484201 0.819048 1.08118e-20 
0.0142156 1.5623 1.65381e-19 
-0.0358543 1.50282 1.20869e-19 
-0.00744529 0.825857 0 
0.664427 0.105708 1.15325e-18 
0.325684 0.0441634 -1.1302e-18 
0.149656 1.1333 0 
0.100937 0.573377 -2.69221e-19 
0.118108 1.23312 -8.74243e-19 
0.0518442 0.687077 8.69743e-19 
0.809201 0.0240635 0 
1.55677 0.0476796 0 
1.7097 0.127652 0 
0.919845 0.0445228 0 
0.00793627 1.18235 0 
0.0258373 1.1904 0 
0.00450332 0.627937 0 
0.482104 0.315077 1.20356e-18 
0.43684 0.309078 -1.38663e-18 
0.234764 0.164173 0 
1.93551 0.153003 1.15234e-19 
1.13643 0.0932523 0 
1.72436 0.118444 0 
0.883731 0.0226954 0 
0.678171 0.0857386 0 
0.699713 0.0460597 -5.40736e-18 
0.346728 0.0325964 1.99895e-18 
0.00914741 0.807284 1.69359e-18 
0.00222281 0.46251 4.08165e-20 
-0.0108777 1.40842 -3.57991e-20 
0.00613615 1.38675 1.36582e-18 
-0.0149832 0.848955 6.29414e-20 
-0.0119261 0.524486 -2.52897e-22 
-0.107514 1.00068 -1.16484e-18 
-0.0529602 1.3532 8.33963e-19 
-0.0175323 1.35275 -1.35771e-18 
1.42273 -0.0170845 0 
1.44236 0.0203186 0 
0.769872 -0.000177544 0 
1.45218 0.0253834 0 
1.36319 0.0462298 0 
0.761541 0.0203071 0 
1.30062 -0.00215354 0 
1.31867 -0.00584863 0 
0.695054 -0.000986396 0 
0.304851 0.473396 -9.15176e-19 
0.161355 0.242676 0 
0.157151 0.308424 1.3693e-19 
0.309582 0.58588 1.1221e-18 
0.307397 0.548566 -6.64291e-19 
0.156817 0.281893 1.29812e-18 
0.278471 0.717672 2.18142e-18 
0.148256 0.380839 3.93605e-19 
0.636086 0.213092 1.53741e-18 
0.625989 0.253602 3.99305e-19 
0.316619 0.115045 7.49244e-19 
1.92132 0.714639 -5.99638e-19 
1.1677 0.336108 -7.01859e-19 
-0.0351212 1.70309 4.64092e-19 
-0.0114078 0.92478 0 
1.6039 0.0239535 0 
1.52191 0.0653729 0 
0.852934 0.0268589 0 
-0.00355879 1.38473 0 
0.00507422 0.729574 2.49502e-18 
0.00465037 0.731252 0 
0.0020708 0.415097 -2.44206e-18 
-0.0102751 1.38626 5.95629e-19 
-0.00947266 1.4225 0 
0.336543 0.48813 2.57944e-19 
0.360032 0.546393 -8.62958e-19 
0.171832 0.257813 7.81106e-19 
-0.0256693 0.767468 -1.66254e-18 
-0.0261519 0.689734 0 
-0.0154343 0.412938 0 
0.030217 1.54791 -1.27047e-20 
0.0314092 1.58055 -3.64872e-19 
0.0178939 0.822528 -1.55897e-20 
0.213329 1.04395 8.89927e-19 
0.119635 0.508972 -5.922e-19 
0.0118643 1.48464 7.30508e-19 
0.0558039 1.35063 -8.15325e-19 
0.0268025 0.760281 3.53034e-20 
0.00751364 1.36614 -3.80738e-18 
-0.000214803 1.39326 4.40916e-18 
0.00377344 0.829776 1.73283e-18 
-0.0138288 0.805094 -1.7253e-18 
-0.00430903 0.481399 -1.73847e-18 
-0.0106511 1.41685 -4.49958e-18 
-0.0152178 1.40032 4.58876e-18 
0.286345 0.674752 0 
0.299755 0.634595 -2.28754e-18 
0.151929 0.331701 9.90277e-19 
0.281187 0.795899 1.18492e-18 
0.138791 0.427477 -1.82833e-18 
2.057 0.322587 4.15816e-19 
2.05157 0.547734 0 
1.21866 0.220985 -4.01767e-19 
-0.0738504 1.63508 -4.80127e-21 
-0.0141305 1.69045 0 
-0.0157211 0.921809 0 
0.22705 0.944377 -3.22749e-19 
0.248196 0.8664 -7.06814e-19 
0.128786 0.463222 1.32462e-18 
3.16442 -0.442872 0 
3.34728 -0.414685 1.81278e-18 
0.0623738 3.48439 0 
0.0488515 2.80831 0 
3.15925 0.249915 1.4192e-20 
3.12355 0.506296 3.71207e-18 
0.0234236 3.43247 -2.73923e-20 
0.00929366 2.66416 0 
-0.0416467 1.19604 1.55491e-18 
0.19006 1.31637 0 
3.47262 1.62512 -3.24726e-19 
3.17427 0.272573 -2.96098e-20 
3.14838 -0.118696 0 
3.10047 -0.000403976 3.73119e-22 
0.0439109 2.59042 0 
0.157455 3.30055 0 
-0.0549291 2.53452 0 
-0.0230184 3.48821 3.15756e-19 
-0.0248451 3.56918 1.99235e-19 
2.63343 0.048832 -1.36492e-20 
3.04751 0.0311533 0 
3.15793 0.0868414 0 
-0.0507817 4.61733 0 
-0.0456995 3.08314 0 
-0.0717943 2.9361 0 
0.652559 3.10606 2.65621e-19 
3.33884 -0.422458 0 
3.0114 -0.34581 0 
3.1699 -0.0530367 2.27717e-18 
3.2927 -0.3287 -2.74197e-18 
3.1038 -0.125776 0 
-0.0566322 4.51567 0 
0.0168368 3.93546 0 
0.00878836 4.26602 0 
-0.0265209 3.0966 0 
-0.0128776 2.85184 0 
-0.0304836 2.42484 0 
2.97423 -0.00316926 0 
2.85043 0.0486288 -1.805e-20 
2.24692 3.04942 -3.21493e-19 
3.15695 0.0444553 -2.27824e-18 
3.19037 0.278179 2.76932e-18 
3.0828 0.117338 0 
3.3954 0.328926 2.08726e-18 
3.35695 0.484366 -2.70652e-18 
3.07111 0.418429 0 
-0.0547373 3.34656 0 
0.00580597 3.27669 8.51821e-20 
-0.0302738 2.57553 -6.03522e-20 
3.70791 0.555322 2.26539e-18 
3.47099 0.208501 0 
-0.151984 1.27126 -2.1658e-18 
-0.0624334 0.88216 -1.35026e-19 
-0.0848387 1.33672 2.98542e-18 
-0.0352368 1.27045 -8.99564e-19 
-0.000496101 1.08841 0 
-0.0266646 1.23955 6.94816e-19 
-0.115054 1.38786 2.14642e-18 
-0.0590499 1.34056 -1.31406e-18 
-0.0767368 1.32063 0 
1.28929 0.597214 0 
1.17725 0.682378 0 
3.55665 2.02951 9.5347e-19 
3.04989 1.93601 -1.19052e-18 
3.83774 1.70662 0 
3.38428 1.15687 0 
3.34934 0.280496 -3.91677e-18 
2.89884 0.173121 4.8397e-18 
3.35145 -0.155478 0 
2.85479 -0.0761356 0 
3.43642 0.0430265 0 
3.5938 0.145057 0 
3.28683 0.119875 0 
3.55033 0.298581 0 
3.40841 0.293059 0 
3.32755 0.218074 0 
0.0972907 2.79199 0 
0.0343347 2.08051 0 
0.126578 3.05278 0 
0.0927604 2.20653 0 
0.214752 3.59367 0 
0.140101 2.67377 -5.5854e-19 
0.0533053 3.60997 0 
0.0112941 3.01351 4.05592e-19 
-0.0244166 3.20255 -5.16998e-19 
-0.058971 2.79922 0 
-0.0228497 2.20179 0 
-0.071887 2.90688 0 
-0.0555105 2.04969 0 
-0.106718 4.74924 -2.45541e-19 
-0.0790538 3.94023 2.77268e-19 
-0.0742772 3.80106 3.09072e-19 
-0.0526621 3.01522 0 
-0.104378 3.80256 -4.58652e-19 
-0.0370654 3.21379 -2.9505e-19 
-0.0808117 4.7816 1.92541e-19 
-0.09333 4.46467 -3.50461e-19 
-0.068557 4.33441 -3.78926e-19 
3.03133 0.0883888 3.35853e-18 
2.28959 0.032183 -4.22969e-18 
2.89131 0.132847 -3.32745e-18 
2.20957 0.0734901 4.15618e-18 
3.36858 0.0277289 0 
2.64307 -0.00265026 0 
3.45416 0.0913602 0 
3.32025 0.0192923 0 
2.70666 0.00922892 0 
3.68031 0.239651 0 
3.43884 0.0960076 0 
2.8637 0.0565209 0 
-0.0210487 4.33535 -1.20276e-20 
-0.0538119 4.65333 0 
-0.0591472 4.5491 0 
-0.0746546 3.50403 8.77144e-20 
-0.0373178 2.77744 -3.46514e-21 
-0.0791121 4.67 1.13479e-19 
-0.0931775 4.45855 -1.14677e-19 
-0.0770197 3.95656 0 
-0.0551745 3.87672 0 
-0.0186904 3.99342 0 
-0.0707014 3.25702 0 
-0.0425553 2.30174 0 
0.948798 3.66251 -6.08612e-19 
0.921345 2.85388 -1.76278e-19 
0.430124 2.05241 -2.28152e-19 
0.252113 2.29863 6.96842e-19 
1.02334 4.1997 2.63789e-19 
3.43308 -0.167421 0 
3.32213 -0.256546 0 
2.88327 -0.189515 0 
3.47032 -0.0643455 0 
3.34581 -0.147864 0 
3.44893 -0.261022 0 
3.5195 -0.283601 0 
3.57949 -0.281129 0 
3.22413 0.0933886 3.61882e-18 
2.55519 0.0645187 -4.57595e-18 
3.09649 0.106579 -3.56228e-18 
2.50909 0.0566756 4.43247e-18 
2.24 3.4173 0 
1.73984 2.9488 -4.4547e-19 
2.56698 3.34915 -4.03112e-19 
2.36972 2.52981 5.35779e-19 
0.774419 1.21291 2.72197e-18 
1.44675 0.216477 1.34311e-18 
3.72257 0.304263 0 
3.89316 0.57284 -1.84589e-18 
3.29902 0.243966 -8.23356e-20 
3.72079 0.440158 0 
0.236575 1.31232 1.79592e-18 
-0.0166655 1.20198 -2.8761e-18 
0.0587916 0.769957 1.61438e-18 
0.275917 0.464891 -7.47774e-19 
0.187226 1.38373 8.70915e-19 
0.0506339 1.23716 0 
0.0577278 1.08615 -1.13218e-18 
0.191688 1.44296 -4.09176e-18 
0.328965 1.55694 0 
0.00867325 1.2902 1.19577e-19 
-0.00971743 1.45729 -1.34013e-18 
-0.0410144 1.30282 1.94826e-18 
-0.0574433 1.41766 0 
-0.0204758 1.38228 0 
0.681032 1.04981 0 
2.45664 2.45508 -1.06611e-18 
2.64421 2.17393 3.95167e-19 
2.79265 2.88277 0 
3.21305 3.06783 -3.94521e-19 
3.16606 2.41193 2.84647e-20 
0.803628 0.589296 -1.82222e-18 
1.55578 0.691425 -1.62181e-20 
1.23283 0.450979 8.72082e-19 
1.27492 0.843566 5.95002e-20 
0.938719 0.633771 -2.36928e-18 
1.46412 0.714103 0 
1.98968 1.09965 1.45581e-18 
2.03183 1.01561 0 
1.41167 0.790626 0 
1.06186 0.549631 0 
3.37538 2.18024 1.00842e-18 
3.94759 0.760955 -1.86322e-18 
3.84794 1.21615 0 
3.53389 0.75783 0 
1.3913 0.364748 1.33239e-18 
3.2579 1.84223 -8.51437e-19 
2.83421 1.65438 1.54672e-18 
3.75521 1.3771 -1.83575e-18 
3.09793 0.114762 2.46386e-18 
3.16856 0.180818 -2.57881e-18 
2.66183 0.0916429 0 
3.30731 -0.0394951 0 
3.20141 -0.0842557 -2.3664e-18 
2.63244 -0.0321093 2.34555e-18 
3.95629 0.0932079 0 
3.75968 0.145656 0 
3.69369 0.155374 0 
3.5883 0.204749 0 
3.83261 0.0590327 0 
3.72611 0.0522538 0 
-0.0401284 2.51411 0 
-0.037742 2.01302 0 
0.357029 3.99018 -4.11317e-19 
0.662943 3.33539 -1.59959e-19 
0.259716 3.02949 -3.57893e-19 
0.343894 2.54955 5.73261e-19 
0.458332 4.01611 0 
0.469866 4.67198 -5.09845e-19 
0.383059 4.73041 0 
0.910941 4.37502 -3.79467e-19 
0.67294 3.8137 9.68729e-19 
0.597206 4.65371 4.46912e-19 
0.74084 4.20235 -1.87484e-19 
0.6027 4.32773 1.50845e-19 
0.916446 4.65784 -6.63704e-19 
0.749857 4.66205 0 
0.858486 4.58989 5.04491e-19 
0.00706186 4.57142 -1.81137e-19 
-0.0185252 3.6456 0 
0.101551 4.28637 5.49607e-19 
-0.00279506 4.38909 0 
-0.00360799 3.45737 -4.5101e-19 
-0.0152454 2.91074 0 
-0.0999562 4.30957 -2.8912e-19 
-0.105569 4.68188 0 
-0.052959 3.80738 0 
-0.0397757 3.72973 3.25182e-19 
-0.0468595 3.88652 1.03846e-20 
-0.034568 3.70774 6.25871e-19 
-0.0410226 2.94792 4.06846e-21 
-0.113488 4.71022 1.80195e-19 
-0.102364 4.74197 1.03222e-19 
-0.0165898 2.62438 0 
0.00134533 2.13644 0 
-0.0413856 4.78936 4.86249e-19 
-0.0482044 4.3101 4.23928e-19 
-0.082785 4.58577 -5.54175e-19 
0.0165027 4.75856 0 
-0.0773637 4.53467 -3.08938e-19 
-0.116787 4.16775 1.27658e-19 
-0.0839965 4.24845 -4.12818e-20 
-0.0696275 4.72913 -2.18908e-19 
-0.0848448 4.26952 -6.8559e-20 
-0.083277 4.2144 3.06644e-19 
2.87141 0.0610252 -2.36348e-18 
2.85887 0.0497083 2.27295e-18 
2.3386 0.0345587 0 
3.51009 0.19204 3.04643e-18 
2.70367 0.126547 -3.30466e-18 
2.25448 0.0644879 3.60947e-18 
3.68247 0.335346 -4.01628e-19 
3.2099 -0.0485195 0 
3.17213 -0.0135464 2.23695e-18 
2.69091 -0.0123738 -2.21931e-18 
3.87877 0.122255 -1.25234e-19 
3.77177 0.101866 1.0783e-18 
4.15977 0.173505 0 
4.22847 0.181165 -3.75121e-19 
4.01369 0.145246 0 
3.69489 0.155414 0 
4.0323 0.0950922 0 
3.71179 0.0873369 0 
4.18472 0.113897 7.85479e-19 
4.1372 0.0791467 -1.74786e-18 
4.14067 0.113899 -8.47985e-19 
4.1864 0.116541 -9.24462e-19 
4.2157 0.229032 1.77401e-18 
3.85475 0.188643 0 
4.06129 0.30194 0 
-0.0712059 4.58 -1.35711e-19 
-0.0313253 4.64437 -1.16766e-20 
-0.0644321 4.66088 0 
-0.0540211 4.19617 1.38092e-19 
-0.0522316 4.22392 2.25283e-20 
-0.0571285 4.09185 -2.18337e-20 
-0.0798087 3.52611 2.61153e-19 
-0.142766 4.00616 -1.45135e-20 
-0.1016 4.13361 7.47549e-20 
-0.0737056 3.40209 -1.32255e-19 
-0.0245289 2.92457 1.58388e-19 
-0.0743589 4.42903 5.20889e-21 
-0.0873163 4.64254 1.72207e-19 
1.24334 4.36014 3.47371e-19 
1.1595 4.52893 7.26022e-19 
1.73681 3.46676 4.30759e-19 
1.30882 3.56119 1.69456e-19 
1.28659 2.89003 0 
0.548309 2.31826 2.74853e-19 
0.463433 1.74118 3.30644e-19 
0.344933 2.56668 1.50886e-20 
0.491891 3.17244 -1.16117e-18 
0.63135 3.13148 8.76404e-19 
0.43258 2.40389 0 
0.293455 1.97145 -5.57192e-19 
0.259664 3.07681 1.39452e-18 
0.273197 2.71873 -3.13797e-20 
0.157811 2.27549 -1.74777e-18 
0.59131 1.41086 1.46321e-18 
0.57624 1.61657 0 
3.58364 -0.0751493 8.64318e-20 
3.61861 -0.254101 -7.25953e-20 
3.72135 -0.217712 -1.26653e-18 
3.75927 -0.126018 1.2824e-18 
3.67616 -0.0488552 0 
2.44631 3.87165 0 
2.61782 3.91473 0 
2.88945 3.62562 0 
2.73613 3.64272 0 
0.854093 1.39428 -3.33967e-21 
0.61143 1.03897 0 
1.70877 3.38393 1.50202e-20 
1.42066 3.46291 0 
1.32629 2.9501 -1.28361e-18 
1.40679 2.89282 8.24346e-19 
1.79125 0.310396 0 
1.43043 0.262016 3.52052e-19 
2.41164 0.358828 2.1917e-18 
1.78605 0.284835 -7.85398e-19 
1.4263 0.112198 -2.4949e-18 
4.26631 0.790106 -2.56538e-18 
3.85196 0.995214 -3.6721e-20 
3.29689 0.844638 2.06776e-18 
3.87577 0.745474 1.81321e-18 
3.12305 0.465689 -3.04493e-18 
2.91021 0.452162 3.74975e-19 
3.19248 0.682315 -8.18688e-19 
2.97608 0.683406 0 
3.75866 0.563996 1.5376e-18 
4.09565 0.629409 0 
4.09117 0.776485 0 
4.04578 0.41593 8.23642e-19 
4.29665 0.642597 -3.02467e-20 
4.24947 0.715921 -4.52863e-19 
4.1766 0.643304 0 
3.61567 0.13042 1.71813e-18 
4.19 0.183607 2.14413e-18 
4.09068 0.151665 -1.67936e-18 
4.13651 0.240884 -1.44281e-18 
3.74573 0.238221 -2.15631e-18 
3.30288 0.37597 0 
3.40342 0.302414 0 
2.55811 0.190652 -1.26601e-18 
2.10846 0.119115 4.76752e-19 
4.03722 0.352634 1.94028e-18 
4.28774 0.432861 -2.34641e-18 
4.28488 0.48949 2.06883e-18 
4.15713 0.493547 0 
4.25664 0.337316 0 
4.26651 0.322403 -9.8191e-19 
4.2143 0.316172 -1.59647e-18 
2.22661 3.48712 6.20448e-19 
1.93737 3.23072 -6.83323e-19 
1.44557 2.3553 -1.03183e-18 
1.18628 1.99617 2.66829e-19 
0.8837 1.37806 -2.62851e-18 
0.793613 1.21536 9.22071e-19 
0.600731 0.903882 -1.97195e-21 
1.11447 1.78462 -1.13779e-18 
1.14178 1.88171 1.69849e-18 
0.974295 1.70004 5.06044e-19 
0.785898 1.28857 -5.12659e-19 
0.635379 1.07436 0 
2.4455 2.60673 -1.1543e-19 
0.705133 1.14418 8.57191e-19 
0.927709 0.889681 1.15613e-18 
0.755239 0.813588 1.33768e-18 
1.08306 0.746499 1.3411e-18 
1.46686 1.04428 -2.27017e-18 
1.38289 1.07118 1.83934e-18 
1.00177 0.765488 -6.76721e-19 
0.817007 0.567992 1.49457e-18 
1.61548 0.490748 -7.78085e-19 
1.55894 0.508321 0 
1.23953 0.40733 4.60576e-21 
2.50913 1.51587 7.75529e-19 
2.07975 1.27012 -2.80848e-18 
1.6866 1.18437 9.08682e-21 
1.66066 1.09232 0 
2.86199 2.59507 8.73763e-19 
3.44674 2.75291 1.03742e-18 
3.25576 2.93079 -1.1959e-18 
3.5542 2.76346 -4.28362e-19 
3.4843 2.60376 -1.34884e-19 
3.51246 2.7952 1.38776e-19 
3.67421 2.26706 -1.67935e-18 
3.70518 2.49211 4.00721e-19 
3.78367 2.4359 0 
3.78446 2.19165 -5.79678e-19 
4.04895 1.07334 5.80536e-19 
4.27597 0.993188 1.00211e-18 
4.30041 0.966897 1.01163e-18 
4.05502 1.32936 -1.14958e-18 
4.10288 1.3498 0 
4.15252 1.23375 0 
3.32765 1.23573 -1.56066e-20 
2.4177 0.666488 0 
2.72182 0.744042 9.30619e-19 
3.23824 0.885953 -2.64567e-20 
3.77286 1.53469 5.10725e-18 
3.56977 1.7619 1.31107e-18 
3.4809 1.54048 -1.34061e-18 
3.03731 1.36977 1.43737e-18 
2.7606 1.36964 8.23732e-19 
2.30651 1.15588 -7.97767e-19 
3.67221 -0.0855426 1.98457e-18 
3.8947 -0.0289321 0 
3.85894 -0.0665486 1.34203e-18 
3.74291 -0.0594082 -2.98766e-18 
3.98056 0.037378 1.46193e-18 
3.90444 0.113427 -3.08285e-18 
3.73986 0.128037 0 
3.55625 0.173471 -6.28529e-19 
3.81197 0.122982 1.60523e-18 
3.69195 0.191385 -8.22535e-19 
3.6003 0.171079 5.90699e-19 
-0.0801542 2.59258 0 
-0.0467262 3.39979 0 
-0.0318966 2.46346 0 
-0.0215665 1.97197 0 
0.0463146 3.94219 6.70663e-19 
0.140177 3.72365 -1.72938e-19 
0.317277 4.64488 -2.29741e-19 
0.253045 4.46229 2.4264e-19 
-0.0247157 4.29499 -4.97569e-19 
0.0122818 4.32704 3.73632e-19 
0.0958915 3.87098 2.22703e-20 
0.00997685 3.55845 -4.67096e-19 
-0.0122705 3.31021 -6.22676e-20 
-0.0390389 3.67243 -5.67413e-20 
0.153293 4.47432 -5.86978e-19 
0.178485 4.28772 0 
0.275783 4.6347 2.96415e-19 
0.269003 4.70948 2.52983e-19 
0.595905 4.44414 -2.26022e-19 
0.408055 3.7798 0 
0.457203 3.62764 -1.1148e-18 
0.559855 3.99651 7.89928e-19 
0.480093 4.56166 -6.14799e-19 
0.370495 4.43194 3.30769e-19 
0.299439 4.15341 0 
-0.0341761 4.76172 -5.53267e-19 
-0.0739855 4.52608 -6.41463e-19 
-0.0751184 4.73937 0 
-0.0283975 4.35901 -6.24764e-21 
-0.0184748 4.64084 2.74272e-19 
-0.117978 3.88305 4.47133e-20 
-0.0548628 3.48774 -6.53888e-19 
-0.0949922 3.92584 1.74203e-19 
-0.134845 4.51863 2.32416e-19 
-0.0754737 4.32905 0 
-0.0592201 3.88787 0 
-0.0818378 2.89962 2.00906e-19 
-0.0471517 3.63327 -6.26918e-20 
-0.0723218 3.62073 0 
-0.0879205 2.68861 1.58183e-19 
-0.0461922 2.19497 -3.06489e-19 
3.76103 0.0323493 0 
3.7319 0.00775148 -2.03272e-19 
4.1795 0.0679721 -1.43992e-18 
4.08911 0.0463223 0 
3.87634 0.017833 0 
4.14973 0.0370669 -1.25249e-20 
4.1003 0.0349603 2.37888e-18 
4.0001 0.0802229 2.84562e-18 
3.75586 0.118678 0 
3.55801 0.110063 0 
4.01332 0.0939748 1.41745e-18 
3.70324 0.11615 0 
3.47209 0.128886 0 
-0.0806113 4.69957 0 
-0.106041 4.66811 1.06712e-20 
-0.0764913 4.7197 6.29691e-20 
-0.0603175 3.83351 0 
-0.111677 4.53631 1.11259e-19 
-0.067385 4.24165 -6.33832e-20 
-0.0535603 3.93087 0 
1.41007 4.18548 0 
1.20932 4.5805 -1.29802e-18 
1.22462 4.48825 0 
1.57393 4.48724 1.4844e-18 
1.59329 4.12143 0 
1.50165 4.37171 -6.06533e-19 
1.01131 2.24238 -3.39454e-20 
0.709053 1.64521 -1.74452e-18 
0.590596 1.22736 2.12848e-18 
0.708611 1.83472 3.96777e-19 
0.974873 2.42384 0 
1.03625 2.37894 0 
0.718267 1.68712 0 
0.532251 1.32995 -1.3951e-18 
1.20854 3.77454 -9.83406e-19 
1.12862 2.98856 -2.35483e-19 
1.32672 3.40462 1.92585e-19 
0.599155 2.04057 0 
0.620106 1.94236 0 
0.462151 1.57091 -3.92681e-19 
0.9575 2.72011 0 
2.68711 3.57099 0 
2.38113 3.00846 -1.45452e-18 
2.54578 3.02686 -8.58724e-20 
2.41961 3.40426 0 
2.28551 3.14926 2.22104e-18 
3.27798 3.08683 -3.89688e-19 
3.13406 3.32507 0 
3.11645 3.15144 6.30424e-19 
2.87042 3.4127 0 
2.8819 3.20076 0 
1.2091 2.00607 -9.30376e-19 
1.41387 2.40307 -6.99495e-19 
1.75336 2.9815 1.20594e-18 
1.69554 2.95949 -3.62229e-19 
1.06227 1.82201 0 
1.20668 2.20822 4.71087e-19 
0.71834 1.28855 -7.15165e-19 
0.581557 1.04335 -5.60317e-22 
1.93706 3.69546 0 
2.19891 3.74284 -5.42588e-19 
2.33814 3.98623 0 
2.28408 0.529021 0 
1.61734 0.34191 0 
1.20902 0.276587 0 
2.20912 0.554268 -1.46519e-18 
1.63527 0.402197 8.17212e-19 
2.14561 0.129125 -9.85129e-19 
2.6266 0.297533 0 
2.46566 0.301649 4.13472e-19 
1.76987 0.13572 1.63293e-18 
1.53026 0.0812685 -1.037e-18 
0.745494 1.55583 8.57999e-19 
0.959709 1.82029 0 
0.537617 1.43996 1.56079e-18 
0.523808 1.61477 -1.42516e-18 
0.757118 1.81441 -9.88293e-19 
2.07325 2.46254 1.33764e-18 
2.09659 2.71193 0 
1.58337 1.67802 -2.76333e-19 
2.00957 1.98936 1.74499e-18 
1.35977 1.29252 -4.23559e-19 
1.58857 1.31338 4.50665e-19 
2.1095 1.51318 1.02313e-18 
2.44263 1.67093 0 
2.27593 1.85604 0 
2.00983 1.60597 0 
3.9568 2.07992 3.8448e-19 
3.75979 1.8898 -1.2635e-18 
3.8172 2.02812 1.04672e-18 
3.90105 1.77151 -1.00828e-18 
4.15789 1.67393 0 
4.11697 1.84114 -2.97821e-19 
2.84043 1.16333 -1.89722e-18 
2.97079 1.16344 -2.41291e-18 
2.33194 1.04356 1.45637e-18 
2.13823 0.934432 -1.41977e-18 
2.46347 0.846177 -1.17807e-18 
2.17854 0.776946 1.44878e-18 
4.00845 0.0334777 -1.52884e-18 
4.05276 0.040692 3.13011e-18 
3.76797 -0.0658791 1.90084e-18 
3.79119 -0.0737698 -2.2867e-18 
3.95955 0.0105768 0 
4.05604 0.0228813 -3.72969e-18 
0.0966033 4.7615 1.06546e-19 
0.0674248 4.73214 0 
0.18946 4.73149 9.53533e-19 
0.211036 4.74925 -8.67492e-19 
0.230933 4.71906 4.28446e-19 
0.121931 4.65914 0 
-0.100664 4.77119 0 
-0.106463 4.40444 -6.18489e-20 
-0.105357 4.33366 5.5437e-20 
-0.114086 4.48252 7.18424e-21 
-0.104769 4.72132 -1.01164e-19 
-0.0818965 4.70895 5.5088e-20 
1.8753 4.00955 -1.64319e-18 
1.81627 4.01604 1.74012e-18 
1.68396 4.4066 -8.54209e-19 
1.69266 4.27728 7.61214e-20 
2.25268 4.08663 0 
1.85456 4.22023 -6.3545e-19 
1.98181 3.96007 6.16293e-19 
1.82386 4.38113 8.34404e-19 
2.07659 4.21939 0 
2.22804 4.10039 0 
1.1381 3.63055 1.49495e-18 
0.826442 2.81099 2.02314e-18 
0.954155 2.98937 -1.38948e-18 
0.746368 2.97099 -2.31878e-19 
0.902205 3.73007 4.66274e-19 
0.721913 3.36255 -1.13393e-18 
0.745623 1.46551 -1.21467e-18 
0.746102 1.31673 0 
0.602456 1.11433 -1.3351e-18 
1.11073 2.0637 0 
1.0877 2.15063 0 
1.35838 2.19067 -1.0905e-18 
1.06431 2.01402 -1.03591e-18 
1.01668 2.03492 1.09859e-18 
1.03095 1.51906 0 
1.41015 1.76163 -6.01178e-19 
1.62705 2.11881 -8.55377e-19 
1.41059 2.08242 0 
0.86767 1.81829 7.12396e-19 
0.779587 1.67938 0 
2.90585 2.2888 -1.84699e-18 
3.31876 2.47056 2.60919e-18 
3.27746 2.19306 -2.59328e-18 
2.61013 2.02076 -2.31169e-19 
2.72473 1.94025 -9.74113e-19 
1.26167 2.18955 7.96097e-19 
1.3158 2.24436 -1.35979e-18 
1.45383 2.32932 1.79263e-18 
1.79002 2.5593 -1.16513e-18 
1.88858 2.932 -1.56709e-18 
1.56287 2.48838 -1.18792e-19 
1.63259 2.62789 1.37114e-18 
1.80969 2.69277 9.66086e-20 
2.01756 2.99848 6.49945e-19 
))
(300 (2 10 3 0 0 919 1018)(
0 0 0 
0 0 0 
0 0 0 
0 0 0 
0 0 0 
0 0 0 
0 0 0 
0 0 0 
0 0 0 
0 0 0 
0 0 0 
0 0 0 
0 0 0 
0 0 0 
0 0 0 
0 0 0 
0 0 0 
0 0 0 
0 0 0 
0 0 0 
0 0 0 
0 0 0 
0 0 0 
0 0 0 
0 0 0 
0 0 0 
0 0 0 
0 0 0 
0 0 0 
0 0 0 
0 0 0 
0 0 0 
0 0 0 
0 0 0 
0 0 0 
0 0 0 
0 0 0 
0 0 0 
0 0 0 
0 0 0 
0 0 0 
0 0 0 
0 0 0 
0 0 0 
0 0 0 
0 0 0 
0 0 0 
0 0 0 
0 0 0 
0 0 0 
0 0 0 
0 0 0 
0 0 0 
0 0 0 
0 0 0 
0 0 0 
0 0 0 
0 0 0 
0 0 0 
0 0 0 
0 0 0 
0 0 0 
0 0 0 
0 0 0 
0 0 0 
0 0 0 
0 0 0 
0 0 0 
0 0 0 
0 0 0 
0 0 0 
0 0 0 
0 0 0 
0 0 0 
0 0 0 
0 0 0 
0 0 0 
0 0 0 
0 0 0 
0 0 0 
0 0 0 
0 0 0 
0 0 0 
0 0 0 
0 0 0 
0 0 0 
0 0 0 
0 0 0 
0 0 0 
0 0 0 
0 0 0 
0 0 0 
0 0 0 
0 0 0 
0 0 0 
0 0 0 
0 0 0 
0 0 0 
0 0 0 
0 0 0 
))
(300 (2 11 3 0 0 1019 1026)(
3 0 0 
3 0 0 
3 0 0 
3 0 0 
3 0 0 
3 0 0 
3 0 0 
3 0 0 
))
(300 (2 12 3 0 0 1027 1030)(
0 1 0 
0 1 0 
0 1 0 
0 1 0 
))
(300 (2 13 3 0 0 1031 1038)(
0.171788 1.05386 0 
-0.0596898 1.27089 -1.22324e-19 
0.0749498 2.884 0 
-0.0382142 3.16521 0 
-0.0675947 4.69182 0 
0.04344 4.0252 0 
-0.0178925 4.56596 0 
-0.0515526 4.18016 0 
))
(300 (2 14 3 0 0 1039 1072)(
0 0 0 
0 0 0 
0 0 0 
0 0 0 
0 0 0 
0 0 0 
0 0 0 
0 0 0 
0 0 0 
0 0 0 
0 0 0 
0 0 0 
0 0 0 
0 0 0 
0 0 0 
0 0 0 
0 0 0 
0 0 0 
0 0 0 
0 0 0 
0 0 0 
0 0 0 
0 0 0 
0 0 0 
0 0 0 
0 0 0 
0 0 0 
0 0 0 
0 0 0 
0 0 0 
0 0 0 
0 0 0 
0 0 0 
0 0 0 
))
(300 (2 15 3 0 0 1073 1072)(
))
