(0 "FOAM to Fluent data File")

(33 (918 3444 1074))
(300 (1 1 1 0 0 1 918)(
23.4695
23.5787
0.957851
22.8869
1.01257
23.0951
3.27772
13.7865
19.2427
2.93412
2.62357
14.4088
20.6381
16.8795
12.9958
0.92444
14.0528
2.25159
18.4604
1.39887
12.9946
20.4482
21.5369
19.2845
14.1216
14.3746
18.6004
1.14905
0.109115
0.257597
0.977527
0.40929
0.147936
21.632
22.3086
22.247
15.4953
10.4056
3.602
3.80617
2.98809
2.81167
13.8291
13.929
5.86956
13.7655
13.7614
16.6443
19.1108
19.2544
19.5476
19.3366
19.723
5.97754
2.78615
2.60698
2.87526
2.94892
2.98095
2.69605
2.67748
2.48157
2.33561
13.8882
14.4818
14.537
14.2682
14.2159
22.4547
21.6977
22.0325
21.1388
21.2843
20.2142
19.8286
17.2551
17.6076
16.4814
16.1005
12.7862
12.7474
13.2158
13.4656
0.145724
1.07467
1.22244
14.0597
14.0961
14.0963
14.1108
8.29056
2.19331
2.19661
17.9008
17.4772
20.4821
20.7493
20.1964
20.0108
1.53126
1.52652
1.15313
1.18254
0.951445
13.3358
13.4898
19.2359
18.4028
14.1552
14.0552
14.1302
11.5005
13.9106
13.9839
15.3242
15.7797
14.969
15.4054
18.1704
17.7524
19.037
19.4742
0.394349
0.155438
0.687091
0.317924
0.51638
15.3637
15.1582
15.6112
15.6621
15.8933
10.4103
10.3406
10.3847
10.3047
4.15299
4.46747
2.26081
2.57581
2.42682
9.87116
13.9452
13.9918
4.81412
5.51803
5.18168
6.35183
6.72607
16.0099
16.4465
16.1853
17.7316
16.9365
17.2847
19.8138
19.303
19.6034
6.37328
6.60827
5.61167
5.25258
2.24265
2.49045
2.43322
2.9801
2.95785
3.21607
3.34541
2.69669
2.55365
2.89128
2.7749
2.82673
2.16548
2.03572
13.6123
13.3983
14.1512
14.3298
15.0969
14.9486
14.6552
14.824
19.0237
19.4271
19.4606
19.0765
11.5477
10.1575
13.72
13.9955
0.302165
0.26512
0.138064
0.380764
0.400179
0.141743
2.01414
1.82572
1.40464
1.68019
14.0572
14.0169
8.53119
8.75071
8.12725
7.8707
16.3149
16.4651
17.0993
16.6991
1.96265
1.67668
1.80633
13.6526
13.5252
13.632
10.9356
10.3691
11.9782
12.2479
13.9921
14.0359
14.0319
15.6839
16.0023
19.825
20.0957
19.9226
20.3084
21.3712
21.0224
20.6377
14.5395
14.9479
14.7863
16.1285
15.7622
15.9817
15.1895
15.4942
15.3521
10.3722
10.4183
10.1238
10.2015
10.2496
10.1968
9.80869
9.68187
14.0782
14.0334
14.0574
7.25389
7.75183
4.87158
4.54235
12.5442
13.2174
12.8929
18.6534
17.9758
18.7087
18.3379
17.8879
18.2114
10.4291
10.3905
10.4239
14.9198
14.2577
14.6096
2.43855
2.07445
2.23724
8.94673
9.03966
6.97711
7.59471
7.25734
16.3039
16.6443
17.3245
16.4362
16.9038
17.4111
17.1892
9.94423
10.0766
9.99363
9.66583
9.55954
9.73598
8.33685
8.95004
3.61215
4.27016
3.96531
9.20753
9.43693
9.2843
18.6305
19.1653
0.767322
1.15598
19.5954
19.319
0.140427
0.242249
14.2562
12.5537
7.26432
17.1977
16.6303
18.9701
3.19235
6.10491
2.80674
3.38048
2.68622
14.6159
14.2499
13.3411
0.454094
1.25701
1.7082
2.90119
18.4109
17.7357
18.8519
19.172
19.2263
0.688246
0.914155
0.584306
1.2422
1.03117
1.27551
15.5514
15.6495
4.32752
18.8589
19.1631
19.1809
17.6576
18.6103
17.6678
0.935872
0.642819
0.708088
10.0814
12.1222
14.2164
13.769
13.966
13.9881
13.739
14.8723
14.5418
14.5067
14.9915
13.9676
13.8227
7.73553
6.38505
8.07019
7.71047
17.0991
16.6869
16.4939
16.2395
18.0853
17.6114
18.4617
17.8502
18.312
18.5988
2.94138
3.13154
3.0127
2.52235
6.14505
6.61103
5.4898
5.63689
4.26038
2.42608
2.52496
2.75115
2.58234
2.93065
2.67863
2.94265
2.57844
2.3237
2.32055
2.92973
2.73745
2.60315
14.5943
14.5327
14.3336
14.3717
14.3542
14.4699
13.5355
13.9402
13.568
12.3992
12.9803
12.5075
0.826384
0.66221
0.525503
1.32459
1.35174
1.11068
0.835129
1.17437
1.20179
0.814619
1.54424
1.44507
3.15904
2.64866
8.8472
7.97565
6.90132
16.8009
17.6027
16.7724
18.0131
18.4301
18.5355
18.1559
17.6477
15.7301
15.7253
15.3854
15.3388
4.77291
3.73583
4.96952
4.53869
10.4806
14.0659
11.8432
10.8045
11.1007
13.4245
13.9317
13.5839
13.721
13.2959
12.8241
13.5161
13.0498
13.1511
12.93
15.7205
16.1957
15.8022
15.2227
15.2427
10.6011
12.0166
5.46782
5.64151
7.24466
6.53914
13.512
13.9339
13.9186
13.5576
13.7456
13.7461
13.607
13.781
13.8612
13.7557
11.8248
10.1446
9.04612
9.03973
14.0776
12.3467
12.9311
12.414
16.1208
16.6373
16.252
15.6465
16.1315
15.6033
15.6306
15.8437
17.2019
16.9515
16.7212
17.1081
3.05285
3.0013
3.64542
3.13523
3.03721
2.82241
3.48359
4.75766
4.41528
6.71983
7.26936
4.57903
3.37252
3.79183
4.80614
5.54145
5.51272
3.96949
4.50246
4.92975
4.44099
5.22737
4.73135
2.71721
3.02266
2.86082
2.8348
3.38178
3.88051
3.37577
2.47921
2.59011
2.2549
2.11771
3.5339
2.99216
3.0287
3.6768
1.10672
1.32907
1.44149
2.41306
1.91195
1.97815
15.1829
14.827
14.9606
14.2398
14.3073
14.2484
13.8728
15.2404
14.9624
15.0618
13.7103
13.7971
13.6103
13.9056
14.3216
14.6208
15.4527
15.1738
14.4129
14.5639
14.2148
14.1431
13.4651
12.9021
12.8416
1.11281
0.823536
0.9839
0.911608
0.607561
0.799747
2.18311
1.57242
1.96947
1.72726
1.96006
1.40358
1.30211
4.25318
5.06091
3.9668
3.368
3.06778
8.90484
9.01658
8.16541
7.86138
8.20307
8.43352
8.38356
7.13984
7.56847
7.38114
9.92025
9.58559
17.5871
17.5312
17.2024
17.0435
17.27
5.76175
7.66507
6.79986
7.91651
10.2093
10.5055
9.31222
8.70715
9.45959
9.53671
14.0476
14.1238
13.5646
14.0505
14.0789
11.8354
12.8828
13.4975
13.312
13.8319
13.9129
12.974
13.5627
13.4777
12.7603
12.8134
12.1283
12.4668
11.9948
11.794
14.0564
13.9512
14.2209
13.7717
14.151
13.7154
14.0306
14.0286
14.3092
13.4111
12.8325
12.851
13.2772
12.9773
13.3232
13.4872
9.30884
9.94985
10.3895
10.9254
10.6331
10.4147
10.2819
10.5836
10.5607
10.8317
10.7511
10.6018
11.5615
13.4185
13.7035
13.8051
13.6014
13.6475
13.3401
13.6133
13.5424
13.9205
14.0085
14.0581
13.1389
13.2953
13.4904
13.374
11.6758
10.0966
9.94924
9.50916
7.57744
8.04731
11.0254
9.90264
8.91833
8.99008
12.1691
10.8065
11.6197
12.0428
10.6944
10.3065
12.9717
13.76
13.9798
13.7039
12.0605
12.1864
12.6361
13.0796
13.269
13.725
15.8607
16.4363
16.5142
16.2383
16.1003
16.2001
15.9502
16.0533
16.5274
16.6539
16.4852
2.87793
2.99124
2.92144
2.84701
3.08388
2.85897
3.95314
3.94323
3.15405
3.33472
3.35462
3.46079
2.92847
2.97179
4.8254
5.06138
5.3332
4.8319
6.17464
6.82013
7.40231
7.0852
5.78905
5.86997
6.1865
3.50511
3.53309
3.25104
3.70768
3.7605
2.60966
2.23734
2.0423
2.56097
2.66393
2.04891
1.7677
1.81663
2.33021
2.04991
1.80438
14.9754
14.7338
14.7551
14.5349
14.5895
14.9844
15.2052
15.0153
15.1536
15.2047
14.8038
14.6927
14.8638
1.81798
1.49275
1.62244
1.57998
1.64226
1.54877
1.73612
7.60796
6.41517
6.80251
5.97883
4.12146
4.64195
9.54274
9.96472
10.0031
9.71535
9.50471
9.87029
9.72121
9.71433
8.26501
9.33612
8.8703
9.26726
9.28785
9.35617
9.06912
9.08112
10.5851
10.6186
9.48328
10.1235
9.33172
7.93251
8.09959
9.1131
10.0867
10.4075
10.2521
9.9813
9.75273
10.1173
10.172
10.2323
10.2218
8.75238
8.71158
8.3113
13.9694
13.8759
14.0225
14.0276
14.1546
13.9792
13.8163
14.0935
14.1478
13.932
11.0797
11.1388
11.3845
12.1317
12.1837
12.0934
11.3381
13.1028
12.7581
13.3964
13.343
13.4149
13.0048
12.8282
13.0989
10.0812
11.4539
10.9866
11.2502
10.0638
9.30757
13.2242
13.2782
13.3438
13.6169
13.5747
14.1583
15.8306
15.7005
15.7478
15.7909
15.4026
15.4398
4.17428
3.82749
4.54787
4.50446
4.06286
3.7631
2.28678
1.96859
1.78104
1.65536
1.88882
1.9493
8.16196
8.19055
6.3334
7.35619
5.87699
4.93603
4.79211
5.95489
7.1363
7.19605
8.51603
9.19449
8.75277
8.57873
7.92153
8.2522
10.1202
10.2142
10.1149
10.4337
9.96637
11.7146
11.2968
11.6457
13.2601
12.9693
12.3711
12.2578
12.2227
12.816
11.9479
11.1794
11.8921
12.5481
12.5063
11.1201
10.8752
11.3018
11.2854
10.1993
10.72
10.4819
10.8342
10.5491
))
(300 (1 10 1 0 0 919 1018)(
23.4695
23.5787
0.957851
22.8869
23.0951
3.27772
13.7865
2.93412
2.62357
14.4088
20.6381
16.8795
12.9958
14.0528
2.25159
18.4604
1.39887
12.9946
19.2845
14.1216
14.3746
18.6004
1.14905
21.632
15.4953
3.80617
2.81167
13.929
5.86956
13.7614
16.6443
2.60698
2.94892
2.67748
2.33561
13.8882
14.537
14.2159
21.2843
19.8286
17.6076
16.1005
12.7474
13.4656
14.0961
14.1108
2.19661
17.4772
20.0108
1.52652
0.951445
13.4898
18.4028
14.1302
11.5005
13.9839
15.3242
15.4054
17.7524
19.4742
15.1582
15.6112
15.8933
4.46747
2.42682
13.9918
5.18168
6.72607
16.1853
17.2847
2.43322
2.95785
2.82673
2.03572
13.3983
14.3298
15.0969
14.824
19.0765
13.9955
14.0169
16.3149
16.6991
1.80633
13.632
10.3691
12.2479
14.0319
16.0023
20.3084
14.7863
15.9817
15.3521
14.0574
7.75183
12.8929
18.3379
14.6096
16.9038
8.95004
))
(300 (1 11 1 0 0 919 926)(
23.4695
22.8869
19.2427
20.4482
19.2544
19.723
20.4821
19.6034
))
(300 (1 12 1 0 0 919 922)(
23.5787
23.0951
22.247
22.0325
))
(300 (1 13 1 0 0 919 926)(
0
0
0
0
0
0
0
0
))
(300 (1 14 1 0 0 919 952)(
1.01257
0.92444
0.147936
10.4056
5.97754
2.98095
1.22244
8.29056
0.51638
10.3406
10.3047
9.87116
6.60827
5.25258
3.34541
2.55365
10.1575
2.01414
1.68019
8.75071
7.8707
10.4183
10.1238
10.1968
9.68187
4.54235
10.4239
2.23724
9.03966
7.25734
9.99363
9.55954
3.96531
9.2843
))
(300 (1 15 1 0 0 919 2754)(
23.4695
23.4695
23.5787
23.5787
0.957851
0.957851
22.8869
22.8869
1.01257
1.01257
23.0951
23.0951
3.27772
3.27772
13.7865
13.7865
19.2427
19.2427
2.93412
2.93412
2.62357
2.62357
14.4088
14.4088
20.6381
20.6381
16.8795
16.8795
12.9958
12.9958
0.92444
0.92444
14.0528
14.0528
2.25159
2.25159
18.4604
18.4604
1.39887
1.39887
12.9946
12.9946
20.4482
20.4482
21.5369
21.5369
19.2845
19.2845
14.1216
14.1216
14.3746
14.3746
18.6004
18.6004
1.14905
1.14905
0.109115
0.109115
0.257597
0.257597
0.977527
0.977527
0.40929
0.40929
0.147936
0.147936
21.632
21.632
22.3086
22.3086
22.247
22.247
15.4953
15.4953
10.4056
10.4056
3.602
3.602
3.80617
3.80617
2.98809
2.98809
2.81167
2.81167
13.8291
13.8291
13.929
13.929
5.86956
5.86956
13.7655
13.7655
13.7614
13.7614
16.6443
16.6443
19.1108
19.1108
19.2544
19.2544
19.5476
19.5476
19.3366
19.3366
19.723
19.723
5.97754
5.97754
2.78615
2.78615
2.60698
2.60698
2.87526
2.87526
2.94892
2.94892
2.98095
2.98095
2.69605
2.69605
2.67748
2.67748
2.48157
2.48157
2.33561
2.33561
13.8882
13.8882
14.4818
14.4818
14.537
14.537
14.2682
14.2682
14.2159
14.2159
22.4547
22.4547
21.6977
21.6977
22.0325
22.0325
21.1388
21.1388
21.2843
21.2843
20.2142
20.2142
19.8286
19.8286
17.2551
17.2551
17.6076
17.6076
16.4814
16.4814
16.1005
16.1005
12.7862
12.7862
12.7474
12.7474
13.2158
13.2158
13.4656
13.4656
0.145724
0.145724
1.07467
1.07467
1.22244
1.22244
14.0597
14.0597
14.0961
14.0961
14.0963
14.0963
14.1108
14.1108
8.29056
8.29056
2.19331
2.19331
2.19661
2.19661
17.9008
17.9008
17.4772
17.4772
20.4821
20.4821
20.7493
20.7493
20.1964
20.1964
20.0108
20.0108
1.53126
1.53126
1.52652
1.52652
1.15313
1.15313
1.18254
1.18254
0.951445
0.951445
13.3358
13.3358
13.4898
13.4898
19.2359
19.2359
18.4028
18.4028
14.1552
14.1552
14.0552
14.0552
14.1302
14.1302
11.5005
11.5005
13.9106
13.9106
13.9839
13.9839
15.3242
15.3242
15.7797
15.7797
14.969
14.969
15.4054
15.4054
18.1704
18.1704
17.7524
17.7524
19.037
19.037
19.4742
19.4742
0.394349
0.394349
0.155438
0.155438
0.687091
0.687091
0.317924
0.317924
0.51638
0.51638
15.3637
15.3637
15.1582
15.1582
15.6112
15.6112
15.6621
15.6621
15.8933
15.8933
10.4103
10.4103
10.3406
10.3406
10.3847
10.3847
10.3047
10.3047
4.15299
4.15299
4.46747
4.46747
2.26081
2.26081
2.57581
2.57581
2.42682
2.42682
9.87116
9.87116
13.9452
13.9452
13.9918
13.9918
4.81412
4.81412
5.51803
5.51803
5.18168
5.18168
6.35183
6.35183
6.72607
6.72607
16.0099
16.0099
16.4465
16.4465
16.1853
16.1853
17.7316
17.7316
16.9365
16.9365
17.2847
17.2847
19.8138
19.8138
19.303
19.303
19.6034
19.6034
6.37328
6.37328
6.60827
6.60827
5.61167
5.61167
5.25258
5.25258
2.24265
2.24265
2.49045
2.49045
2.43322
2.43322
2.9801
2.9801
2.95785
2.95785
3.21607
3.21607
3.34541
3.34541
2.69669
2.69669
2.55365
2.55365
2.89128
2.89128
2.7749
2.7749
2.82673
2.82673
2.16548
2.16548
2.03572
2.03572
13.6123
13.6123
13.3983
13.3983
14.1512
14.1512
14.3298
14.3298
15.0969
15.0969
14.9486
14.9486
14.6552
14.6552
14.824
14.824
19.0237
19.0237
19.4271
19.4271
19.4606
19.4606
19.0765
19.0765
11.5477
11.5477
10.1575
10.1575
13.72
13.72
13.9955
13.9955
0.302165
0.302165
0.26512
0.26512
0.138064
0.138064
0.380764
0.380764
0.400179
0.400179
0.141743
0.141743
2.01414
2.01414
1.82572
1.82572
1.40464
1.40464
1.68019
1.68019
14.0572
14.0572
14.0169
14.0169
8.53119
8.53119
8.75071
8.75071
8.12725
8.12725
7.8707
7.8707
16.3149
16.3149
16.4651
16.4651
17.0993
17.0993
16.6991
16.6991
1.96265
1.96265
1.67668
1.67668
1.80633
1.80633
13.6526
13.6526
13.5252
13.5252
13.632
13.632
10.9356
10.9356
10.3691
10.3691
11.9782
11.9782
12.2479
12.2479
13.9921
13.9921
14.0359
14.0359
14.0319
14.0319
15.6839
15.6839
16.0023
16.0023
19.825
19.825
20.0957
20.0957
19.9226
19.9226
20.3084
20.3084
21.3712
21.3712
21.0224
21.0224
20.6377
20.6377
14.5395
14.5395
14.9479
14.9479
14.7863
14.7863
16.1285
16.1285
15.7622
15.7622
15.9817
15.9817
15.1895
15.1895
15.4942
15.4942
15.3521
15.3521
10.3722
10.3722
10.4183
10.4183
10.1238
10.1238
10.2015
10.2015
10.2496
10.2496
10.1968
10.1968
9.80869
9.80869
9.68187
9.68187
14.0782
14.0782
14.0334
14.0334
14.0574
14.0574
7.25389
7.25389
7.75183
7.75183
4.87158
4.87158
4.54235
4.54235
12.5442
12.5442
13.2174
13.2174
12.8929
12.8929
18.6534
18.6534
17.9758
17.9758
18.7087
18.7087
18.3379
18.3379
17.8879
17.8879
18.2114
18.2114
10.4291
10.4291
10.3905
10.3905
10.4239
10.4239
14.9198
14.9198
14.2577
14.2577
14.6096
14.6096
2.43855
2.43855
2.07445
2.07445
2.23724
2.23724
8.94673
8.94673
9.03966
9.03966
6.97711
6.97711
7.59471
7.59471
7.25734
7.25734
16.3039
16.3039
16.6443
16.6443
17.3245
17.3245
16.4362
16.4362
16.9038
16.9038
17.4111
17.4111
17.1892
17.1892
9.94423
9.94423
10.0766
10.0766
9.99363
9.99363
9.66583
9.66583
9.55954
9.55954
9.73598
9.73598
8.33685
8.33685
8.95004
8.95004
3.61215
3.61215
4.27016
4.27016
3.96531
3.96531
9.20753
9.20753
9.43693
9.43693
9.2843
9.2843
18.6305
18.6305
19.1653
19.1653
0.767322
0.767322
1.15598
1.15598
19.5954
19.5954
19.319
19.319
0.140427
0.140427
0.242249
0.242249
14.2562
14.2562
12.5537
12.5537
7.26432
7.26432
17.1977
17.1977
16.6303
16.6303
18.9701
18.9701
3.19235
3.19235
6.10491
6.10491
2.80674
2.80674
3.38048
3.38048
2.68622
2.68622
14.6159
14.6159
14.2499
14.2499
13.3411
13.3411
0.454094
0.454094
1.25701
1.25701
1.7082
1.7082
2.90119
2.90119
18.4109
18.4109
17.7357
17.7357
18.8519
18.8519
19.172
19.172
19.2263
19.2263
0.688246
0.688246
0.914155
0.914155
0.584306
0.584306
1.2422
1.2422
1.03117
1.03117
1.27551
1.27551
15.5514
15.5514
15.6495
15.6495
4.32752
4.32752
18.8589
18.8589
19.1631
19.1631
19.1809
19.1809
17.6576
17.6576
18.6103
18.6103
17.6678
17.6678
0.935872
0.935872
0.642819
0.642819
0.708088
0.708088
10.0814
10.0814
12.1222
12.1222
14.2164
14.2164
13.769
13.769
13.966
13.966
13.9881
13.9881
13.739
13.739
14.8723
14.8723
14.5418
14.5418
14.5067
14.5067
14.9915
14.9915
13.9676
13.9676
13.8227
13.8227
7.73553
7.73553
6.38505
6.38505
8.07019
8.07019
7.71047
7.71047
17.0991
17.0991
16.6869
16.6869
16.4939
16.4939
16.2395
16.2395
18.0853
18.0853
17.6114
17.6114
18.4617
18.4617
17.8502
17.8502
18.312
18.312
18.5988
18.5988
2.94138
2.94138
3.13154
3.13154
3.0127
3.0127
2.52235
2.52235
6.14505
6.14505
6.61103
6.61103
5.4898
5.4898
5.63689
5.63689
4.26038
4.26038
2.42608
2.42608
2.52496
2.52496
2.75115
2.75115
2.58234
2.58234
2.93065
2.93065
2.67863
2.67863
2.94265
2.94265
2.57844
2.57844
2.3237
2.3237
2.32055
2.32055
2.92973
2.92973
2.73745
2.73745
2.60315
2.60315
14.5943
14.5943
14.5327
14.5327
14.3336
14.3336
14.3717
14.3717
14.3542
14.3542
14.4699
14.4699
13.5355
13.5355
13.9402
13.9402
13.568
13.568
12.3992
12.3992
12.9803
12.9803
12.5075
12.5075
0.826384
0.826384
0.66221
0.66221
0.525503
0.525503
1.32459
1.32459
1.35174
1.35174
1.11068
1.11068
0.835129
0.835129
1.17437
1.17437
1.20179
1.20179
0.814619
0.814619
1.54424
1.54424
1.44507
1.44507
3.15904
3.15904
2.64866
2.64866
8.8472
8.8472
7.97565
7.97565
6.90132
6.90132
16.8009
16.8009
17.6027
17.6027
16.7724
16.7724
18.0131
18.0131
18.4301
18.4301
18.5355
18.5355
18.1559
18.1559
17.6477
17.6477
15.7301
15.7301
15.7253
15.7253
15.3854
15.3854
15.3388
15.3388
4.77291
4.77291
3.73583
3.73583
4.96952
4.96952
4.53869
4.53869
10.4806
10.4806
14.0659
14.0659
11.8432
11.8432
10.8045
10.8045
11.1007
11.1007
13.4245
13.4245
13.9317
13.9317
13.5839
13.5839
13.721
13.721
13.2959
13.2959
12.8241
12.8241
13.5161
13.5161
13.0498
13.0498
13.1511
13.1511
12.93
12.93
15.7205
15.7205
16.1957
16.1957
15.8022
15.8022
15.2227
15.2227
15.2427
15.2427
10.6011
10.6011
12.0166
12.0166
5.46782
5.46782
5.64151
5.64151
7.24466
7.24466
6.53914
6.53914
13.512
13.512
13.9339
13.9339
13.9186
13.9186
13.5576
13.5576
13.7456
13.7456
13.7461
13.7461
13.607
13.607
13.781
13.781
13.8612
13.8612
13.7557
13.7557
11.8248
11.8248
10.1446
10.1446
9.04612
9.04612
9.03973
9.03973
14.0776
14.0776
12.3467
12.3467
12.9311
12.9311
12.414
12.414
16.1208
16.1208
16.6373
16.6373
16.252
16.252
15.6465
15.6465
16.1315
16.1315
15.6033
15.6033
15.6306
15.6306
15.8437
15.8437
17.2019
17.2019
16.9515
16.9515
16.7212
16.7212
17.1081
17.1081
3.05285
3.05285
3.0013
3.0013
3.64542
3.64542
3.13523
3.13523
3.03721
3.03721
2.82241
2.82241
3.48359
3.48359
4.75766
4.75766
4.41528
4.41528
6.71983
6.71983
7.26936
7.26936
4.57903
4.57903
3.37252
3.37252
3.79183
3.79183
4.80614
4.80614
5.54145
5.54145
5.51272
5.51272
3.96949
3.96949
4.50246
4.50246
4.92975
4.92975
4.44099
4.44099
5.22737
5.22737
4.73135
4.73135
2.71721
2.71721
3.02266
3.02266
2.86082
2.86082
2.8348
2.8348
3.38178
3.38178
3.88051
3.88051
3.37577
3.37577
2.47921
2.47921
2.59011
2.59011
2.2549
2.2549
2.11771
2.11771
3.5339
3.5339
2.99216
2.99216
3.0287
3.0287
3.6768
3.6768
1.10672
1.10672
1.32907
1.32907
1.44149
1.44149
2.41306
2.41306
1.91195
1.91195
1.97815
1.97815
15.1829
15.1829
14.827
14.827
14.9606
14.9606
14.2398
14.2398
14.3073
14.3073
14.2484
14.2484
13.8728
13.8728
15.2404
15.2404
14.9624
14.9624
15.0618
15.0618
13.7103
13.7103
13.7971
13.7971
13.6103
13.6103
13.9056
13.9056
14.3216
14.3216
14.6208
14.6208
15.4527
15.4527
15.1738
15.1738
14.4129
14.4129
14.5639
14.5639
14.2148
14.2148
14.1431
14.1431
13.4651
13.4651
12.9021
12.9021
12.8416
12.8416
1.11281
1.11281
0.823536
0.823536
0.9839
0.9839
0.911608
0.911608
0.607561
0.607561
0.799747
0.799747
2.18311
2.18311
1.57242
1.57242
1.96947
1.96947
1.72726
1.72726
1.96006
1.96006
1.40358
1.40358
1.30211
1.30211
4.25318
4.25318
5.06091
5.06091
3.9668
3.9668
3.368
3.368
3.06778
3.06778
8.90484
8.90484
9.01658
9.01658
8.16541
8.16541
7.86138
7.86138
8.20307
8.20307
8.43352
8.43352
8.38356
8.38356
7.13984
7.13984
7.56847
7.56847
7.38114
7.38114
9.92025
9.92025
9.58559
9.58559
17.5871
17.5871
17.5312
17.5312
17.2024
17.2024
17.0435
17.0435
17.27
17.27
5.76175
5.76175
7.66507
7.66507
6.79986
6.79986
7.91651
7.91651
10.2093
10.2093
10.5055
10.5055
9.31222
9.31222
8.70715
8.70715
9.45959
9.45959
9.53671
9.53671
14.0476
14.0476
14.1238
14.1238
13.5646
13.5646
14.0505
14.0505
14.0789
14.0789
11.8354
11.8354
12.8828
12.8828
13.4975
13.4975
13.312
13.312
13.8319
13.8319
13.9129
13.9129
12.974
12.974
13.5627
13.5627
13.4777
13.4777
12.7603
12.7603
12.8134
12.8134
12.1283
12.1283
12.4668
12.4668
11.9948
11.9948
11.794
11.794
14.0564
14.0564
13.9512
13.9512
14.2209
14.2209
13.7717
13.7717
14.151
14.151
13.7154
13.7154
14.0306
14.0306
14.0286
14.0286
14.3092
14.3092
13.4111
13.4111
12.8325
12.8325
12.851
12.851
13.2772
13.2772
12.9773
12.9773
13.3232
13.3232
13.4872
13.4872
9.30884
9.30884
9.94985
9.94985
10.3895
10.3895
10.9254
10.9254
10.6331
10.6331
10.4147
10.4147
10.2819
10.2819
10.5836
10.5836
10.5607
10.5607
10.8317
10.8317
10.7511
10.7511
10.6018
10.6018
11.5615
11.5615
13.4185
13.4185
13.7035
13.7035
13.8051
13.8051
13.6014
13.6014
13.6475
13.6475
13.3401
13.3401
13.6133
13.6133
13.5424
13.5424
13.9205
13.9205
14.0085
14.0085
14.0581
14.0581
13.1389
13.1389
13.2953
13.2953
13.4904
13.4904
13.374
13.374
11.6758
11.6758
10.0966
10.0966
9.94924
9.94924
9.50916
9.50916
7.57744
7.57744
8.04731
8.04731
11.0254
11.0254
9.90264
9.90264
8.91833
8.91833
8.99008
8.99008
12.1691
12.1691
10.8065
10.8065
11.6197
11.6197
12.0428
12.0428
10.6944
10.6944
10.3065
10.3065
12.9717
12.9717
13.76
13.76
13.9798
13.9798
13.7039
13.7039
12.0605
12.0605
12.1864
12.1864
12.6361
12.6361
13.0796
13.0796
13.269
13.269
13.725
13.725
15.8607
15.8607
16.4363
16.4363
16.5142
16.5142
16.2383
16.2383
16.1003
16.1003
16.2001
16.2001
15.9502
15.9502
16.0533
16.0533
16.5274
16.5274
16.6539
16.6539
16.4852
16.4852
2.87793
2.87793
2.99124
2.99124
2.92144
2.92144
2.84701
2.84701
3.08388
3.08388
2.85897
2.85897
3.95314
3.95314
3.94323
3.94323
3.15405
3.15405
3.33472
3.33472
3.35462
3.35462
3.46079
3.46079
2.92847
2.92847
2.97179
2.97179
4.8254
4.8254
5.06138
5.06138
5.3332
5.3332
4.8319
4.8319
6.17464
6.17464
6.82013
6.82013
7.40231
7.40231
7.0852
7.0852
5.78905
5.78905
5.86997
5.86997
6.1865
6.1865
3.50511
3.50511
3.53309
3.53309
3.25104
3.25104
3.70768
3.70768
3.7605
3.7605
2.60966
2.60966
2.23734
2.23734
2.0423
2.0423
2.56097
2.56097
2.66393
2.66393
2.04891
2.04891
1.7677
1.7677
1.81663
1.81663
2.33021
2.33021
2.04991
2.04991
1.80438
1.80438
14.9754
14.9754
14.7338
14.7338
14.7551
14.7551
14.5349
14.5349
14.5895
14.5895
14.9844
14.9844
15.2052
15.2052
15.0153
15.0153
15.1536
15.1536
15.2047
15.2047
14.8038
14.8038
14.6927
14.6927
14.8638
14.8638
1.81798
1.81798
1.49275
1.49275
1.62244
1.62244
1.57998
1.57998
1.64226
1.64226
1.54877
1.54877
1.73612
1.73612
7.60796
7.60796
6.41517
6.41517
6.80251
6.80251
5.97883
5.97883
4.12146
4.12146
4.64195
4.64195
9.54274
9.54274
9.96472
9.96472
10.0031
10.0031
9.71535
9.71535
9.50471
9.50471
9.87029
9.87029
9.72121
9.72121
9.71433
9.71433
8.26501
8.26501
9.33612
9.33612
8.8703
8.8703
9.26726
9.26726
9.28785
9.28785
9.35617
9.35617
9.06912
9.06912
9.08112
9.08112
10.5851
10.5851
10.6186
10.6186
9.48328
9.48328
10.1235
10.1235
9.33172
9.33172
7.93251
7.93251
8.09959
8.09959
9.1131
9.1131
10.0867
10.0867
10.4075
10.4075
10.2521
10.2521
9.9813
9.9813
9.75273
9.75273
10.1173
10.1173
10.172
10.172
10.2323
10.2323
10.2218
10.2218
8.75238
8.75238
8.71158
8.71158
8.3113
8.3113
13.9694
13.9694
13.8759
13.8759
14.0225
14.0225
14.0276
14.0276
14.1546
14.1546
13.9792
13.9792
13.8163
13.8163
14.0935
14.0935
14.1478
14.1478
13.932
13.932
11.0797
11.0797
11.1388
11.1388
11.3845
11.3845
12.1317
12.1317
12.1837
12.1837
12.0934
12.0934
11.3381
11.3381
13.1028
13.1028
12.7581
12.7581
13.3964
13.3964
13.343
13.343
13.4149
13.4149
13.0048
13.0048
12.8282
12.8282
13.0989
13.0989
10.0812
10.0812
11.4539
11.4539
10.9866
10.9866
11.2502
11.2502
10.0638
10.0638
9.30757
9.30757
13.2242
13.2242
13.2782
13.2782
13.3438
13.3438
13.6169
13.6169
13.5747
13.5747
14.1583
14.1583
15.8306
15.8306
15.7005
15.7005
15.7478
15.7478
15.7909
15.7909
15.4026
15.4026
15.4398
15.4398
4.17428
4.17428
3.82749
3.82749
4.54787
4.54787
4.50446
4.50446
4.06286
4.06286
3.7631
3.7631
2.28678
2.28678
1.96859
1.96859
1.78104
1.78104
1.65536
1.65536
1.88882
1.88882
1.9493
1.9493
8.16196
8.16196
8.19055
8.19055
6.3334
6.3334
7.35619
7.35619
5.87699
5.87699
4.93603
4.93603
4.79211
4.79211
5.95489
5.95489
7.1363
7.1363
7.19605
7.19605
8.51603
8.51603
9.19449
9.19449
8.75277
8.75277
8.57873
8.57873
7.92153
7.92153
8.2522
8.2522
10.1202
10.1202
10.2142
10.2142
10.1149
10.1149
10.4337
10.4337
9.96637
9.96637
11.7146
11.7146
11.2968
11.2968
11.6457
11.6457
13.2601
13.2601
12.9693
12.9693
12.3711
12.3711
12.2578
12.2578
12.2227
12.2227
12.816
12.816
11.9479
11.9479
11.1794
11.1794
11.8921
11.8921
12.5481
12.5481
12.5063
12.5063
11.1201
11.1201
10.8752
10.8752
11.3018
11.3018
11.2854
11.2854
10.1993
10.1993
10.72
10.72
10.4819
10.4819
10.8342
10.8342
10.5491
10.5491
))
(300 (2 1 3 0 0 1 918)(
2.47629 -0.138943 0 
0.108704 0.722546 0 
0.171914 1.0591 0 
2.31834 0.153728 0 
-0.0599202 1.26508 -1.21752e-19 
-0.0924034 0.643931 -5.3145e-18 
0.52928 0.848244 -2.95843e-19 
0.274385 0.152903 -2.98879e-20 
3.00615 -0.0195609 0 
-0.00820096 0.475895 0 
-0.0172827 0.588788 0 
0.60524 0.0067629 0 
0.0107054 0.439105 0 
-0.00288262 0.421689 0 
0.0134571 0.340869 -1.30543e-18 
-0.00497342 0.767483 -9.19816e-20 
0.312448 0.0742781 2.15226e-18 
0.079583 0.640873 -2.23429e-19 
1.52884 0.128628 0 
-0.02701 0.686551 0 
0.194644 0.157753 -1.26579e-18 
3.08302 -0.397373 0 
2.92445 -0.50598 0 
1.86116 -0.1811 0 
0.511429 0.0400865 0 
-0.025368 0.521551 0 
-0.00135314 0.494038 1.86267e-18 
-0.0232205 1.40499 0 
0.0730535 2.89291 0 
0.16791 1.74294 0 
-0.0402192 3.15612 0 
0.0264566 1.63401 9.36149e-20 
0.0229047 0.684513 0 
-0.147425 0.775094 -2.03113e-22 
-0.193914 1.0291 4.4218e-18 
-0.0415772 1.04471 0 
0.74457 -0.00600602 0 
0.161123 0.24648 6.65734e-19 
0.992212 1.51087 6.53567e-19 
0.649124 0.783259 -5.16534e-19 
0.797487 1.57237 6.21173e-20 
0.416107 0.849701 -3.2076e-19 
0.552468 0.306645 2.93943e-20 
0.297031 0.153674 0 
0.962441 0.566177 0 
0.53277 0.304031 1.32031e-19 
0.258047 0.16283 -1.35483e-19 
0.871593 -0.0554792 0 
3.02784 -0.00170509 0 
3.00685 0.0178655 0 
3.20086 -0.417733 0 
3.04288 -0.0742121 0 
3.03116 -0.0388408 0 
0.0186635 0.905848 -1.14703e-18 
-0.0541893 0.971878 0 
0.00278974 0.453966 0 
-0.0289464 0.97882 0 
-0.0113716 0.480124 0 
-0.00145052 0.871513 0 
-0.0521368 1.10936 0 
-0.0126463 0.540899 0 
-0.0254252 1.16115 0 
-0.00603221 0.621278 0 
0.790448 0.0116197 0 
1.16947 -0.00156604 0 
0.61827 0.012368 0 
1.12584 0.0175976 0 
0.569792 0.00867704 0 
0.225406 0.921982 1.96002e-18 
0.0985379 1.2081 0 
0.176302 1.06604 0 
0.0331901 0.755774 2.19959e-23 
0.0372233 0.498055 -2.93138e-18 
0.0194616 0.747943 0 
0.00595421 0.422033 0 
-0.000695491 0.734548 4.5181e-24 
0.000702433 0.414825 0 
-0.0169211 0.74318 0 
-0.0129378 0.427981 0 
0.0494896 0.650126 0 
0.0484874 0.458363 0 
0.00803009 0.622019 1.23426e-18 
0.000756827 0.34492 0 
-0.0732667 4.68965 0 
0.0084953 1.4564 9.13186e-20 
-0.0106205 0.784863 -1.17595e-19 
0.636198 0.152171 -7.50985e-19 
0.32166 0.0656907 -7.28741e-19 
0.644919 0.169755 -2.25478e-18 
0.317588 0.0955872 -1.45165e-18 
0.0788124 0.619956 0 
0.178046 1.31061 1.85333e-19 
0.179307 0.728487 -2.95714e-19 
2.06031 0.260945 0 
1.10704 0.118449 0 
3.03313 0.103887 0 
3.10392 0.446059 0 
2.83919 0.377459 -1.0128e-17 
2.5781 0.361309 7.77139e-18 
-0.0710636 1.26466 0 
-0.0115196 0.623737 0 
-0.0150342 1.90597 0 
-0.0510686 1.3494 0 
-0.0483677 0.68063 0 
0.440448 0.295736 4.00742e-19 
0.225524 0.163407 0 
2.29609 -0.266394 0 
1.32372 -0.119274 0 
1.0764 0.0126634 0 
1.01207 0.0187615 0 
0.540962 0.0108462 0 
1.01974 0.0563802 0 
0.821297 0.0703332 0 
0.343654 0.0286976 3.3631e-18 
-0.00543587 0.451598 1.7738e-18 
-0.0270331 0.78463 0 
-0.0473241 0.847516 0 
-0.0152753 0.46044 0 
0.000132444 0.839725 1.81622e-18 
7.297e-05 0.48753 0 
-0.0054789 0.845554 -5.59107e-18 
-0.00488634 0.496761 1.88658e-18 
0.051572 3.57375 0 
0.0392328 4.03211 0 
-0.0165411 1.40799 -2.05228e-21 
-0.013524 1.35966 0 
-0.00998406 0.739807 0 
1.41016 0.0348815 0 
0.760537 0.0154365 0 
0.709522 0.0142635 0 
1.41617 -0.0328499 0 
0.773509 -0.00874089 0 
0.322313 0.480714 -8.35856e-19 
0.156913 0.232869 0 
0.325236 0.509593 9.36768e-20 
0.163498 0.268646 0 
1.2395 1.38497 1.66614e-19 
0.777953 0.739974 -3.92746e-19 
0.410854 1.41885 0 
0.605973 1.53085 0 
0.30293 0.813023 0 
0.14553 0.353817 -4.43086e-19 
0.607469 0.280789 0 
0.313574 0.134662 3.98856e-19 
1.42616 1.30531 0 
1.58569 1.16756 0 
0.874276 0.663301 4.62006e-19 
1.73304 0.952489 0 
1.06811 0.438522 2.32102e-20 
1.47297 0.00813668 0 
1.50099 -0.0292402 0 
0.801892 -0.00441697 0 
1.95042 -0.19978 0 
1.65082 -0.148181 0 
1.05215 -0.0889701 0 
3.06126 0.164853 0 
3.03105 0.0687871 0 
3.01022 0.0531592 0 
0.035637 1.6107 6.08635e-19 
0.017895 0.829685 0 
0.018051 1.70184 1.08046e-18 
0.00305471 0.941922 -9.71333e-19 
0.0645843 1.14927 1.88197e-19 
0.0476362 0.986495 0 
0.0401013 0.52731 0 
-0.0286468 1.00285 0 
-0.00701495 0.516236 0 
0.0177682 1.61907 -4.43152e-21 
-0.0183481 0.867885 0 
-0.0540854 1.58712 -2.25658e-19 
-0.0163605 0.822207 4.37e-19 
-0.00188045 1.02734 0 
0.0100949 1.04189 0 
-3.76405e-05 0.530377 0 
0.0104197 1.17026 0 
0.000721286 0.612146 0 
1.46824 -0.00371516 0 
0.789176 0.00805384 0 
1.4405 0.0331603 0 
0.76177 -0.000559913 0 
0.675396 0.0053427 0 
1.26199 0.0166789 0 
1.20243 0.0473063 0 
0.659709 0.0155539 0 
-0.00580052 1.42077 -1.7023e-20 
0.000184317 1.37708 0 
0.00482012 0.732923 0 
0.00172892 0.417221 0 
0.284618 0.829106 0 
0.253765 0.399933 -2.87189e-19 
-0.0022176 0.635425 0 
-0.00889278 0.36761 0 
0.00667286 4.34193 0 
-0.0540301 4.66398 0 
-0.0236973 4.56853 0 
-0.0745619 3.36057 2.04855e-20 
-0.0633129 4.59932 0 
-0.0561857 4.17378 0 
0.00460377 0.819274 1.07617e-20 
0.0139966 1.56253 1.65273e-19 
-0.0360042 1.50229 1.2082e-19 
-0.00762753 0.825706 0 
0.66453 0.105723 1.15334e-18 
0.325726 0.0441657 -1.1303e-18 
0.150132 1.13625 0 
0.101261 0.574692 -2.69475e-19 
0.118712 1.23668 -8.75158e-19 
0.0521337 0.689119 8.70653e-19 
0.809205 0.0240626 0 
1.55678 0.0476781 0 
1.7097 0.127651 0 
0.919847 0.0445222 0 
0.00755788 1.18219 0 
0.0255643 1.19092 0 
0.00430886 0.62803 0 
0.482284 0.315194 1.20377e-18 
0.436999 0.309199 -1.38689e-18 
0.234838 0.164225 0 
1.93522 0.15293 1.15245e-19 
1.13623 0.0932107 0 
1.72417 0.118416 0 
0.883644 0.0226824 0 
0.678261 0.0857444 0 
0.699791 0.0460641 -5.40774e-18 
0.346763 0.0325974 1.9991e-18 
0.00914563 0.807282 1.69394e-18 
0.00222226 0.462509 4.08161e-20 
-0.0108777 1.40842 -3.58049e-20 
0.00613616 1.38675 1.36603e-18 
-0.0149832 0.848955 6.29517e-20 
-0.0119261 0.524486 -2.52937e-22 
-0.107514 1.00068 -1.16502e-18 
-0.0529602 1.3532 8.34091e-19 
-0.0175323 1.35275 -1.35793e-18 
1.4227 -0.0170885 0 
1.44233 0.020314 0 
0.769855 -0.000180466 0 
1.45219 0.0253819 0 
1.36321 0.0462286 0 
0.761547 0.0203061 0 
1.30064 -0.00215593 0 
1.31869 -0.00585123 0 
0.695065 -0.000988213 0 
0.305065 0.473731 -9.15434e-19 
0.16146 0.242828 0 
0.157324 0.308719 1.36998e-19 
0.309923 0.586471 1.1226e-18 
0.307687 0.549071 -6.64578e-19 
0.156963 0.28213 1.29866e-18 
0.278896 0.718715 2.18276e-18 
0.148496 0.381358 3.93881e-19 
0.636224 0.213143 1.53757e-18 
0.626138 0.253664 3.99348e-19 
0.316676 0.115064 7.49328e-19 
1.92057 0.714224 -5.99824e-19 
1.16731 0.335939 -7.02033e-19 
-0.0352509 1.70882 4.64386e-19 
-0.0115574 0.9279 0 
1.60376 0.023926 0 
1.52181 0.0653586 0 
0.852875 0.0268477 0 
-0.00355883 1.38473 0 
0.00507418 0.729574 2.49546e-18 
0.00465034 0.731252 0 
0.00207078 0.415097 -2.4425e-18 
-0.0102752 1.38626 5.95739e-19 
-0.00947269 1.4225 0 
0.336766 0.488444 2.58012e-19 
0.36025 0.546709 -8.63178e-19 
0.171939 0.257963 7.81301e-19 
-0.0256709 0.767462 -1.6629e-18 
-0.02615 0.68973 0 
-0.0154341 0.412933 0 
0.0298374 1.54987 -1.27676e-20 
0.0310608 1.58166 -3.64496e-19 
0.017738 0.823343 -1.55861e-20 
0.213957 1.04633 8.90726e-19 
0.119939 0.509978 -5.92732e-19 
0.0119594 1.48952 7.31217e-19 
0.0561193 1.35492 -8.16139e-19 
0.0269513 0.762691 3.53594e-20 
0.00751252 1.36614 -3.80813e-18 
-0.000215713 1.39326 4.41004e-18 
0.00377327 0.829776 1.73316e-18 
-0.0138294 0.805094 -1.72565e-18 
-0.00430919 0.481399 -1.7388e-18 
-0.0106513 1.41685 -4.50042e-18 
-0.0152181 1.40032 4.58963e-18 
0.286748 0.675635 0 
0.300131 0.63533 -2.2887e-18 
0.15212 0.332072 9.90793e-19 
0.281722 0.797191 1.18579e-18 
0.139062 0.428168 -1.82965e-18 
2.05658 0.322447 4.15871e-19 
2.05099 0.547471 0 
1.21837 0.220894 -4.01837e-19 
-0.0742045 1.63966 -4.80108e-21 
-0.0144468 1.69566 0 
-0.0158629 0.924658 0 
0.227578 0.946297 -3.23008e-19 
0.24871 0.867997 -7.0738e-19 
0.129065 0.464049 1.32564e-18 
3.16442 -0.442873 0 
3.34728 -0.414686 1.81286e-18 
0.0592277 3.48983 0 
0.0470762 2.81382 0 
3.15925 0.249914 1.41919e-20 
3.12355 0.506295 3.71224e-18 
0.0208104 3.42616 -2.74926e-20 
0.00822364 2.6588 0 
-0.0416354 1.19605 1.55527e-18 
0.190236 1.31666 0 
3.47163 1.62431 -3.24813e-19 
3.17427 0.272571 -2.96099e-20 
3.14838 -0.1187 0 
3.10047 -0.000405005 3.73024e-22 
0.0437202 2.5833 0 
0.158231 3.30979 0 
-0.0555671 2.52957 0 
-0.0241167 3.49556 3.15751e-19 
-0.0264911 3.5739 1.9924e-19 
2.63352 0.0488111 -1.36486e-20 
3.04744 0.0311292 0 
3.1578 0.0867995 0 
-0.0562268 4.6175 0 
-0.0473211 3.08174 0 
-0.0734871 2.93717 0 
0.65158 3.09914 2.66036e-19 
3.33884 -0.42246 0 
3.0114 -0.345811 0 
3.1699 -0.053038 2.27728e-18 
3.2927 -0.328701 -2.74209e-18 
3.1038 -0.125777 0 
-0.0620814 4.51701 0 
0.0125738 3.93955 0 
0.00377835 4.26923 0 
-0.0286054 3.09831 0 
-0.0147615 2.85596 0 
-0.0316332 2.42836 0 
2.9742 -0.0031774 0 
2.85045 0.0486216 -1.80501e-20 
2.24518 3.04626 -3.21902e-19 
3.15695 0.0444541 -2.27835e-18 
3.19037 0.278179 2.76944e-18 
3.0828 0.117337 0 
3.3954 0.328923 2.08737e-18 
3.35695 0.484365 -2.70664e-18 
3.07111 0.418428 0 
-0.0566441 3.34443 0 
0.00386067 3.27194 8.52772e-20 
-0.0312607 2.57197 -6.04201e-20 
3.70749 0.555107 2.26567e-18 
3.47076 0.208405 0 
-0.151951 1.27126 -2.1663e-18 
-0.0623929 0.882157 -1.35058e-19 
-0.0847658 1.33675 2.98613e-18 
-0.0351949 1.27047 -8.99772e-19 
-0.000455359 1.08845 0 
-0.0266664 1.23955 6.94973e-19 
-0.115042 1.38786 2.14692e-18 
-0.0590408 1.34056 -1.31436e-18 
-0.0767421 1.32063 0 
1.28973 0.597379 0 
1.17777 0.682623 0 
3.55584 2.02856 9.53735e-19 
3.04859 1.93484 -1.19087e-18 
3.8372 1.7059 0 
3.38334 1.15636 0 
3.34935 0.280492 -3.91696e-18 
2.89884 0.173118 4.83995e-18 
3.35144 -0.155483 0 
2.85478 -0.0761389 0 
3.43642 0.0430225 0 
3.59381 0.145053 0 
3.28683 0.119873 0 
3.55033 0.298578 0 
3.40841 0.293057 0 
3.32755 0.218072 0 
0.0972393 2.78441 0 
0.0344376 2.07396 0 
0.126253 3.04486 0 
0.0923222 2.19989 0 
0.215592 3.60235 0 
0.140655 2.68181 -5.58981e-19 
0.0535824 3.6192 0 
0.0116306 3.02367 4.05842e-19 
-0.0249327 3.21154 -5.17101e-19 
-0.0601525 2.79457 0 
-0.0233863 2.19816 0 
-0.0729607 2.90116 0 
-0.0558522 2.04513 0 
-0.108905 4.75163 -2.45454e-19 
-0.0811939 3.94542 2.77169e-19 
-0.0756924 3.80803 3.08976e-19 
-0.0533033 3.02249 0 
-0.106149 3.80699 -4.58613e-19 
-0.038192 3.21826 -2.94969e-19 
-0.0833595 4.78391 1.92524e-19 
-0.0960474 4.46845 -3.50336e-19 
-0.0706595 4.33903 -3.78811e-19 
3.03142 0.0883587 3.35872e-18 
2.28966 0.0321743 -4.22992e-18 
2.89142 0.132818 -3.32764e-18 
2.20969 0.073477 4.15642e-18 
3.36853 0.0276977 0 
2.64301 -0.00265925 0 
3.45407 0.0913064 0 
3.32018 0.0192595 0 
2.70656 0.00920964 0 
3.68016 0.239539 0 
3.43871 0.0959419 0 
2.8635 0.0564805 0 
-0.0256988 4.33048 -1.20458e-20 
-0.0592345 4.65242 0 
-0.0646511 4.54569 0 
-0.0769094 3.50341 8.77573e-20 
-0.0381818 2.77781 -3.46541e-21 
-0.0840478 4.66962 1.13472e-19 
-0.097951 4.45951 -1.14668e-19 
-0.0808707 3.95746 0 
-0.0589544 3.87893 0 
-0.0230884 3.99595 0 
-0.0730071 3.25737 0 
-0.0432455 2.30183 0 
0.947938 3.65521 -6.09224e-19 
0.919699 2.84774 -1.76522e-19 
0.431505 2.05698 -2.28357e-19 
0.25318 2.30479 6.97536e-19 
1.0258 4.20351 2.63831e-19 
3.43308 -0.167426 0 
3.32213 -0.256548 0 
2.88327 -0.189516 0 
3.47032 -0.0643493 0 
3.34581 -0.147866 0 
3.44893 -0.261025 0 
3.5195 -0.283603 0 
3.57949 -0.281132 0 
3.22415 0.0933787 3.61901e-18 
2.55521 0.0645144 -4.57619e-18 
3.09652 0.106568 -3.56247e-18 
2.50913 0.0566685 4.43271e-18 
2.23912 3.41388 0 
1.73787 2.94435 -4.4595e-19 
2.56632 3.34679 -4.03389e-19 
2.36772 2.52718 5.36131e-19 
0.775174 1.21394 2.7228e-18 
1.44696 0.216486 1.34321e-18 
3.72236 0.304126 0 
3.89289 0.572621 -1.84612e-18 
3.29868 0.243862 -8.23437e-20 
3.721 0.440031 0 
0.236905 1.31247 1.79637e-18 
-0.0165154 1.20204 -2.87678e-18 
0.0589416 0.769999 1.61478e-18 
0.276122 0.464992 -7.47956e-19 
0.187417 1.38399 8.71133e-19 
0.0507318 1.23726 0 
0.0578008 1.0863 -1.13246e-18 
0.191938 1.44314 -4.09277e-18 
0.329328 1.55723 0 
0.00867058 1.2902 1.19602e-19 
-0.00971984 1.45729 -1.3404e-18 
-0.0410172 1.30282 1.94866e-18 
-0.0574483 1.41766 0 
-0.0204799 1.38227 0 
0.681545 1.05051 0 
2.45825 2.45581 -1.06628e-18 
2.64254 2.17206 3.95319e-19 
2.7916 2.88082 0 
3.21279 3.0661 -3.94571e-19 
3.16507 2.41051 2.84484e-20 
0.804043 0.589597 -1.82261e-18 
1.55632 0.691593 -1.62223e-20 
1.2332 0.45109 8.72182e-19 
1.27552 0.843896 5.95101e-20 
0.939155 0.634038 -2.3697e-18 
1.46468 0.714321 0 
1.99055 1.09995 1.45601e-18 
2.03266 1.01588 0 
1.41229 0.790892 0 
1.06226 0.549809 0 
3.37622 2.18003 1.00846e-18 
3.94724 0.760645 -1.86343e-18 
3.84745 1.21568 0 
3.53322 0.757515 0 
1.39162 0.364809 1.33252e-18 
3.25882 1.84227 -8.51524e-19 
2.83529 1.65456 1.54686e-18 
3.75567 1.37689 -1.83586e-18 
3.09795 0.114754 2.46399e-18 
3.16857 0.180813 -2.57895e-18 
2.66184 0.09164 0 
3.30729 -0.0395058 0 
3.2014 -0.0842619 -2.36653e-18 
2.63242 -0.0321126 2.34568e-18 
3.9563 0.0931872 0 
3.7597 0.14564 0 
3.69369 0.155368 0 
3.5883 0.204743 0 
3.83261 0.0590241 0 
3.72611 0.0522472 0 
-0.0404373 2.5071 0 
-0.0378904 2.00727 0 
0.35683 3.98265 -4.11008e-19 
0.661955 3.32727 -1.60109e-19 
0.258965 3.02131 -3.58159e-19 
0.343104 2.54242 5.73725e-19 
0.457885 4.00912 0 
0.470785 4.67073 -5.09787e-19 
0.384446 4.72875 0 
0.913324 4.37818 -3.79522e-19 
0.675646 3.82061 9.69101e-19 
0.598417 4.65096 4.46813e-19 
0.740887 4.1965 -1.87477e-19 
0.602654 4.32165 1.50832e-19 
0.917455 4.6551 -6.63655e-19 
0.750294 4.66175 0 
0.860261 4.58888 5.04517e-19 
0.00623586 4.57667 -1.81111e-19 
-0.0191937 3.65457 0 
0.101238 4.2928 5.49545e-19 
-0.00324296 4.3961 0 
-0.00392142 3.46677 -4.51291e-19 
-0.015508 2.9204 0 
-0.101925 4.30457 -2.88955e-19 
-0.107849 4.6807 0 
-0.0539451 3.8009 0 
-0.0411496 3.72255 3.25001e-19 
-0.048323 3.8941 1.03729e-20 
-0.0357936 3.71626 6.25948e-19 
-0.0418067 2.95627 4.06823e-21 
-0.116544 4.71103 1.80081e-19 
-0.105475 4.74235 1.03154e-19 
-0.0176341 2.62106 0 
0.000648887 2.13415 0 
-0.0428066 4.78984 4.85885e-19 
-0.0493342 4.30454 4.23348e-19 
-0.0844259 4.58262 -5.5351e-19 
0.0156699 4.75717 0 
-0.0815896 4.53405 -3.09002e-19 
-0.120298 4.16744 1.277e-19 
-0.0873411 4.24933 -4.12982e-20 
-0.0731285 4.72962 -2.18763e-19 
-0.0878777 4.27145 -6.8515e-20 
-0.0859526 4.21696 3.06589e-19 
2.87146 0.0610122 -2.36361e-18 
2.85893 0.0496897 2.27308e-18 
2.33864 0.0345504 0 
3.51022 0.191977 3.0466e-18 
2.70381 0.126521 -3.30485e-18 
2.25463 0.0644689 3.60968e-18 
3.68263 0.335257 -4.01652e-19 
3.20987 -0.0485318 0 
3.17209 -0.0135649 2.23708e-18 
2.69088 -0.0123817 -2.21944e-18 
3.87869 0.122187 -1.25243e-19 
3.77171 0.101816 1.07837e-18 
4.15972 0.173413 0 
4.22844 0.181071 -3.75144e-19 
4.01374 0.145184 0 
3.69496 0.155369 0 
4.0323 0.0950663 0 
3.71181 0.0873149 0 
4.18472 0.113836 7.85524e-19 
4.13721 0.0790986 -1.74796e-18 
4.14064 0.11384 -8.48038e-19 
4.18638 0.116479 -9.24517e-19 
4.21565 0.228924 1.77413e-18 
3.85467 0.18857 0 
4.06118 0.301796 0 
-0.0757968 4.57914 -1.35782e-19 
-0.0359327 4.64294 -1.16831e-20 
-0.0691763 4.66017 0 
-0.0578823 4.19465 1.3817e-19 
-0.0563451 4.22089 2.25475e-20 
-0.0606747 4.08851 -2.18599e-20 
-0.081498 3.52964 2.61088e-19 
-0.145655 4.0075 -1.45167e-20 
-0.104557 4.13578 7.47346e-20 
-0.0755028 3.40365 -1.32308e-19 
-0.0254173 2.92689 1.58446e-19 
-0.0789237 4.42911 5.19117e-21 
-0.0920669 4.64238 1.72158e-19 
1.24397 4.3552 3.47575e-19 
1.16052 4.52605 7.25802e-19 
1.73559 3.46209 4.31225e-19 
1.30744 3.55485 1.69691e-19 
1.28456 2.88477 0 
0.549991 2.32317 2.75043e-19 
0.464591 1.74476 3.3091e-19 
0.346222 2.57326 1.51517e-20 
0.49379 3.18008 -1.16156e-18 
0.634058 3.13813 8.76963e-19 
0.434111 2.40942 0 
0.294562 1.9765 -5.57672e-19 
0.260705 3.08482 1.39567e-18 
0.274184 2.72572 -3.14473e-20 
0.158494 2.28223 -1.74935e-18 
0.592285 1.41279 1.46395e-18 
0.577452 1.61928 0 
3.58364 -0.0751536 8.6436e-20 
3.61861 -0.254105 -7.25989e-20 
3.72135 -0.217717 -1.26659e-18 
3.75927 -0.126025 1.28247e-18 
3.67616 -0.0488614 0 
2.44662 3.86945 0 
2.61865 3.91338 0 
2.88989 3.624 0 
2.73712 3.64176 0 
0.854994 1.3955 -3.3347e-21 
0.612044 1.03991 0 
1.71159 3.38685 1.50231e-20 
1.42349 3.46629 0 
1.3288 2.95371 -1.28411e-18 
1.40932 2.89588 8.24652e-19 
1.79153 0.310419 0 
1.43067 0.262042 3.52081e-19 
2.41192 0.358823 2.19186e-18 
1.7863 0.284836 -7.8546e-19 
1.42648 0.112198 -2.49507e-18 
4.26627 0.789839 -2.56556e-18 
3.85235 0.995014 -3.67144e-20 
3.29742 0.844534 2.06789e-18 
3.8761 0.74531 1.81333e-18 
3.12338 0.465635 -3.04513e-18 
2.91055 0.452127 3.75e-19 
3.19292 0.682281 -8.18745e-19 
2.97648 0.683337 0 
3.75895 0.56387 1.53769e-18 
4.09585 0.629226 0 
4.09139 0.776259 0 
4.04563 0.415777 8.23705e-19 
4.29661 0.642382 -3.02518e-20 
4.24927 0.715639 -4.52893e-19 
4.1764 0.643031 0 
3.61576 0.130367 1.71823e-18 
4.19001 0.183513 2.14426e-18 
4.09073 0.151595 -1.67946e-18 
4.13657 0.240781 -1.44289e-18 
3.74583 0.238143 -2.15643e-18 
3.30314 0.375921 0 
3.4036 0.302343 0 
2.5583 0.190629 -1.26609e-18 
2.10866 0.119104 4.76782e-19 
4.03731 0.35253 1.94039e-18 
4.28769 0.432688 -2.34658e-18 
4.28494 0.48931 2.06898e-18 
4.15723 0.493363 0 
4.2566 0.337157 0 
4.26646 0.322318 -9.81922e-19 
4.21431 0.316052 -1.59656e-18 
2.22892 3.48841 6.20484e-19 
1.93982 3.23266 -6.83446e-19 
1.44726 2.35708 -1.0321e-18 
1.18745 1.99748 2.66896e-19 
0.884583 1.37918 -2.62931e-18 
0.79428 1.21623 9.22318e-19 
0.601228 0.90456 -1.95926e-21 
1.11555 1.78588 -1.13809e-18 
1.14298 1.88316 1.69895e-18 
0.975138 1.70105 5.0617e-19 
0.786504 1.28937 -5.12787e-19 
0.635803 1.07496 0 
2.44725 2.60756 -1.15442e-19 
0.705772 1.14452 8.57392e-19 
0.928311 0.89016 1.15637e-18 
0.755763 0.81395 1.33799e-18 
1.0836 0.746837 1.34133e-18 
1.46768 1.04478 -2.27057e-18 
1.38371 1.07172 1.83967e-18 
1.00231 0.765884 -6.76858e-19 
0.817394 0.568252 1.49486e-18 
1.61588 0.490842 -7.78155e-19 
1.55939 0.508443 0 
1.23984 0.407421 4.61025e-21 
2.51025 1.51621 7.7563e-19 
2.08074 1.27052 -2.80886e-18 
1.68752 1.18487 9.10419e-21 
1.6615 1.09272 0 
2.86348 2.59539 8.73824e-19 
3.44722 2.75224 1.03744e-18 
3.25641 2.93041 -1.19593e-18 
3.55436 2.76263 -4.28387e-19 
3.48397 2.60234 -1.34901e-19 
3.51232 2.79396 1.38796e-19 
3.67489 2.26653 -1.67943e-18 
3.70522 2.49156 4.00778e-19 
3.78349 2.43495 0 
3.78415 2.19073 -5.79733e-19 
4.04915 1.07311 5.80576e-19 
4.27586 0.992858 1.00221e-18 
4.30037 0.966565 1.0117e-18 
4.05522 1.32903 -1.14966e-18 
4.10274 1.3493 0 
4.15232 1.23326 0 
3.32834 1.23567 -1.5595e-20 
2.41827 0.666547 0 
2.7224 0.744058 9.30696e-19 
3.23879 0.885859 -2.64464e-20 
3.77336 1.53446 5.10756e-18 
3.57044 1.76173 1.31115e-18 
3.48161 1.54039 -1.34071e-18 
3.03818 1.36983 1.43748e-18 
2.76154 1.3698 8.23816e-19 
2.30739 1.15612 -7.97849e-19 
3.6722 -0.0855527 1.98468e-18 
3.8947 -0.0289428 0 
3.85894 -0.0665587 1.3421e-18 
3.74291 -0.0594179 -2.98783e-18 
3.98056 0.0373634 1.46201e-18 
3.90445 0.113413 -3.08302e-18 
3.73986 0.128022 0 
3.55626 0.173462 -6.28562e-19 
3.81198 0.122973 1.60531e-18 
3.69196 0.191377 -8.22578e-19 
3.6003 0.171071 5.9073e-19 
-0.0807434 2.58646 0 
-0.047771 3.39253 0 
-0.0321618 2.45701 0 
-0.0217942 1.96682 0 
0.0459121 3.93502 6.7024e-19 
0.139994 3.71575 -1.72874e-19 
0.317621 4.64126 -2.29615e-19 
0.252956 4.45549 2.42488e-19 
-0.025858 4.28947 -4.97184e-19 
0.01141 4.32162 3.73359e-19 
0.0953417 3.8633 2.22938e-20 
0.00933442 3.55033 -4.66866e-19 
-0.0129458 3.3026 -6.22261e-20 
-0.0400479 3.66531 -5.66934e-20 
0.153464 4.48001 -5.86905e-19 
0.178909 4.29463 0 
0.276213 4.63809 2.96417e-19 
0.269066 4.71015 2.53014e-19 
0.59731 4.44756 -2.25991e-19 
0.409903 3.78823 0 
0.459076 3.63512 -1.11541e-18 
0.562472 4.00393 7.90341e-19 
0.481568 4.56465 -6.14859e-19 
0.371607 4.43753 3.30786e-19 
0.300955 4.16193 0 
-0.0359443 4.76381 -5.52881e-19 
-0.0755717 4.53256 -6.41407e-19 
-0.0768749 4.74318 0 
-0.0296439 4.36599 -6.25659e-21 
-0.0195276 4.64588 2.74115e-19 
-0.119988 3.87801 4.46765e-20 
-0.0566973 3.48349 -6.53306e-19 
-0.097166 3.92198 1.74162e-19 
-0.13735 4.51475 2.32077e-19 
-0.0774608 4.32429 0 
-0.0616424 3.88365 0 
-0.0832209 2.89857 2.00805e-19 
-0.0492485 3.63048 -6.26539e-20 
-0.0743919 3.61747 0 
-0.0890528 2.68649 1.58106e-19 
-0.0469483 2.19402 -3.06345e-19 
3.76101 0.032324 0 
3.73188 0.00772525 -2.03284e-19 
4.17949 0.0679275 -1.44e-18 
4.08909 0.0462782 0 
3.8763 0.0177922 0 
4.14973 0.0370341 -1.25231e-20 
4.1003 0.0349316 2.37901e-18 
4.00011 0.0801891 2.84577e-18 
3.75588 0.11865 0 
3.55805 0.110038 0 
4.01334 0.093929 1.41753e-18 
3.70328 0.116114 0 
3.47214 0.128859 0 
-0.0845758 4.69989 0 
-0.110635 4.66767 1.06665e-20 
-0.0809764 4.71946 6.30032e-20 
-0.0632178 3.83154 0 
-0.115888 4.53581 1.11197e-19 
-0.0715181 4.24145 -6.33528e-20 
-0.0570419 3.93013 0 
1.41323 4.18848 0 
1.21069 4.57914 -1.29788e-18 
1.2264 4.48864 0 
1.57536 4.48526 1.4845e-18 
1.5932 4.11654 0 
1.50197 4.36837 -6.06603e-19 
1.01299 2.24507 -3.39614e-20 
0.710273 1.64738 -1.74541e-18 
0.591462 1.22887 2.12949e-18 
0.710073 1.83769 3.97011e-19 
0.976887 2.4275 0 
1.03823 2.38235 0 
0.719528 1.68957 0 
0.533182 1.33197 -1.39594e-18 
1.21194 3.77857 -9.83714e-19 
1.13108 2.99288 -2.35578e-19 
1.32959 3.4086 1.92663e-19 
0.60062 2.04455 0 
0.621483 1.94576 0 
0.463193 1.57382 -3.92971e-19 
0.959666 2.72446 0 
2.68845 3.57078 0 
2.38306 3.0094 -1.4547e-18 
2.54757 3.02751 -8.58801e-20 
2.4217 3.40502 0 
2.28768 3.15054 2.22131e-18 
3.27873 3.08626 -3.89726e-19 
3.13422 3.3237 0 
3.11658 3.15 6.30493e-19 
2.87125 3.41228 0 
2.88315 3.20076 0 
1.21057 2.00798 -9.3067e-19 
1.4156 2.40514 -6.99664e-19 
1.75562 2.98374 1.20615e-18 
1.69789 2.96195 -3.62319e-19 
1.06358 1.82381 0 
1.20828 2.21046 4.7122e-19 
0.719137 1.2898 -7.15433e-19 
0.582194 1.04439 -5.74837e-22 
1.93988 3.69769 0 
2.20141 3.74383 -5.42621e-19 
2.34016 3.98641 0 
2.28447 0.529019 0 
1.61764 0.341941 0 
1.20926 0.276624 0 
2.20956 0.554292 -1.46531e-18 
1.63563 0.402248 8.17286e-19 
2.14582 0.129113 -9.85191e-19 
2.62685 0.297509 0 
2.46592 0.301634 4.135e-19 
1.77008 0.135716 1.63304e-18 
1.53042 0.0812682 -1.03707e-18 
0.746038 1.55658 8.58204e-19 
0.960528 1.82123 0 
0.537984 1.44058 1.56118e-18 
0.524267 1.61527 -1.4255e-18 
0.757802 1.81505 -9.88547e-19 
2.07504 2.46361 1.33789e-18 
2.09855 2.71318 0 
1.58468 1.67891 -2.76388e-19 
2.01107 1.99028 1.74526e-18 
1.36075 1.29322 -4.23637e-19 
1.58961 1.31405 4.50755e-19 
2.11069 1.51373 1.02329e-18 
2.44389 1.6714 0 
2.27731 1.85672 0 
2.01106 1.60665 0 
3.95689 2.07918 3.8455e-19 
3.76031 1.88946 -1.26358e-18 
3.81775 2.02764 1.04676e-18 
3.90141 1.77105 -1.00834e-18 
4.1578 1.67338 0 
4.1168 1.84046 -2.97853e-19 
2.84126 1.16341 -1.8974e-18 
2.97155 1.16346 -2.4131e-18 
2.33272 1.04372 1.45651e-18 
2.13893 0.934598 -1.41993e-18 
2.46413 0.846249 -1.17818e-18 
2.17917 0.777075 1.44891e-18 
4.00845 0.0334616 -1.52893e-18 
4.05275 0.0406724 3.13028e-18 
3.76796 -0.0658934 1.90095e-18 
3.79118 -0.073785 -2.28683e-18 
3.95954 0.010552 0 
4.05603 0.0228557 -3.7299e-18 
0.0958829 4.76199 1.0658e-19 
0.0667392 4.73095 0 
0.18955 4.73204 9.53016e-19 
0.211093 4.74904 -8.67015e-19 
0.230942 4.71601 4.28208e-19 
0.121784 4.65535 0 
-0.104382 4.77151 0 
-0.110101 4.40281 -6.18505e-20 
-0.109182 4.33208 5.54382e-20 
-0.117979 4.48173 7.20155e-21 
-0.108651 4.72171 -1.01124e-19 
-0.0855037 4.70953 5.50527e-20 
1.87806 4.0109 -1.64321e-18 
1.81895 4.01786 1.74023e-18 
1.68543 4.40526 -8.54162e-19 
1.69543 4.27862 7.61339e-20 
2.25323 4.08443 0 
1.85476 4.21687 -6.35731e-19 
1.98172 3.95644 6.16573e-19 
1.8249 4.37841 8.34357e-19 
2.07787 4.21848 0 
2.22953 4.09923 0 
1.14134 3.63509 1.49541e-18 
0.828807 2.81603 2.02432e-18 
0.956648 2.99422 -1.39027e-18 
0.748779 2.97662 -2.3204e-19 
0.905254 3.73595 4.6652e-19 
0.724626 3.36901 -1.13458e-18 
0.746706 1.46723 -1.21523e-18 
0.747025 1.31815 0 
0.603213 1.11555 -1.33569e-18 
1.11226 2.06594 0 
1.08931 2.15296 0 
1.35974 2.19166 -1.09076e-18 
1.06527 2.01501 -1.03617e-18 
1.01762 2.0358 1.09886e-18 
1.03196 1.51971 0 
1.41143 1.76251 -6.01309e-19 
1.62856 2.11991 -8.55524e-19 
1.41198 2.08338 0 
0.868507 1.81891 7.12578e-19 
0.780374 1.67988 0 
2.90735 2.28919 -1.84709e-18 
3.31975 2.47047 2.60931e-18 
3.27854 2.19302 -2.59342e-18 
2.61154 2.0213 -2.31189e-19 
2.72604 1.9406 -9.74199e-19 
1.26291 2.19073 7.96291e-19 
1.31715 2.24572 -1.36011e-18 
1.45533 2.33052 1.79302e-18 
1.79183 2.56062 -1.16538e-18 
1.89077 2.93378 -1.56736e-18 
1.56457 2.48991 -1.18811e-19 
1.63448 2.62968 1.37146e-18 
1.81166 2.6943 9.663e-20 
2.01976 3.00006 6.5008e-19 
))
(300 (2 10 3 0 0 919 1018)(
0 0 0 
0 0 0 
0 0 0 
0 0 0 
0 0 0 
0 0 0 
0 0 0 
0 0 0 
0 0 0 
0 0 0 
0 0 0 
0 0 0 
0 0 0 
0 0 0 
0 0 0 
0 0 0 
0 0 0 
0 0 0 
0 0 0 
0 0 0 
0 0 0 
0 0 0 
0 0 0 
0 0 0 
0 0 0 
0 0 0 
0 0 0 
0 0 0 
0 0 0 
0 0 0 
0 0 0 
0 0 0 
0 0 0 
0 0 0 
0 0 0 
0 0 0 
0 0 0 
0 0 0 
0 0 0 
0 0 0 
0 0 0 
0 0 0 
0 0 0 
0 0 0 
0 0 0 
0 0 0 
0 0 0 
0 0 0 
0 0 0 
0 0 0 
0 0 0 
0 0 0 
0 0 0 
0 0 0 
0 0 0 
0 0 0 
0 0 0 
0 0 0 
0 0 0 
0 0 0 
0 0 0 
0 0 0 
0 0 0 
0 0 0 
0 0 0 
0 0 0 
0 0 0 
0 0 0 
0 0 0 
0 0 0 
0 0 0 
0 0 0 
0 0 0 
0 0 0 
0 0 0 
0 0 0 
0 0 0 
0 0 0 
0 0 0 
0 0 0 
0 0 0 
0 0 0 
0 0 0 
0 0 0 
0 0 0 
0 0 0 
0 0 0 
0 0 0 
0 0 0 
0 0 0 
0 0 0 
0 0 0 
0 0 0 
0 0 0 
0 0 0 
0 0 0 
0 0 0 
0 0 0 
0 0 0 
0 0 0 
))
(300 (2 11 3 0 0 1019 1026)(
3 0 0 
3 0 0 
3 0 0 
3 0 0 
3 0 0 
3 0 0 
3 0 0 
3 0 0 
))
(300 (2 12 3 0 0 1027 1030)(
0 1 0 
0 1 0 
0 1 0 
0 1 0 
))
(300 (2 13 3 0 0 1031 1038)(
0.171914 1.0591 0 
-0.0599202 1.26508 -1.21752e-19 
0.0730535 2.89291 0 
-0.0402192 3.15612 0 
-0.0732667 4.68965 0 
0.0392328 4.03211 0 
-0.0236973 4.56853 0 
-0.0561857 4.17378 0 
))
(300 (2 14 3 0 0 1039 1072)(
0 0 0 
0 0 0 
0 0 0 
0 0 0 
0 0 0 
0 0 0 
0 0 0 
0 0 0 
0 0 0 
0 0 0 
0 0 0 
0 0 0 
0 0 0 
0 0 0 
0 0 0 
0 0 0 
0 0 0 
0 0 0 
0 0 0 
0 0 0 
0 0 0 
0 0 0 
0 0 0 
0 0 0 
0 0 0 
0 0 0 
0 0 0 
0 0 0 
0 0 0 
0 0 0 
0 0 0 
0 0 0 
0 0 0 
0 0 0 
))
(300 (2 15 3 0 0 1073 1072)(
))
