(0 "FOAM to Fluent data File")

(33 (918 3444 1074))
(300 (1 1 1 0 0 1 918)(
23.4696
23.5767
0.953786
22.887
1.01633
23.0932
3.27372
13.7856
19.2429
2.93445
2.62432
14.409
20.6361
16.8776
12.9938
0.925018
14.0525
2.24779
18.4605
1.39802
12.9929
20.4483
21.5371
19.2846
14.1217
14.3727
18.5985
1.14523
0.108083
0.255285
0.978995
0.410453
0.147578
21.6301
22.3067
22.2451
15.4955
10.4033
3.59877
3.80326
2.98419
2.80729
13.8282
13.9282
5.86796
13.7645
13.7602
16.6444
19.1109
19.2545
19.5477
19.3368
19.7231
5.97507
2.78577
2.60606
2.87616
2.95037
2.98315
2.69672
2.67842
2.4819
2.33592
13.8883
14.482
14.5372
14.2684
14.216
22.4528
21.6958
22.0306
21.1369
21.2823
20.2123
19.8267
17.2532
17.6057
16.4795
16.0986
12.7841
12.7453
13.2137
13.4635
0.145368
1.07602
1.22338
14.0595
14.096
14.096
14.1105
8.28434
2.18959
2.19246
17.9009
17.4774
20.4823
20.7495
20.1965
20.011
1.52987
1.52557
1.15083
1.18123
0.950387
13.3342
13.4883
19.236
18.4029
14.1553
14.0553
14.1303
11.5005
13.9107
13.984
15.3223
15.7778
14.9671
15.4035
18.1685
17.7505
19.035
19.4723
0.393144
0.154716
0.687567
0.318214
0.516716
15.3638
15.1584
15.6114
15.6622
15.8934
10.4082
10.3387
10.3822
10.3021
4.15049
4.46507
2.25665
2.57127
2.42219
9.86702
13.9445
13.9912
4.81197
5.51626
5.17962
6.35063
6.725
16.0101
16.4467
16.1854
17.7317
16.9366
17.2848
19.8139
19.3031
19.6036
6.36984
6.60423
5.60928
5.25048
2.23962
2.48882
2.43106
2.98158
2.95946
3.21809
3.34655
2.6987
2.55542
2.89275
2.77598
2.82816
2.1653
2.03552
13.6124
13.3984
14.1513
14.3299
15.0971
14.9488
14.6554
14.8242
19.0218
19.4252
19.4587
19.0745
11.5458
10.1562
13.718
13.9935
0.302089
0.264594
0.13827
0.38099
0.400544
0.142381
2.01578
1.82731
1.40575
1.6812
14.0571
14.0168
8.52493
8.74453
8.12088
7.86466
16.315
16.4653
17.0994
16.6992
1.96203
1.67587
1.80569
13.6514
13.5238
13.6307
10.9355
10.369
11.9782
12.248
13.9921
14.0359
14.0318
15.6819
16.0004
19.8231
20.0938
19.9206
20.3064
21.3692
21.0205
20.6357
14.5396
14.948
14.7864
16.1287
15.7623
15.9818
15.1897
15.4944
15.3523
10.3704
10.4167
10.1205
10.1983
10.2469
10.1939
9.80428
9.67733
14.0778
14.0329
14.057
7.25304
7.75107
4.87011
4.54125
12.5442
13.2175
12.893
18.6515
17.9739
18.7068
18.336
17.886
18.2095
10.4275
10.3891
10.4224
14.9179
14.2557
14.6076
2.44122
2.07691
2.23986
8.9405
9.03382
6.9724
7.58913
7.25216
16.302
16.6424
17.3225
16.4343
16.9019
17.4092
17.1873
9.94025
10.073
9.9899
9.66084
9.55441
9.73573
8.3363
8.9496
3.61315
4.26998
3.96572
9.20178
9.43164
9.27892
18.6306
19.1654
0.765778
1.15306
19.5955
19.3192
0.139606
0.242405
14.2542
12.5518
7.26331
17.1978
16.6304
18.9703
3.19301
6.10322
2.80897
3.38099
2.68671
14.6161
14.25
13.3411
0.452932
1.25693
1.70868
2.8976
18.411
17.7359
18.852
19.1721
19.2265
0.687549
0.912645
0.584046
1.24175
1.03064
1.2755
15.5515
15.6496
4.32468
18.859
19.1633
19.181
17.6578
18.6104
17.6679
0.935866
0.642918
0.707738
10.0812
12.1221
14.2144
13.767
13.964
13.9862
13.737
14.8703
14.5399
14.5048
14.9896
13.967
13.8217
7.73504
6.38402
8.06952
7.70986
17.0992
16.6871
16.494
16.2397
18.0854
17.6115
18.4619
17.8503
18.3121
18.599
2.94342
3.13317
3.01271
2.52149
6.14383
6.60719
5.48869
5.63463
4.26006
2.42764
2.52642
2.75294
2.58375
2.9315
2.67912
2.94323
2.57958
2.32403
2.32185
2.93107
2.73874
2.60455
14.5945
14.5329
14.3338
14.3718
14.3543
14.47
13.5356
13.9403
13.5681
12.3992
12.9804
12.5076
0.826043
0.663495
0.525019
1.32437
1.35156
1.11065
0.834366
1.17341
1.20166
0.813696
1.545
1.44468
3.15673
2.64539
8.84161
7.96951
6.9015
16.801
17.6029
16.7725
18.0133
18.4302
18.5356
18.156
17.6478
15.7303
15.7254
15.3856
15.339
4.77176
3.73278
4.9679
4.53698
10.4786
14.0659
11.8431
10.8044
11.1007
13.4247
13.9296
13.582
13.7189
13.294
12.8222
13.5141
13.0478
13.1491
12.9281
15.7186
16.1938
15.8002
15.2208
15.2407
10.5996
12.0161
5.46637
5.64032
7.24467
6.5386
13.5105
13.9334
13.9181
13.5566
13.7444
13.7455
13.6063
13.7804
13.8603
13.7549
11.825
10.1445
9.0458
9.03939
14.0773
12.3467
12.9309
12.4142
16.121
16.6374
16.2521
15.6466
16.1316
15.6034
15.6307
15.8439
17.202
16.9516
16.7214
17.1082
3.05463
3.00328
3.64728
3.13425
3.03717
2.82064
3.48425
4.75866
4.41634
6.71895
7.26934
4.58034
3.37314
3.79321
4.80811
5.54183
5.51186
3.96962
4.50177
4.93033
4.44098
5.22527
4.72967
2.71789
3.02478
2.86302
2.83664
3.38213
3.88075
3.37617
2.48033
2.59187
2.25583
2.11817
3.53598
2.99526
3.03193
3.67866
1.10725
1.32935
1.4415
2.41381
1.91328
1.97939
15.1831
14.8272
14.9608
14.24
14.3075
14.2486
13.873
15.2405
14.9625
15.0619
13.7104
13.7972
13.6104
13.9058
14.3218
14.621
15.4528
15.174
14.413
14.564
14.2149
14.1432
13.4652
12.9022
12.8417
1.11292
0.824823
0.984164
0.910854
0.606371
0.798566
2.1837
1.57318
1.97057
1.72726
1.96041
1.40303
1.30237
4.25369
5.06392
3.96482
3.36626
3.06366
8.89991
9.01146
8.16018
7.85779
8.19937
8.42837
8.37816
7.13576
7.5631
7.37609
9.9166
9.58104
17.5872
17.5313
17.2025
17.0436
17.2701
5.76284
7.66573
6.79976
7.91596
10.2074
10.5032
9.31152
8.70577
9.45725
9.53508
14.0475
14.1237
13.5646
14.0505
14.0789
11.8356
12.8829
13.4977
13.3122
13.832
13.9129
12.974
13.5627
13.478
12.7606
12.8136
12.1284
12.4669
11.995
11.7941
14.0566
13.9513
14.2211
13.7719
14.1512
13.7155
14.0308
14.0287
14.3093
13.4113
12.8326
12.8511
13.2773
12.9775
13.3234
13.4875
9.30901
9.94923
10.3881
10.9238
10.6312
10.4131
10.2804
10.5821
10.5589
10.8302
10.7496
10.6004
11.5612
13.4167
13.7017
13.8032
13.6002
13.6463
13.3389
13.6118
13.5411
13.9202
14.0081
14.0578
13.1385
13.2945
13.4894
13.3731
11.6757
10.0975
9.94971
9.50972
7.57744
8.04716
11.0259
9.90283
8.91812
8.99004
12.1691
10.8065
11.6199
12.043
10.6946
10.3066
12.9718
13.7599
13.9797
13.704
12.0608
12.1865
12.6362
13.0795
13.2688
13.7245
15.8608
16.4365
16.5143
16.2384
16.1004
16.2003
15.9504
16.0534
16.5275
16.6541
16.4853
2.87962
2.9933
2.92346
2.84878
3.08581
2.86122
3.95617
3.94687
3.15631
3.33675
3.35683
3.46233
2.93088
2.97403
4.82652
5.06226
5.33394
4.83249
6.17556
6.81737
7.39886
7.08385
5.78994
5.86957
6.18517
3.50711
3.53373
3.25193
3.70928
3.7619
2.61081
2.23835
2.04362
2.56386
2.6657
2.05037
1.76765
1.81672
2.33116
2.04993
1.80416
14.9756
14.7339
14.7552
14.5351
14.5897
14.9845
15.2053
15.0154
15.1538
15.2048
14.804
14.6929
14.864
1.81838
1.49379
1.62245
1.58027
1.64351
1.54944
1.73731
7.60653
6.41612
6.80358
5.97915
4.12137
4.6422
9.53985
9.96136
9.99982
9.71112
9.50097
9.86672
9.71753
9.71032
8.26397
9.33308
8.86872
9.26217
9.28344
9.35125
9.06564
9.0813
10.585
10.6186
9.48351
10.1232
9.33192
7.93272
8.09973
9.11336
10.087
10.4055
10.2505
9.98046
9.75184
10.1152
10.1698
10.2299
10.2192
8.75229
8.71212
8.31163
13.9693
13.8758
14.0223
14.0275
14.1544
13.9793
13.8164
14.0935
14.1478
13.9321
11.0783
11.1372
11.3831
12.1298
12.1818
12.0925
11.3372
13.1014
12.757
13.395
13.3418
13.4141
13.0043
12.8275
13.0979
10.0814
11.4543
10.9871
11.2504
10.0638
9.30743
13.224
13.2781
13.3435
13.6165
13.5745
14.1579
15.8307
15.7007
15.748
15.791
15.4027
15.4399
4.17556
3.82932
4.55062
4.5064
4.06474
3.76479
2.28661
1.96861
1.78061
1.65564
1.88928
1.95041
8.16288
8.19016
6.33436
7.35606
5.87696
4.93533
4.79086
5.95601
7.13728
7.1963
8.51414
9.19061
8.74964
8.57498
7.91906
8.2488
10.1171
10.2114
10.112
10.4309
9.96359
11.7131
11.2952
11.6442
13.2582
12.9678
12.3697
12.2563
12.2211
12.8142
11.9481
11.1798
11.8923
12.5478
12.506
11.1187
10.8737
11.3004
11.2844
10.1985
10.7187
10.4807
10.8332
10.5485
))
(300 (1 10 1 0 0 919 1018)(
23.4696
23.5767
0.953786
22.887
23.0932
3.27372
13.7856
2.93445
2.62432
14.409
20.6361
16.8776
12.9938
14.0525
2.24779
18.4605
1.39802
12.9929
19.2846
14.1217
14.3727
18.5985
1.14523
21.6301
15.4955
3.80326
2.80729
13.9282
5.86796
13.7602
16.6444
2.60606
2.95037
2.67842
2.33592
13.8883
14.5372
14.216
21.2823
19.8267
17.6057
16.0986
12.7453
13.4635
14.096
14.1105
2.19246
17.4774
20.011
1.52557
0.950387
13.4883
18.4029
14.1303
11.5005
13.984
15.3223
15.4035
17.7505
19.4723
15.1584
15.6114
15.8934
4.46507
2.42219
13.9912
5.17962
6.725
16.1854
17.2848
2.43106
2.95946
2.82816
2.03552
13.3984
14.3299
15.0971
14.8242
19.0745
13.9935
14.0168
16.315
16.6992
1.80569
13.6307
10.369
12.248
14.0318
16.0004
20.3064
14.7864
15.9818
15.3523
14.057
7.75107
12.893
18.336
14.6076
16.9019
8.9496
))
(300 (1 11 1 0 0 919 926)(
23.4696
22.887
19.2429
20.4483
19.2545
19.7231
20.4823
19.6036
))
(300 (1 12 1 0 0 919 922)(
23.5767
23.0932
22.2451
22.0306
))
(300 (1 13 1 0 0 919 926)(
0
0
0
0
0
0
0
0
))
(300 (1 14 1 0 0 919 952)(
1.01633
0.925018
0.147578
10.4033
5.97507
2.98315
1.22338
8.28434
0.516716
10.3387
10.3021
9.86702
6.60423
5.25048
3.34655
2.55542
10.1562
2.01578
1.6812
8.74453
7.86466
10.4167
10.1205
10.1939
9.67733
4.54125
10.4224
2.23986
9.03382
7.25216
9.9899
9.55441
3.96572
9.27892
))
(300 (1 15 1 0 0 919 2754)(
23.4696
23.4696
23.5767
23.5767
0.953786
0.953786
22.887
22.887
1.01633
1.01633
23.0932
23.0932
3.27372
3.27372
13.7856
13.7856
19.2429
19.2429
2.93445
2.93445
2.62432
2.62432
14.409
14.409
20.6361
20.6361
16.8776
16.8776
12.9938
12.9938
0.925018
0.925018
14.0525
14.0525
2.24779
2.24779
18.4605
18.4605
1.39802
1.39802
12.9929
12.9929
20.4483
20.4483
21.5371
21.5371
19.2846
19.2846
14.1217
14.1217
14.3727
14.3727
18.5985
18.5985
1.14523
1.14523
0.108083
0.108083
0.255285
0.255285
0.978995
0.978995
0.410453
0.410453
0.147578
0.147578
21.6301
21.6301
22.3067
22.3067
22.2451
22.2451
15.4955
15.4955
10.4033
10.4033
3.59877
3.59877
3.80326
3.80326
2.98419
2.98419
2.80729
2.80729
13.8282
13.8282
13.9282
13.9282
5.86796
5.86796
13.7645
13.7645
13.7602
13.7602
16.6444
16.6444
19.1109
19.1109
19.2545
19.2545
19.5477
19.5477
19.3368
19.3368
19.7231
19.7231
5.97507
5.97507
2.78577
2.78577
2.60606
2.60606
2.87616
2.87616
2.95037
2.95037
2.98315
2.98315
2.69672
2.69672
2.67842
2.67842
2.4819
2.4819
2.33592
2.33592
13.8883
13.8883
14.482
14.482
14.5372
14.5372
14.2684
14.2684
14.216
14.216
22.4528
22.4528
21.6958
21.6958
22.0306
22.0306
21.1369
21.1369
21.2823
21.2823
20.2123
20.2123
19.8267
19.8267
17.2532
17.2532
17.6057
17.6057
16.4795
16.4795
16.0986
16.0986
12.7841
12.7841
12.7453
12.7453
13.2137
13.2137
13.4635
13.4635
0.145368
0.145368
1.07602
1.07602
1.22338
1.22338
14.0595
14.0595
14.096
14.096
14.096
14.096
14.1105
14.1105
8.28434
8.28434
2.18959
2.18959
2.19246
2.19246
17.9009
17.9009
17.4774
17.4774
20.4823
20.4823
20.7495
20.7495
20.1965
20.1965
20.011
20.011
1.52987
1.52987
1.52557
1.52557
1.15083
1.15083
1.18123
1.18123
0.950387
0.950387
13.3342
13.3342
13.4883
13.4883
19.236
19.236
18.4029
18.4029
14.1553
14.1553
14.0553
14.0553
14.1303
14.1303
11.5005
11.5005
13.9107
13.9107
13.984
13.984
15.3223
15.3223
15.7778
15.7778
14.9671
14.9671
15.4035
15.4035
18.1685
18.1685
17.7505
17.7505
19.035
19.035
19.4723
19.4723
0.393144
0.393144
0.154716
0.154716
0.687567
0.687567
0.318214
0.318214
0.516716
0.516716
15.3638
15.3638
15.1584
15.1584
15.6114
15.6114
15.6622
15.6622
15.8934
15.8934
10.4082
10.4082
10.3387
10.3387
10.3822
10.3822
10.3021
10.3021
4.15049
4.15049
4.46507
4.46507
2.25665
2.25665
2.57127
2.57127
2.42219
2.42219
9.86702
9.86702
13.9445
13.9445
13.9912
13.9912
4.81197
4.81197
5.51626
5.51626
5.17962
5.17962
6.35063
6.35063
6.725
6.725
16.0101
16.0101
16.4467
16.4467
16.1854
16.1854
17.7317
17.7317
16.9366
16.9366
17.2848
17.2848
19.8139
19.8139
19.3031
19.3031
19.6036
19.6036
6.36984
6.36984
6.60423
6.60423
5.60928
5.60928
5.25048
5.25048
2.23962
2.23962
2.48882
2.48882
2.43106
2.43106
2.98158
2.98158
2.95946
2.95946
3.21809
3.21809
3.34655
3.34655
2.6987
2.6987
2.55542
2.55542
2.89275
2.89275
2.77598
2.77598
2.82816
2.82816
2.1653
2.1653
2.03552
2.03552
13.6124
13.6124
13.3984
13.3984
14.1513
14.1513
14.3299
14.3299
15.0971
15.0971
14.9488
14.9488
14.6554
14.6554
14.8242
14.8242
19.0218
19.0218
19.4252
19.4252
19.4587
19.4587
19.0745
19.0745
11.5458
11.5458
10.1562
10.1562
13.718
13.718
13.9935
13.9935
0.302089
0.302089
0.264594
0.264594
0.13827
0.13827
0.38099
0.38099
0.400544
0.400544
0.142381
0.142381
2.01578
2.01578
1.82731
1.82731
1.40575
1.40575
1.6812
1.6812
14.0571
14.0571
14.0168
14.0168
8.52493
8.52493
8.74453
8.74453
8.12088
8.12088
7.86466
7.86466
16.315
16.315
16.4653
16.4653
17.0994
17.0994
16.6992
16.6992
1.96203
1.96203
1.67587
1.67587
1.80569
1.80569
13.6514
13.6514
13.5238
13.5238
13.6307
13.6307
10.9355
10.9355
10.369
10.369
11.9782
11.9782
12.248
12.248
13.9921
13.9921
14.0359
14.0359
14.0318
14.0318
15.6819
15.6819
16.0004
16.0004
19.8231
19.8231
20.0938
20.0938
19.9206
19.9206
20.3064
20.3064
21.3692
21.3692
21.0205
21.0205
20.6357
20.6357
14.5396
14.5396
14.948
14.948
14.7864
14.7864
16.1287
16.1287
15.7623
15.7623
15.9818
15.9818
15.1897
15.1897
15.4944
15.4944
15.3523
15.3523
10.3704
10.3704
10.4167
10.4167
10.1205
10.1205
10.1983
10.1983
10.2469
10.2469
10.1939
10.1939
9.80428
9.80428
9.67733
9.67733
14.0778
14.0778
14.0329
14.0329
14.057
14.057
7.25304
7.25304
7.75107
7.75107
4.87011
4.87011
4.54125
4.54125
12.5442
12.5442
13.2175
13.2175
12.893
12.893
18.6515
18.6515
17.9739
17.9739
18.7068
18.7068
18.336
18.336
17.886
17.886
18.2095
18.2095
10.4275
10.4275
10.3891
10.3891
10.4224
10.4224
14.9179
14.9179
14.2557
14.2557
14.6076
14.6076
2.44122
2.44122
2.07691
2.07691
2.23986
2.23986
8.9405
8.9405
9.03382
9.03382
6.9724
6.9724
7.58913
7.58913
7.25216
7.25216
16.302
16.302
16.6424
16.6424
17.3225
17.3225
16.4343
16.4343
16.9019
16.9019
17.4092
17.4092
17.1873
17.1873
9.94025
9.94025
10.073
10.073
9.9899
9.9899
9.66084
9.66084
9.55441
9.55441
9.73573
9.73573
8.3363
8.3363
8.9496
8.9496
3.61315
3.61315
4.26998
4.26998
3.96572
3.96572
9.20178
9.20178
9.43164
9.43164
9.27892
9.27892
18.6306
18.6306
19.1654
19.1654
0.765778
0.765778
1.15306
1.15306
19.5955
19.5955
19.3192
19.3192
0.139606
0.139606
0.242405
0.242405
14.2542
14.2542
12.5518
12.5518
7.26331
7.26331
17.1978
17.1978
16.6304
16.6304
18.9703
18.9703
3.19301
3.19301
6.10322
6.10322
2.80897
2.80897
3.38099
3.38099
2.68671
2.68671
14.6161
14.6161
14.25
14.25
13.3411
13.3411
0.452932
0.452932
1.25693
1.25693
1.70868
1.70868
2.8976
2.8976
18.411
18.411
17.7359
17.7359
18.852
18.852
19.1721
19.1721
19.2265
19.2265
0.687549
0.687549
0.912645
0.912645
0.584046
0.584046
1.24175
1.24175
1.03064
1.03064
1.2755
1.2755
15.5515
15.5515
15.6496
15.6496
4.32468
4.32468
18.859
18.859
19.1633
19.1633
19.181
19.181
17.6578
17.6578
18.6104
18.6104
17.6679
17.6679
0.935866
0.935866
0.642918
0.642918
0.707738
0.707738
10.0812
10.0812
12.1221
12.1221
14.2144
14.2144
13.767
13.767
13.964
13.964
13.9862
13.9862
13.737
13.737
14.8703
14.8703
14.5399
14.5399
14.5048
14.5048
14.9896
14.9896
13.967
13.967
13.8217
13.8217
7.73504
7.73504
6.38402
6.38402
8.06952
8.06952
7.70986
7.70986
17.0992
17.0992
16.6871
16.6871
16.494
16.494
16.2397
16.2397
18.0854
18.0854
17.6115
17.6115
18.4619
18.4619
17.8503
17.8503
18.3121
18.3121
18.599
18.599
2.94342
2.94342
3.13317
3.13317
3.01271
3.01271
2.52149
2.52149
6.14383
6.14383
6.60719
6.60719
5.48869
5.48869
5.63463
5.63463
4.26006
4.26006
2.42764
2.42764
2.52642
2.52642
2.75294
2.75294
2.58375
2.58375
2.9315
2.9315
2.67912
2.67912
2.94323
2.94323
2.57958
2.57958
2.32403
2.32403
2.32185
2.32185
2.93107
2.93107
2.73874
2.73874
2.60455
2.60455
14.5945
14.5945
14.5329
14.5329
14.3338
14.3338
14.3718
14.3718
14.3543
14.3543
14.47
14.47
13.5356
13.5356
13.9403
13.9403
13.5681
13.5681
12.3992
12.3992
12.9804
12.9804
12.5076
12.5076
0.826043
0.826043
0.663495
0.663495
0.525019
0.525019
1.32437
1.32437
1.35156
1.35156
1.11065
1.11065
0.834366
0.834366
1.17341
1.17341
1.20166
1.20166
0.813696
0.813696
1.545
1.545
1.44468
1.44468
3.15673
3.15673
2.64539
2.64539
8.84161
8.84161
7.96951
7.96951
6.9015
6.9015
16.801
16.801
17.6029
17.6029
16.7725
16.7725
18.0133
18.0133
18.4302
18.4302
18.5356
18.5356
18.156
18.156
17.6478
17.6478
15.7303
15.7303
15.7254
15.7254
15.3856
15.3856
15.339
15.339
4.77176
4.77176
3.73278
3.73278
4.9679
4.9679
4.53698
4.53698
10.4786
10.4786
14.0659
14.0659
11.8431
11.8431
10.8044
10.8044
11.1007
11.1007
13.4247
13.4247
13.9296
13.9296
13.582
13.582
13.7189
13.7189
13.294
13.294
12.8222
12.8222
13.5141
13.5141
13.0478
13.0478
13.1491
13.1491
12.9281
12.9281
15.7186
15.7186
16.1938
16.1938
15.8002
15.8002
15.2208
15.2208
15.2407
15.2407
10.5996
10.5996
12.0161
12.0161
5.46637
5.46637
5.64032
5.64032
7.24467
7.24467
6.5386
6.5386
13.5105
13.5105
13.9334
13.9334
13.9181
13.9181
13.5566
13.5566
13.7444
13.7444
13.7455
13.7455
13.6063
13.6063
13.7804
13.7804
13.8603
13.8603
13.7549
13.7549
11.825
11.825
10.1445
10.1445
9.0458
9.0458
9.03939
9.03939
14.0773
14.0773
12.3467
12.3467
12.9309
12.9309
12.4142
12.4142
16.121
16.121
16.6374
16.6374
16.2521
16.2521
15.6466
15.6466
16.1316
16.1316
15.6034
15.6034
15.6307
15.6307
15.8439
15.8439
17.202
17.202
16.9516
16.9516
16.7214
16.7214
17.1082
17.1082
3.05463
3.05463
3.00328
3.00328
3.64728
3.64728
3.13425
3.13425
3.03717
3.03717
2.82064
2.82064
3.48425
3.48425
4.75866
4.75866
4.41634
4.41634
6.71895
6.71895
7.26934
7.26934
4.58034
4.58034
3.37314
3.37314
3.79321
3.79321
4.80811
4.80811
5.54183
5.54183
5.51186
5.51186
3.96962
3.96962
4.50177
4.50177
4.93033
4.93033
4.44098
4.44098
5.22527
5.22527
4.72967
4.72967
2.71789
2.71789
3.02478
3.02478
2.86302
2.86302
2.83664
2.83664
3.38213
3.38213
3.88075
3.88075
3.37617
3.37617
2.48033
2.48033
2.59187
2.59187
2.25583
2.25583
2.11817
2.11817
3.53598
3.53598
2.99526
2.99526
3.03193
3.03193
3.67866
3.67866
1.10725
1.10725
1.32935
1.32935
1.4415
1.4415
2.41381
2.41381
1.91328
1.91328
1.97939
1.97939
15.1831
15.1831
14.8272
14.8272
14.9608
14.9608
14.24
14.24
14.3075
14.3075
14.2486
14.2486
13.873
13.873
15.2405
15.2405
14.9625
14.9625
15.0619
15.0619
13.7104
13.7104
13.7972
13.7972
13.6104
13.6104
13.9058
13.9058
14.3218
14.3218
14.621
14.621
15.4528
15.4528
15.174
15.174
14.413
14.413
14.564
14.564
14.2149
14.2149
14.1432
14.1432
13.4652
13.4652
12.9022
12.9022
12.8417
12.8417
1.11292
1.11292
0.824823
0.824823
0.984164
0.984164
0.910854
0.910854
0.606371
0.606371
0.798566
0.798566
2.1837
2.1837
1.57318
1.57318
1.97057
1.97057
1.72726
1.72726
1.96041
1.96041
1.40303
1.40303
1.30237
1.30237
4.25369
4.25369
5.06392
5.06392
3.96482
3.96482
3.36626
3.36626
3.06366
3.06366
8.89991
8.89991
9.01146
9.01146
8.16018
8.16018
7.85779
7.85779
8.19937
8.19937
8.42837
8.42837
8.37816
8.37816
7.13576
7.13576
7.5631
7.5631
7.37609
7.37609
9.9166
9.9166
9.58104
9.58104
17.5872
17.5872
17.5313
17.5313
17.2025
17.2025
17.0436
17.0436
17.2701
17.2701
5.76284
5.76284
7.66573
7.66573
6.79976
6.79976
7.91596
7.91596
10.2074
10.2074
10.5032
10.5032
9.31152
9.31152
8.70577
8.70577
9.45725
9.45725
9.53508
9.53508
14.0475
14.0475
14.1237
14.1237
13.5646
13.5646
14.0505
14.0505
14.0789
14.0789
11.8356
11.8356
12.8829
12.8829
13.4977
13.4977
13.3122
13.3122
13.832
13.832
13.9129
13.9129
12.974
12.974
13.5627
13.5627
13.478
13.478
12.7606
12.7606
12.8136
12.8136
12.1284
12.1284
12.4669
12.4669
11.995
11.995
11.7941
11.7941
14.0566
14.0566
13.9513
13.9513
14.2211
14.2211
13.7719
13.7719
14.1512
14.1512
13.7155
13.7155
14.0308
14.0308
14.0287
14.0287
14.3093
14.3093
13.4113
13.4113
12.8326
12.8326
12.8511
12.8511
13.2773
13.2773
12.9775
12.9775
13.3234
13.3234
13.4875
13.4875
9.30901
9.30901
9.94923
9.94923
10.3881
10.3881
10.9238
10.9238
10.6312
10.6312
10.4131
10.4131
10.2804
10.2804
10.5821
10.5821
10.5589
10.5589
10.8302
10.8302
10.7496
10.7496
10.6004
10.6004
11.5612
11.5612
13.4167
13.4167
13.7017
13.7017
13.8032
13.8032
13.6002
13.6002
13.6463
13.6463
13.3389
13.3389
13.6118
13.6118
13.5411
13.5411
13.9202
13.9202
14.0081
14.0081
14.0578
14.0578
13.1385
13.1385
13.2945
13.2945
13.4894
13.4894
13.3731
13.3731
11.6757
11.6757
10.0975
10.0975
9.94971
9.94971
9.50972
9.50972
7.57744
7.57744
8.04716
8.04716
11.0259
11.0259
9.90283
9.90283
8.91812
8.91812
8.99004
8.99004
12.1691
12.1691
10.8065
10.8065
11.6199
11.6199
12.043
12.043
10.6946
10.6946
10.3066
10.3066
12.9718
12.9718
13.7599
13.7599
13.9797
13.9797
13.704
13.704
12.0608
12.0608
12.1865
12.1865
12.6362
12.6362
13.0795
13.0795
13.2688
13.2688
13.7245
13.7245
15.8608
15.8608
16.4365
16.4365
16.5143
16.5143
16.2384
16.2384
16.1004
16.1004
16.2003
16.2003
15.9504
15.9504
16.0534
16.0534
16.5275
16.5275
16.6541
16.6541
16.4853
16.4853
2.87962
2.87962
2.9933
2.9933
2.92346
2.92346
2.84878
2.84878
3.08581
3.08581
2.86122
2.86122
3.95617
3.95617
3.94687
3.94687
3.15631
3.15631
3.33675
3.33675
3.35683
3.35683
3.46233
3.46233
2.93088
2.93088
2.97403
2.97403
4.82652
4.82652
5.06226
5.06226
5.33394
5.33394
4.83249
4.83249
6.17556
6.17556
6.81737
6.81737
7.39886
7.39886
7.08385
7.08385
5.78994
5.78994
5.86957
5.86957
6.18517
6.18517
3.50711
3.50711
3.53373
3.53373
3.25193
3.25193
3.70928
3.70928
3.7619
3.7619
2.61081
2.61081
2.23835
2.23835
2.04362
2.04362
2.56386
2.56386
2.6657
2.6657
2.05037
2.05037
1.76765
1.76765
1.81672
1.81672
2.33116
2.33116
2.04993
2.04993
1.80416
1.80416
14.9756
14.9756
14.7339
14.7339
14.7552
14.7552
14.5351
14.5351
14.5897
14.5897
14.9845
14.9845
15.2053
15.2053
15.0154
15.0154
15.1538
15.1538
15.2048
15.2048
14.804
14.804
14.6929
14.6929
14.864
14.864
1.81838
1.81838
1.49379
1.49379
1.62245
1.62245
1.58027
1.58027
1.64351
1.64351
1.54944
1.54944
1.73731
1.73731
7.60653
7.60653
6.41612
6.41612
6.80358
6.80358
5.97915
5.97915
4.12137
4.12137
4.6422
4.6422
9.53985
9.53985
9.96136
9.96136
9.99982
9.99982
9.71112
9.71112
9.50097
9.50097
9.86672
9.86672
9.71753
9.71753
9.71032
9.71032
8.26397
8.26397
9.33308
9.33308
8.86872
8.86872
9.26217
9.26217
9.28344
9.28344
9.35125
9.35125
9.06564
9.06564
9.0813
9.0813
10.585
10.585
10.6186
10.6186
9.48351
9.48351
10.1232
10.1232
9.33192
9.33192
7.93272
7.93272
8.09973
8.09973
9.11336
9.11336
10.087
10.087
10.4055
10.4055
10.2505
10.2505
9.98046
9.98046
9.75184
9.75184
10.1152
10.1152
10.1698
10.1698
10.2299
10.2299
10.2192
10.2192
8.75229
8.75229
8.71212
8.71212
8.31163
8.31163
13.9693
13.9693
13.8758
13.8758
14.0223
14.0223
14.0275
14.0275
14.1544
14.1544
13.9793
13.9793
13.8164
13.8164
14.0935
14.0935
14.1478
14.1478
13.9321
13.9321
11.0783
11.0783
11.1372
11.1372
11.3831
11.3831
12.1298
12.1298
12.1818
12.1818
12.0925
12.0925
11.3372
11.3372
13.1014
13.1014
12.757
12.757
13.395
13.395
13.3418
13.3418
13.4141
13.4141
13.0043
13.0043
12.8275
12.8275
13.0979
13.0979
10.0814
10.0814
11.4543
11.4543
10.9871
10.9871
11.2504
11.2504
10.0638
10.0638
9.30743
9.30743
13.224
13.224
13.2781
13.2781
13.3435
13.3435
13.6165
13.6165
13.5745
13.5745
14.1579
14.1579
15.8307
15.8307
15.7007
15.7007
15.748
15.748
15.791
15.791
15.4027
15.4027
15.4399
15.4399
4.17556
4.17556
3.82932
3.82932
4.55062
4.55062
4.5064
4.5064
4.06474
4.06474
3.76479
3.76479
2.28661
2.28661
1.96861
1.96861
1.78061
1.78061
1.65564
1.65564
1.88928
1.88928
1.95041
1.95041
8.16288
8.16288
8.19016
8.19016
6.33436
6.33436
7.35606
7.35606
5.87696
5.87696
4.93533
4.93533
4.79086
4.79086
5.95601
5.95601
7.13728
7.13728
7.1963
7.1963
8.51414
8.51414
9.19061
9.19061
8.74964
8.74964
8.57498
8.57498
7.91906
7.91906
8.2488
8.2488
10.1171
10.1171
10.2114
10.2114
10.112
10.112
10.4309
10.4309
9.96359
9.96359
11.7131
11.7131
11.2952
11.2952
11.6442
11.6442
13.2582
13.2582
12.9678
12.9678
12.3697
12.3697
12.2563
12.2563
12.2211
12.2211
12.8142
12.8142
11.9481
11.9481
11.1798
11.1798
11.8923
11.8923
12.5478
12.5478
12.506
12.506
11.1187
11.1187
10.8737
10.8737
11.3004
11.3004
11.2844
11.2844
10.1985
10.1985
10.7187
10.7187
10.4807
10.4807
10.8332
10.8332
10.5485
10.5485
))
(300 (2 1 3 0 0 1 918)(
2.47629 -0.138943 0 
0.108704 0.722546 0 
0.171728 1.05431 0 
2.31834 0.153728 0 
-0.0598601 1.26997 -1.22177e-19 
-0.0924034 0.643931 -5.31405e-18 
0.529935 0.849453 -2.95482e-19 
0.274326 0.152875 -2.9886e-20 
3.00615 -0.0195608 0 
-0.00822932 0.476699 0 
-0.0171959 0.589122 0 
0.605215 0.00676584 0 
0.0107054 0.439105 0 
-0.00288247 0.421689 0 
0.0134405 0.340824 -1.30522e-18 
-0.00476428 0.768982 -9.207e-20 
0.312405 0.0742699 2.15222e-18 
0.0797315 0.642217 -2.23084e-19 
1.52884 0.128628 0 
-0.0267578 0.685223 0 
0.194594 0.157724 -1.26562e-18 
3.08302 -0.397373 0 
2.92445 -0.50598 0 
1.86116 -0.1811 0 
0.511388 0.0400858 0 
-0.0253684 0.52155 0 
-0.00135313 0.494038 1.86248e-18 
-0.0226677 1.40056 0 
0.0741864 2.88453 0 
0.168045 1.73696 0 
-0.0389574 3.16463 0 
0.0269889 1.63955 9.39428e-20 
0.0232116 0.686521 0 
-0.147425 0.775094 -2.03095e-22 
-0.193914 1.0291 4.42143e-18 
-0.0415772 1.04471 0 
0.744577 -0.00600512 0 
0.16102 0.246331 6.65594e-19 
0.993354 1.51278 6.53039e-19 
0.649849 0.784241 -5.16154e-19 
0.798474 1.57483 6.20283e-20 
0.416726 0.851178 -3.20268e-19 
0.55233 0.306568 2.93924e-20 
0.296972 0.153646 0 
0.962938 0.566526 0 
0.532613 0.303952 1.32021e-19 
0.257979 0.162792 -1.35473e-19 
0.871596 -0.0554788 0 
3.02784 -0.00170483 0 
3.00685 0.0178656 0 
3.20086 -0.417733 0 
3.04288 -0.0742118 0 
3.03116 -0.0388406 0 
0.0186483 0.903657 -1.14652e-18 
-0.0542375 0.973759 0 
0.0028362 0.454861 0 
-0.0290894 0.980747 0 
-0.0113752 0.481004 0 
-0.00133571 0.87063 0 
-0.0520596 1.1102 0 
-0.012556 0.541456 0 
-0.0253204 1.1615 0 
-0.00592153 0.621351 0 
0.790475 0.0116238 0 
1.16943 -0.00156232 0 
0.618251 0.0123695 0 
1.12579 0.0175985 0 
0.569763 0.00867908 0 
0.225406 0.921982 1.95985e-18 
0.0985379 1.2081 0 
0.176302 1.06604 0 
0.0331901 0.755774 2.19939e-23 
0.0372233 0.498055 -2.93112e-18 
0.0194616 0.747943 0 
0.00595421 0.422033 0 
-0.000695332 0.734548 4.51759e-24 
0.000702476 0.414825 0 
-0.0169205 0.74318 0 
-0.0129373 0.42798 0 
0.0494432 0.649999 0 
0.0484454 0.458243 0 
0.00800913 0.621961 1.23406e-18 
0.000746659 0.344906 0 
-0.0695445 4.692 0 
0.00882841 1.45873 9.14064e-20 
-0.0105165 0.785835 -1.17687e-19 
0.6361 0.15215 -7.50973e-19 
0.32162 0.0656854 -7.28733e-19 
0.644808 0.169726 -2.25473e-18 
0.317539 0.0955731 -1.45161e-18 
0.0785835 0.618655 0 
0.17847 1.31323 1.85e-19 
0.179647 0.729945 -2.95173e-19 
2.06031 0.260946 0 
1.10704 0.11845 0 
3.03313 0.103887 0 
3.10392 0.446059 0 
2.83919 0.377459 -1.01281e-17 
2.5781 0.361309 7.77144e-18 
-0.0707449 1.26253 0 
-0.0113846 0.622868 0 
-0.0142079 1.9003 0 
-0.0507392 1.34619 0 
-0.0480698 0.6789 0 
0.440331 0.295644 4.00692e-19 
0.225473 0.163366 0 
2.2961 -0.266393 0 
1.32372 -0.119274 0 
1.07633 0.0126681 0 
1.012 0.0187644 0 
0.540928 0.0108505 0 
1.01985 0.0563968 0 
0.821226 0.0703266 0 
0.343627 0.0286959 3.36311e-18 
-0.00543512 0.451601 1.77357e-18 
-0.0270315 0.784628 0 
-0.0473185 0.847509 0 
-0.0152741 0.460436 0 
0.000132484 0.839725 1.81604e-18 
7.30021e-05 0.48753 0 
-0.0054789 0.845554 -5.5905e-18 
-0.00488634 0.496761 1.88639e-18 
0.0536238 3.56604 0 
0.041923 4.02538 0 
-0.0163456 1.41108 -2.05248e-21 
-0.0131798 1.3633 0 
-0.00986089 0.741583 0 
1.41018 0.034884 0 
0.760548 0.0154384 0 
0.709515 0.0142642 0 
1.41618 -0.0328484 0 
0.773514 -0.00873987 0 
0.322097 0.480407 -8.35678e-19 
0.156823 0.232744 0 
0.325002 0.509233 9.36554e-20 
0.163382 0.268466 0 
1.2406 1.38658 1.665e-19 
0.778576 0.740719 -3.92535e-19 
0.41147 1.42154 0 
0.606987 1.53348 0 
0.303444 0.814481 0 
0.14536 0.353445 -4.42894e-19 
0.607328 0.280729 0 
0.31352 0.134642 3.98839e-19 
1.42715 1.30652 0 
1.58653 1.16839 0 
0.874815 0.663824 4.61823e-19 
1.73379 0.953009 0 
1.06853 0.438739 2.32202e-20 
1.47298 0.00813826 0 
1.501 -0.0292392 0 
0.801895 -0.00441629 0 
1.95042 -0.199779 0 
1.65082 -0.14818 0 
1.05215 -0.0889697 0 
3.06126 0.164853 0 
3.03105 0.0687874 0 
3.01022 0.0531594 0 
0.0357479 1.60673 6.08343e-19 
0.0178974 0.827547 0 
0.0180313 1.69764 1.08001e-18 
0.00307351 0.939656 -9.7096e-19 
0.0646791 1.1517 1.8791e-19 
0.047694 0.988595 0 
0.0401826 0.528397 0 
-0.0286317 1.00469 0 
-0.00697148 0.517105 0 
0.0180952 1.61711 -4.43355e-21 
-0.0181194 0.866436 0 
-0.0539678 1.58571 -2.25821e-19 
-0.0161917 0.821579 4.37351e-19 
-0.0017729 1.0289 0 
0.0102543 1.0431 0 
5.33579e-05 0.531129 0 
0.0106471 1.17001 0 
0.00087978 0.61188 0 
1.4683 -0.00370508 0 
0.789212 0.00805901 0 
1.44054 0.0331654 0 
0.761789 -0.000557855 0 
0.675384 0.00534432 0 
1.26196 0.0166817 0 
1.20239 0.047308 0 
0.659693 0.0155557 0 
-0.00580052 1.42077 -1.70213e-20 
0.000184321 1.37708 0 
0.00482012 0.732923 0 
0.00172892 0.417221 0 
0.284466 0.828811 0 
0.25364 0.399766 -2.87152e-19 
-0.00222991 0.635412 0 
-0.00889634 0.367611 0 
0.0100873 4.33768 0 
-0.0504181 4.66441 0 
-0.0198718 4.56616 0 
-0.0728457 3.36774 2.04533e-20 
-0.0594791 4.60327 0 
-0.0531404 4.18017 0 
0.00479847 0.819713 1.07994e-20 
0.0141857 1.56355 1.65413e-19 
-0.035921 1.50388 1.20913e-19 
-0.00748465 0.826458 0 
0.664442 0.10571 1.15333e-18 
0.325691 0.0441637 -1.13029e-18 
0.149751 1.13384 0 
0.100999 0.573609 -2.69285e-19 
0.11824 1.2338 -8.74479e-19 
0.0519142 0.687471 8.69977e-19 
0.809202 0.0240634 0 
1.55677 0.0476794 0 
1.7097 0.127652 0 
0.919845 0.0445227 0 
0.00785159 1.18129 0 
0.0257908 1.18945 0 
0.00446574 0.627409 0 
0.482133 0.315096 1.20367e-18 
0.436866 0.309097 -1.38675e-18 
0.234777 0.164181 0 
1.93546 0.152992 1.15245e-19 
1.1364 0.093246 0 
1.72433 0.11844 0 
0.883718 0.0226934 0 
0.678184 0.0857395 0 
0.699725 0.0460603 -5.40775e-18 
0.346733 0.0325965 1.9991e-18 
0.00914714 0.807284 1.69374e-18 
0.00222273 0.46251 4.08166e-20 
-0.0108777 1.40842 -3.58015e-20 
0.00613617 1.38675 1.36591e-18 
-0.0149832 0.848955 6.29456e-20 
-0.0119261 0.524486 -2.52913e-22 
-0.107514 1.00068 -1.16491e-18 
-0.0529602 1.3532 8.34016e-19 
-0.0175323 1.35275 -1.3578e-18 
1.42273 -0.0170851 0 
1.44236 0.0203179 0 
0.76987 -0.000177973 0 
1.45218 0.0253832 0 
1.3632 0.0462296 0 
0.761542 0.0203069 0 
1.30062 -0.00215389 0 
1.31868 -0.00584902 0 
0.695056 -0.000986663 0 
0.304887 0.473452 -9.15286e-19 
0.161373 0.242701 0 
0.15718 0.308473 1.36951e-19 
0.309638 0.585978 1.12226e-18 
0.307445 0.54865 -6.64386e-19 
0.156842 0.281933 1.2983e-18 
0.278541 0.717843 2.1818e-18 
0.148295 0.380924 3.93679e-19 
0.636108 0.2131 1.53753e-18 
0.626012 0.253612 3.99336e-19 
0.316628 0.115048 7.49302e-19 
1.92121 0.714575 -5.99741e-19 
1.16764 0.336082 -7.01964e-19 
-0.0351015 1.70476 4.64222e-19 
-0.0114083 0.925712 0 
1.60388 0.0239494 0 
1.52189 0.0653708 0 
0.852926 0.0268572 0 
-0.00355883 1.38473 0 
0.00507421 0.729574 2.4952e-18 
0.00465033 0.731252 0 
0.00207079 0.415097 -2.44224e-18 
-0.0102751 1.38627 5.95674e-19 
-0.00947266 1.4225 0 
0.33658 0.488182 2.57975e-19 
0.360068 0.546445 -8.63058e-19 
0.17185 0.257838 7.81196e-19 
-0.0256695 0.767467 -1.66268e-18 
-0.0261514 0.689734 0 
-0.0154342 0.412937 0 
0.0301279 1.54939 -1.27305e-20 
0.0313426 1.58196 -3.64895e-19 
0.0178814 0.823292 -1.55947e-20 
0.213446 1.04437 8.90129e-19 
0.119691 0.509144 -5.92335e-19 
0.0119082 1.4857 7.30709e-19 
0.0558992 1.35151 -8.15548e-19 
0.0268524 0.760779 3.53116e-20 
0.00751344 1.36614 -3.80769e-18 
-0.000214941 1.39326 4.40952e-18 
0.00377337 0.829776 1.73297e-18 
-0.0138289 0.805094 -1.72544e-18 
-0.00430908 0.481399 -1.73861e-18 
-0.0106511 1.41685 -4.49992e-18 
-0.0152178 1.40032 4.58911e-18 
0.286411 0.674898 0 
0.299817 0.634716 -2.2879e-18 
0.15196 0.331763 9.90432e-19 
0.281275 0.796111 1.18515e-18 
0.138835 0.42759 -1.82868e-18 
2.05694 0.322566 4.15861e-19 
2.05148 0.547694 0 
1.21862 0.220971 -4.01817e-19 
-0.0739211 1.63683 -4.80207e-21 
-0.014114 1.69217 0 
-0.0157058 0.922798 0 
0.227144 0.944704 -3.22816e-19 
0.248282 0.866665 -7.0696e-19 
0.128834 0.463358 1.32488e-18 
3.16442 -0.442872 0 
3.34728 -0.414685 1.81287e-18 
0.061314 3.48383 0 
0.0482843 2.80755 0 
3.15925 0.249915 1.4192e-20 
3.12355 0.506295 3.71226e-18 
0.0224815 3.4327 -2.74493e-20 
0.00885517 2.66463 0 
-0.0416445 1.19605 1.55506e-18 
0.190089 1.31642 0 
3.47248 1.62499 -3.24777e-19 
3.17427 0.272573 -2.96098e-20 
3.14838 -0.118697 0 
3.10047 -0.000404129 3.73104e-22 
0.0439976 2.58861 0 
0.157818 3.30271 0 
-0.0548593 2.53209 0 
-0.0229906 3.49121 3.15791e-19 
-0.0250462 3.57202 1.99273e-19 
2.63344 0.0488289 -1.36491e-20 
3.0475 0.0311498 0 
3.15791 0.0868353 0 
-0.0525916 4.61757 0 
-0.0461089 3.085 0 
-0.072196 2.93422 0 
0.65244 3.10471 2.65778e-19 
3.33884 -0.422459 0 
3.0114 -0.34581 0 
3.1699 -0.0530369 2.27729e-18 
3.2927 -0.3287 -2.74211e-18 
3.1038 -0.125777 0 
-0.0583086 4.51551 0 
0.0155203 3.93469 0 
0.0071697 4.26569 0 
-0.0270589 3.09483 0 
-0.0134307 2.85075 0 
-0.0307139 2.42342 0 
2.97422 -0.00317045 0 
2.85043 0.0486277 -1.805e-20 
2.24665 3.04891 -3.21634e-19 
3.15695 0.0444551 -2.27836e-18 
3.19037 0.278179 2.76946e-18 
3.0828 0.117338 0 
3.3954 0.328925 2.08738e-18 
3.35695 0.484366 -2.70666e-18 
3.07111 0.418429 0 
-0.0553799 3.34827 0 
0.00501521 3.27762 8.52473e-20 
-0.0306116 2.57673 -6.04063e-20 
3.70785 0.55529 2.26562e-18 
3.47095 0.208487 0 
-0.151978 1.27126 -2.16601e-18 
-0.0624263 0.882159 -1.35039e-19 
-0.084826 1.33672 2.98571e-18 
-0.0352292 1.27045 -8.99648e-19 
-0.000488957 1.08842 0 
-0.0266647 1.23955 6.9488e-19 
-0.115052 1.38786 2.14662e-18 
-0.0590481 1.34056 -1.31418e-18 
-0.0767376 1.32063 0 
1.28935 0.597239 0 
1.17733 0.682415 0 
3.55653 2.02937 9.53627e-19 
3.0497 1.93582 -1.19073e-18 
3.83766 1.70651 0 
3.38414 1.15679 0 
3.34934 0.280495 -3.917e-18 
2.89884 0.17312 4.83999e-18 
3.35145 -0.155479 0 
2.85479 -0.0761361 0 
3.43642 0.0430259 0 
3.5938 0.145057 0 
3.28683 0.119874 0 
3.55033 0.298581 0 
3.40841 0.293059 0 
3.32755 0.218074 0 
0.0974788 2.78993 0 
0.0344579 2.07866 0 
0.126721 3.05081 0 
0.0927089 2.20495 0 
0.215174 3.59563 0 
0.14029 2.67551 -5.58666e-19 
0.0536241 3.61219 0 
0.0115436 3.01604 4.05688e-19 
-0.0243125 3.20531 -5.171e-19 
-0.0590222 2.79657 0 
-0.0227974 2.19938 0 
-0.0718543 2.90418 0 
-0.0554851 2.04766 0 
-0.106502 4.75028 -2.45551e-19 
-0.0792487 3.94307 2.77265e-19 
-0.0743133 3.80405 3.09094e-19 
-0.0527026 3.01861 0 
-0.104556 3.80538 -4.58742e-19 
-0.0372075 3.217 -2.95093e-19 
-0.0807123 4.78268 1.92576e-19 
-0.0934488 4.46682 -3.50457e-19 
-0.0685301 4.33659 -3.78954e-19 
3.03134 0.0883843 3.35876e-18 
2.2896 0.0321817 -4.22997e-18 
2.89133 0.132843 -3.32768e-18 
2.20959 0.0734881 4.15647e-18 
3.36857 0.0277243 0 
2.64306 -0.00265159 0 
3.45415 0.0913522 0 
3.32024 0.0192874 0 
2.70664 0.00922606 0 
3.68029 0.239634 0 
3.43882 0.0959978 0 
2.86367 0.0565148 0 
-0.0225403 4.33588 -1.20339e-20 
-0.0554898 4.65371 0 
-0.0608354 4.54955 0 
-0.0752187 3.50615 8.77598e-20 
-0.0375385 2.77972 -3.46663e-21 
-0.0804454 4.6701 1.13427e-19 
-0.0946051 4.45829 -1.14625e-19 
-0.0780822 3.9552 0 
-0.0562458 3.87554 0 
-0.0199091 3.99243 0 
-0.0712571 3.25487 0 
-0.0426579 2.2998 0 
0.948747 3.6611 -6.08884e-19 
0.921077 2.85274 -1.76374e-19 
0.430387 2.05321 -2.28204e-19 
0.252352 2.2998 6.97023e-19 
1.02394 4.20043 2.63819e-19 
3.43308 -0.167422 0 
3.32213 -0.256546 0 
2.88327 -0.189515 0 
3.47032 -0.0643461 0 
3.34581 -0.147865 0 
3.44893 -0.261023 0 
3.5195 -0.283601 0 
3.57949 -0.281129 0 
3.22413 0.0933871 3.61905e-18 
2.55519 0.0645181 -4.57623e-18 
3.0965 0.106577 -3.56251e-18 
2.5091 0.0566745 4.43276e-18 
2.23988 3.41673 0 
1.73953 2.94805 -4.45653e-19 
2.5669 3.34877 -4.03232e-19 
2.36941 2.52938 5.35935e-19 
0.774542 1.21308 2.7223e-18 
1.44678 0.216478 1.3432e-18 
3.72254 0.304242 0 
3.89312 0.572807 -1.84608e-18 
3.29897 0.243951 -8.23433e-20 
3.72082 0.440139 0 
0.23663 1.31235 1.7961e-18 
-0.01664 1.20199 -2.87638e-18 
0.0588174 0.769964 1.61454e-18 
0.275952 0.464908 -7.47847e-19 
0.187257 1.38378 8.71004e-19 
0.0506505 1.23717 0 
0.0577401 1.08618 -1.1323e-18 
0.19173 1.44299 -4.09217e-18 
0.329025 1.55699 0 
0.00867285 1.2902 1.19587e-19 
-0.00971779 1.45729 -1.34024e-18 
-0.0410148 1.30282 1.94842e-18 
-0.0574441 1.41766 0 
-0.0204763 1.38228 0 
0.681116 1.04993 0 
2.45689 2.45519 -1.06621e-18 
2.64396 2.17363 3.95249e-19 
2.79249 2.88246 0 
3.21302 3.06755 -3.94573e-19 
3.16592 2.41171 2.84619e-20 
0.803694 0.589344 -1.82239e-18 
1.55587 0.69145 -1.62187e-20 
1.23289 0.450996 8.72151e-19 
1.27501 0.843617 5.95054e-20 
0.938787 0.633812 -2.36949e-18 
1.46421 0.714136 0 
1.98981 1.0997 1.45593e-18 
2.03196 1.01565 0 
1.41176 0.790666 0 
1.06193 0.549659 0 
3.37551 2.1802 1.0085e-18 
3.94754 0.760908 -1.86341e-18 
3.84787 1.21608 0 
3.53379 0.757783 0 
1.39135 0.364757 1.33249e-18 
3.25804 1.84223 -8.51506e-19 
2.83437 1.6544 1.54685e-18 
3.75528 1.37707 -1.83589e-18 
3.09793 0.11476 2.46401e-18 
3.16856 0.180817 -2.57897e-18 
2.66183 0.0916425 0 
3.30731 -0.0394967 0 
3.20141 -0.0842566 -2.36654e-18 
2.63244 -0.0321098 2.3457e-18 
3.9563 0.0932049 0 
3.75968 0.145653 0 
3.69369 0.155373 0 
3.5883 0.204748 0 
3.83261 0.0590314 0 
3.72611 0.0522528 0 
-0.0400133 2.51197 0 
-0.0376468 2.01115 0 
0.357309 3.98848 -4.11309e-19 
0.662875 3.33373 -1.60034e-19 
0.259697 3.02765 -3.58045e-19 
0.3438 2.54804 5.73513e-19 
0.458471 4.01462 0 
0.470446 4.67175 -5.09912e-19 
0.383804 4.73007 0 
0.911583 4.37565 -3.7951e-19 
0.673618 3.81508 9.68858e-19 
0.597782 4.65314 4.46958e-19 
0.741045 4.20119 -1.8752e-19 
0.60296 4.32648 1.50873e-19 
0.916862 4.65735 -6.63785e-19 
0.750177 4.66204 0 
0.859081 4.58971 5.04563e-19 
0.00748812 4.57307 -1.81148e-19 
-0.0183654 3.6483 0 
0.101949 4.28811 5.49642e-19 
-0.00240186 4.39112 0 
-0.00342309 3.45982 -4.51118e-19 
-0.0151465 2.91342 0 
-0.0997996 4.3076 -2.891e-19 
-0.105367 4.68161 0 
-0.0526383 3.80504 0 
-0.0395701 3.72676 3.25155e-19 
-0.046802 3.88944 1.03837e-20 
-0.0345502 3.71052 6.25978e-19 
-0.0410922 2.95091 4.06912e-21 
-0.113634 4.71077 1.80166e-19 
-0.102468 4.74223 1.03209e-19 
-0.0166771 2.62182 0 
0.00126565 2.13429 0 
-0.040977 4.78971 4.86189e-19 
-0.0477334 4.30827 4.23783e-19 
-0.0824369 4.58478 -5.54017e-19 
0.0170145 4.7583 0 
-0.0784206 4.5357 -3.09082e-19 
-0.117625 4.16962 1.27754e-19 
-0.0848119 4.25023 -4.13018e-20 
-0.0699373 4.72966 -2.18871e-19 
-0.0852977 4.27143 -6.85589e-20 
-0.0836151 4.21633 3.06712e-19 
2.87142 0.0610232 -2.36363e-18 
2.85888 0.0497055 2.2731e-18 
2.3386 0.0345575 0 
3.5101 0.192031 3.04664e-18 
2.70369 0.126543 -3.30489e-18 
2.2545 0.0644851 3.60972e-18 
3.6825 0.335333 -4.01657e-19 
3.20989 -0.0485213 0 
3.17212 -0.0135491 2.2371e-18 
2.69091 -0.012375 -2.21946e-18 
3.87876 0.122245 -1.25244e-19 
3.77176 0.101859 1.07838e-18 
4.15977 0.173492 0 
4.22846 0.181151 -3.75148e-19 
4.0137 0.145237 0 
3.6949 0.155407 0 
4.0323 0.0950884 0 
3.71179 0.0873337 0 
4.18472 0.113888 7.85534e-19 
4.1372 0.0791397 -1.74798e-18 
4.14067 0.113891 -8.48045e-19 
4.1864 0.116532 -9.24527e-19 
4.2157 0.229016 1.77414e-18 
3.85474 0.188632 0 
4.06127 0.301918 0 
-0.0723282 4.58105 -1.35735e-19 
-0.0329764 4.64488 -1.1678e-20 
-0.0657252 4.66133 0 
-0.0550472 4.19748 1.38113e-19 
-0.0534762 4.2249 2.25379e-20 
-0.0582474 4.09309 -2.18449e-20 
-0.0801182 3.52907 2.61195e-19 
-0.143347 4.00843 -1.45199e-20 
-0.102098 4.13581 7.47649e-20 
-0.0741022 3.40466 -1.32318e-19 
-0.0247052 2.92731 1.58463e-19 
-0.075541 4.42795 5.20006e-21 
-0.0884445 4.64247 1.72233e-19 
1.24361 4.35922 3.4749e-19 
1.15986 4.52841 7.26073e-19 
1.73665 3.46596 4.30937e-19 
1.30864 3.56004 1.69548e-19 
1.28626 2.88911 0 
0.548631 2.31912 2.74905e-19 
0.463643 1.7418 3.30713e-19 
0.34522 2.56792 1.51014e-20 
0.49232 3.17389 -1.16132e-18 
0.631931 3.13271 8.76564e-19 
0.43289 2.40489 0 
0.29368 1.97238 -5.57318e-19 
0.260008 3.07848 1.39485e-18 
0.273467 2.72011 -3.139e-20 
0.158004 2.27685 -1.74821e-18 
0.59147 1.41117 1.46343e-18 
0.576442 1.61702 0 
3.58364 -0.0751499 8.64367e-20 
3.61861 -0.254102 -7.25995e-20 
3.72135 -0.217713 -1.2666e-18 
3.75927 -0.126019 1.28248e-18 
3.67616 -0.0488561 0 
2.44638 3.87128 0 
2.61798 3.91451 0 
2.88955 3.62536 0 
2.73631 3.64256 0 
0.85424 1.39448 -3.33912e-21 
0.611531 1.03913 0 
1.70924 3.3844 1.50219e-20 
1.42117 3.46348 0 
1.32671 2.95069 -1.28379e-18 
1.40721 2.89332 8.24458e-19 
1.7913 0.310399 0 
1.43047 0.262019 3.52078e-19 
2.41168 0.358827 2.19187e-18 
1.78609 0.284835 -7.85457e-19 
1.42633 0.112198 -2.49508e-18 
4.26631 0.790066 -2.56559e-18 
3.85201 0.995184 -3.672e-20 
3.29697 0.844622 2.06791e-18 
3.87582 0.745449 1.81335e-18 
3.1231 0.46568 -3.04515e-18 
2.91026 0.452156 3.75002e-19 
3.19254 0.68231 -8.18751e-19 
2.97614 0.683395 0 
3.7587 0.563977 1.53771e-18 
4.09568 0.629382 0 
4.09121 0.776451 0 
4.04576 0.415907 8.23709e-19 
4.29665 0.642565 -3.02474e-20 
4.24944 0.715879 -4.52899e-19 
4.17657 0.643263 0 
3.61568 0.130412 1.71825e-18 
4.19 0.183593 2.14429e-18 
4.09069 0.151655 -1.67948e-18 
4.13652 0.240869 -1.44291e-18 
3.74574 0.238209 -2.15646e-18 
3.30291 0.375963 0 
3.40345 0.302404 0 
2.55814 0.190648 -1.2661e-18 
2.10849 0.119114 4.76786e-19 
4.03723 0.352619 1.94042e-18 
4.28774 0.432835 -2.34659e-18 
4.28489 0.489463 2.06899e-18 
4.15714 0.493519 0 
4.25663 0.337293 0 
4.26651 0.32239 -9.81975e-19 
4.2143 0.316155 -1.59659e-18 
2.22699 3.48732 6.20508e-19 
1.93777 3.23102 -6.83396e-19 
1.44584 2.35559 -1.03195e-18 
1.18647 1.99638 2.66859e-19 
0.883843 1.37824 -2.62884e-18 
0.793722 1.2155 9.2218e-19 
0.600813 0.903993 -1.97011e-21 
1.11464 1.78482 -1.13792e-18 
1.14197 1.88194 1.69869e-18 
0.974431 1.7002 5.06101e-19 
0.785997 1.2887 -5.12717e-19 
0.635449 1.07446 0 
2.44577 2.60686 -1.1544e-19 
0.705236 1.14423 8.57274e-19 
0.927805 0.889755 1.15624e-18 
0.755323 0.813644 1.33781e-18 
1.08314 0.746551 1.34121e-18 
1.46699 1.04436 -2.27038e-18 
1.38302 1.07126 1.83951e-18 
1.00185 0.765549 -6.76784e-19 
0.817069 0.568033 1.49471e-18 
1.61554 0.490762 -7.78143e-19 
1.55901 0.508339 0 
1.23958 0.407344 4.60642e-21 
2.5093 1.51592 7.75594e-19 
2.0799 1.27018 -2.80872e-18 
1.68674 1.18444 9.08945e-21 
1.66078 1.09238 0 
2.86223 2.59511 8.73835e-19 
3.44682 2.7528 1.03751e-18 
3.25587 2.93073 -1.19601e-18 
3.55423 2.76333 -4.28404e-19 
3.48425 2.60354 -1.34901e-19 
3.51244 2.79501 1.38794e-19 
3.67431 2.26698 -1.67949e-18 
3.70519 2.49202 4.00765e-19 
3.78365 2.43575 0 
3.78442 2.19151 -5.79738e-19 
4.04898 1.0733 5.80585e-19 
4.27595 0.993138 1.00221e-18 
4.30041 0.966847 1.01171e-18 
4.05505 1.32931 -1.14967e-18 
4.10286 1.34972 0 
4.1525 1.23368 0 
3.32776 1.23572 -1.5605e-20 
2.41778 0.666496 0 
2.72191 0.744044 9.30688e-19 
3.23832 0.885938 -2.64552e-20 
3.77293 1.53465 5.10766e-18 
3.56987 1.76188 1.31118e-18 
3.48101 1.54046 -1.34072e-18 
3.03744 1.36978 1.43749e-18 
2.76074 1.36966 8.23797e-19 
2.30665 1.15591 -7.9783e-19 
3.67221 -0.0855441 1.98469e-18 
3.8947 -0.0289337 0 
3.85894 -0.0665501 1.34211e-18 
3.74291 -0.0594096 -2.98785e-18 
3.98056 0.0373759 1.46202e-18 
3.90444 0.113425 -3.08304e-18 
3.73986 0.128034 0 
3.55625 0.17347 -6.28567e-19 
3.81197 0.12298 1.60533e-18 
3.69195 0.191383 -8.22585e-19 
3.6003 0.171078 5.90735e-19 
-0.080072 2.5901 0 
-0.0466055 3.39711 0 
-0.0317491 2.46119 0 
-0.0214934 1.97002 0 
0.0466685 3.94024 6.7069e-19 
0.140483 3.72158 -1.72964e-19 
0.317823 4.64407 -2.29743e-19 
0.253485 4.46071 2.42641e-19 
-0.0243781 4.29334 -4.97525e-19 
0.0127127 4.32546 3.73606e-19 
0.0962346 3.86882 2.22651e-20 
0.0102102 3.55606 -4.67111e-19 
-0.0120947 3.30772 -6.22646e-20 
-0.0388166 3.6701 -5.67351e-20 
0.153809 4.47583 -5.87014e-19 
0.178975 4.28945 0 
0.276313 4.63557 2.96436e-19 
0.26947 4.70973 2.53014e-19 
0.596447 4.44493 -2.26032e-19 
0.408614 3.78155 0 
0.45774 3.62916 -1.11499e-18 
0.560557 3.99802 7.9006e-19 
0.480742 4.56236 -6.14857e-19 
0.371094 4.43328 3.30795e-19 
0.300072 4.15535 0 
-0.0338963 4.76255 -5.53202e-19 
-0.0737257 4.52852 -6.41524e-19 
-0.074818 4.74092 0 
-0.0281477 4.36132 -6.25155e-21 
-0.0180684 4.6425 2.74253e-19 
-0.11795 3.88069 4.46963e-20 
-0.0549933 3.48516 -6.53642e-19 
-0.0950425 3.92348 1.74169e-19 
-0.1347 4.51693 2.32293e-19 
-0.0752649 4.32714 0 
-0.0593331 3.88517 0 
-0.0820409 2.8972 2.00795e-19 
-0.0474143 3.63041 -6.26545e-20 
-0.0725356 3.61791 0 
-0.0880976 2.68615 1.58098e-19 
-0.0463224 2.19302 -3.06325e-19 
3.76103 0.0323456 0 
3.7319 0.00774763 -2.03286e-19 
4.1795 0.0679656 -1.44001e-18 
4.0891 0.0463158 0 
3.87633 0.017827 0 
4.14973 0.0370621 -1.25247e-20 
4.1003 0.0349561 2.37904e-18 
4.0001 0.0802179 2.8458e-18 
3.75586 0.118674 0 
3.55802 0.11006 0 
4.01333 0.093968 1.41755e-18 
3.70325 0.116145 0 
3.4721 0.128882 0 
-0.0813247 4.70044 0 
-0.107159 4.66857 1.06662e-20 
-0.0774646 4.72039 6.30037e-20 
-0.0608255 3.83115 0 
-0.112597 4.53584 1.11246e-19 
-0.0683081 4.24021 -6.33572e-20 
-0.0543002 3.92856 0 
1.41071 4.18601 0 
1.20973 4.58028 -1.29815e-18 
1.22509 4.48834 0 
1.5743 4.48691 1.4846e-18 
1.59336 4.12055 0 
1.50181 4.37112 -6.06631e-19 
1.01159 2.24281 -3.39505e-20 
0.709254 1.64556 -1.74479e-18 
0.590737 1.2276 2.1288e-18 
0.708855 1.83521 3.96844e-19 
0.975212 2.42445 0 
1.03658 2.3795 0 
0.718474 1.68752 0 
0.532404 1.33028 -1.39534e-18 
1.20921 3.77525 -9.83532e-19 
1.12906 2.98929 -2.35517e-19 
1.32723 3.4053 1.92612e-19 
0.599421 2.04125 0 
0.620344 1.94293 0 
0.462331 1.57139 -3.92757e-19 
0.957883 2.72084 0 
2.68734 3.57095 0 
2.38144 3.0086 -1.45467e-18 
2.54606 3.02695 -8.58806e-20 
2.41996 3.40437 0 
2.28586 3.14945 2.22125e-18 
3.2781 3.08674 -3.89731e-19 
3.1341 3.32485 0 
3.11649 3.15121 6.30502e-19 
2.87056 3.41263 0 
2.8821 3.20075 0 
1.20934 2.00638 -9.30493e-19 
1.41415 2.4034 -6.99575e-19 
1.75373 2.98186 1.20607e-18 
1.69593 2.95989 -3.62271e-19 
1.06248 1.8223 0 
1.20694 2.20858 4.71144e-19 
0.71847 1.28875 -7.15261e-19 
0.581661 1.04352 -5.62473e-22 
1.93755 3.69583 0 
2.19934 3.743 -5.42641e-19 
2.3385 3.98626 0 
2.28413 0.52902 0 
1.61739 0.341915 0 
1.20905 0.276593 0 
2.20919 0.554271 -1.4653e-18 
1.63533 0.402205 8.17273e-19 
2.14564 0.129123 -9.85199e-19 
2.62663 0.297529 0 
2.4657 0.301647 4.13502e-19 
1.7699 0.135719 1.63305e-18 
1.53028 0.0812684 -1.03707e-18 
0.745582 1.55595 8.58093e-19 
0.959841 1.82044 0 
0.537677 1.44006 1.56096e-18 
0.523882 1.61485 -1.42531e-18 
0.757228 1.81451 -9.88399e-19 
2.07353 2.4627 1.33777e-18 
2.0969 2.71212 0 
1.58357 1.67816 -2.76359e-19 
2.0098 1.98949 1.74515e-18 
1.35992 1.29263 -4.23598e-19 
1.58873 1.31348 4.50707e-19 
2.10968 1.51326 1.02322e-18 
2.44283 1.671 0 
2.27614 1.85614 0 
2.01002 1.60607 0 
3.95682 2.0798 3.84532e-19 
3.75987 1.88974 -1.26361e-18 
3.81729 2.02805 1.04682e-18 
3.90111 1.77144 -1.00836e-18 
4.15788 1.67384 0 
4.11695 1.84103 -2.97853e-19 
2.84055 1.16334 -1.89737e-18 
2.97091 1.16345 -2.4131e-18 
2.33205 1.04358 1.45648e-18 
2.13833 0.934456 -1.41988e-18 
2.46357 0.846187 -1.17816e-18 
2.17863 0.776965 1.44889e-18 
4.00845 0.0334753 -1.52894e-18 
4.05276 0.0406891 3.13031e-18 
3.76797 -0.0658812 1.90096e-18 
3.79119 -0.073772 -2.28685e-18 
3.95955 0.0105731 0 
4.05603 0.0228776 -3.72994e-18 
0.0970804 4.76179 1.06566e-19 
0.0679152 4.73197 0 
0.190045 4.73174 9.53498e-19 
0.211588 4.7493 -8.67459e-19 
0.231492 4.71843 4.28452e-19 
0.122495 4.65825 0 
-0.101089 4.77163 0 
-0.106929 4.40349 -6.18442e-20 
-0.105948 4.33227 5.54323e-20 
-0.11472 4.48186 7.17581e-21 
-0.105384 4.72206 -1.01145e-19 
-0.0823534 4.70972 5.50878e-20 
1.87582 4.00979 -1.64333e-18 
1.81678 4.01637 1.74029e-18 
1.68431 4.40638 -8.54307e-19 
1.69321 4.27752 7.61305e-20 
2.25282 4.08626 0 
1.85467 4.21965 -6.3561e-19 
1.98185 3.95944 6.1645e-19 
1.82413 4.38066 8.34499e-19 
2.07686 4.21925 0 
2.22833 4.1002 0 
1.13874 3.63136 1.49514e-18 
0.826881 2.81187 2.02348e-18 
0.954615 2.9902 -1.38971e-18 
0.746829 2.97199 -2.31922e-19 
0.902849 3.73115 4.66351e-19 
0.722484 3.36374 -1.13413e-18 
0.745799 1.46579 -1.21485e-18 
0.746252 1.31696 0 
0.602579 1.11453 -1.33529e-18 
1.11098 2.06406 0 
1.08796 2.15101 0 
1.35859 2.19082 -1.09062e-18 
1.06447 2.01418 -1.03603e-18 
1.01683 2.03506 1.09871e-18 
1.03111 1.51916 0 
1.41035 1.76176 -6.01238e-19 
1.62729 2.11898 -8.55459e-19 
1.41081 2.08257 0 
0.867804 1.81839 7.12472e-19 
0.779712 1.67946 0 
2.90608 2.28886 -1.84714e-18 
3.31892 2.47054 2.6094e-18 
3.27762 2.19305 -2.59349e-18 
2.61034 2.02084 -2.31188e-19 
2.72493 1.9403 -9.74194e-19 
1.26187 2.18973 7.96184e-19 
1.31602 2.24457 -1.35994e-18 
1.45407 2.3295 1.79282e-18 
1.7903 2.55951 -1.16526e-18 
1.88893 2.93228 -1.56725e-18 
1.56314 2.48862 -1.18805e-19 
1.63289 2.62817 1.3713e-18 
1.81 2.693 9.66192e-20 
2.01791 2.99872 6.50016e-19 
))
(300 (2 10 3 0 0 919 1018)(
0 0 0 
0 0 0 
0 0 0 
0 0 0 
0 0 0 
0 0 0 
0 0 0 
0 0 0 
0 0 0 
0 0 0 
0 0 0 
0 0 0 
0 0 0 
0 0 0 
0 0 0 
0 0 0 
0 0 0 
0 0 0 
0 0 0 
0 0 0 
0 0 0 
0 0 0 
0 0 0 
0 0 0 
0 0 0 
0 0 0 
0 0 0 
0 0 0 
0 0 0 
0 0 0 
0 0 0 
0 0 0 
0 0 0 
0 0 0 
0 0 0 
0 0 0 
0 0 0 
0 0 0 
0 0 0 
0 0 0 
0 0 0 
0 0 0 
0 0 0 
0 0 0 
0 0 0 
0 0 0 
0 0 0 
0 0 0 
0 0 0 
0 0 0 
0 0 0 
0 0 0 
0 0 0 
0 0 0 
0 0 0 
0 0 0 
0 0 0 
0 0 0 
0 0 0 
0 0 0 
0 0 0 
0 0 0 
0 0 0 
0 0 0 
0 0 0 
0 0 0 
0 0 0 
0 0 0 
0 0 0 
0 0 0 
0 0 0 
0 0 0 
0 0 0 
0 0 0 
0 0 0 
0 0 0 
0 0 0 
0 0 0 
0 0 0 
0 0 0 
0 0 0 
0 0 0 
0 0 0 
0 0 0 
0 0 0 
0 0 0 
0 0 0 
0 0 0 
0 0 0 
0 0 0 
0 0 0 
0 0 0 
0 0 0 
0 0 0 
0 0 0 
0 0 0 
0 0 0 
0 0 0 
0 0 0 
0 0 0 
))
(300 (2 11 3 0 0 1019 1026)(
3 0 0 
3 0 0 
3 0 0 
3 0 0 
3 0 0 
3 0 0 
3 0 0 
3 0 0 
))
(300 (2 12 3 0 0 1027 1030)(
0 1 0 
0 1 0 
0 1 0 
0 1 0 
))
(300 (2 13 3 0 0 1031 1038)(
0.171728 1.05431 0 
-0.0598601 1.26997 -1.22177e-19 
0.0741864 2.88453 0 
-0.0389574 3.16463 0 
-0.0695445 4.692 0 
0.041923 4.02538 0 
-0.0198718 4.56616 0 
-0.0531404 4.18017 0 
))
(300 (2 14 3 0 0 1039 1072)(
0 0 0 
0 0 0 
0 0 0 
0 0 0 
0 0 0 
0 0 0 
0 0 0 
0 0 0 
0 0 0 
0 0 0 
0 0 0 
0 0 0 
0 0 0 
0 0 0 
0 0 0 
0 0 0 
0 0 0 
0 0 0 
0 0 0 
0 0 0 
0 0 0 
0 0 0 
0 0 0 
0 0 0 
0 0 0 
0 0 0 
0 0 0 
0 0 0 
0 0 0 
0 0 0 
0 0 0 
0 0 0 
0 0 0 
0 0 0 
))
(300 (2 15 3 0 0 1073 1072)(
))
