(0 "FOAM to Fluent data File")

(33 (918 3444 1074))
(300 (1 1 1 0 0 1 918)(
23.4676
23.5806
0.961778
22.885
1.00961
23.097
3.28167
13.7866
19.2408
2.93469
2.62472
14.4069
20.64
16.8814
12.998
0.923932
14.0517
2.25532
18.4585
1.40007
12.9961
20.4463
21.535
19.2826
14.12
14.3764
18.6023
1.15367
0.109958
0.260001
0.976184
0.408698
0.148393
21.6339
22.3106
22.2489
15.4935
10.4082
3.60495
3.80874
2.99187
2.81592
13.829
13.9287
5.87043
13.7658
13.7617
16.6424
19.1089
19.2525
19.5457
19.3347
19.7211
5.97722
2.7875
2.60838
2.87581
2.94903
2.97859
2.69739
2.67848
2.4831
2.33713
13.8864
14.48
14.5351
14.2664
14.2141
22.4566
21.6996
22.0344
21.1407
21.2862
20.2161
19.8305
17.257
17.6095
16.4833
16.1024
12.7884
12.7496
13.2179
13.4676
0.146374
1.07339
1.22143
14.0585
14.0949
14.0953
14.1099
8.29551
2.19729
2.20067
17.8988
17.4753
20.4802
20.7474
20.1944
20.0089
1.53308
1.52824
1.15584
1.18436
0.953064
13.3369
13.4908
19.234
18.4009
14.1534
14.0535
14.1284
11.4989
13.9089
13.9823
15.3261
15.7816
14.9708
15.4073
18.1723
17.7543
19.0389
19.4761
0.39583
0.1561
0.686737
0.317774
0.516029
15.3618
15.1564
15.6093
15.6602
15.8914
10.4126
10.3425
10.3875
10.3076
4.15502
4.46938
2.26492
2.58025
2.43128
9.876
13.9448
13.9913
4.81566
5.51911
5.18315
6.35209
6.72615
16.0081
16.4446
16.1834
17.7297
16.9346
17.2828
19.8119
19.3011
19.6015
6.37359
6.6096
5.61115
5.25207
2.24597
2.49236
2.43542
2.98041
2.95817
3.21346
3.34345
2.69456
2.55171
2.89184
2.77583
2.82732
2.16721
2.0373
13.6105
13.3966
14.1494
14.328
15.095
14.9467
14.6533
14.8221
19.0256
19.4291
19.4625
19.0784
11.5495
10.1584
13.722
13.9975
0.302384
0.265825
0.137884
0.380293
0.400113
0.141515
2.0127
1.82426
1.40352
1.67906
14.0559
14.0156
8.53642
8.75622
8.13196
7.87492
16.313
16.4632
17.0973
16.6971
1.96433
1.67841
1.80794
13.6531
13.526
13.6326
10.9341
10.3678
11.9765
12.2462
13.9907
14.0343
14.0304
15.6858
16.0042
19.8269
20.0976
19.9245
20.3103
21.3731
21.0244
20.6396
14.5377
14.9461
14.7845
16.1266
15.7603
15.9797
15.1876
15.4923
15.3502
10.3739
10.4198
10.1277
10.2053
10.2527
10.2001
9.81377
9.68704
14.0774
14.0328
14.0567
7.25362
7.75144
4.87068
4.54129
12.5425
13.2156
12.8912
18.6553
17.9777
18.7106
18.3398
17.8898
18.2133
10.4304
10.3916
10.4251
14.9217
14.2596
14.6115
2.43618
2.07248
2.23527
8.95247
9.04523
6.97916
7.59804
7.26016
16.3058
16.6462
17.3263
16.4381
16.9057
17.413
17.1911
9.94895
10.0809
9.99806
9.67145
9.56517
9.73479
8.33614
8.94915
3.61011
4.26846
3.96352
9.21318
9.44257
9.28987
18.6286
19.1634
0.769234
1.15964
19.5934
19.3171
0.14064
0.241508
14.2581
12.5554
7.26427
17.1958
16.6284
18.9682
3.19173
6.10518
2.80653
3.37953
2.6857
14.614
14.2482
13.3394
0.455433
1.25681
1.70873
2.90403
18.409
17.7338
18.85
19.1701
19.2244
0.689042
0.916179
0.58478
1.24391
1.03263
1.27647
15.5495
15.6476
4.32991
18.8569
19.1612
19.179
17.6557
18.6084
17.6659
0.935639
0.642158
0.708234
10.0801
12.1207
14.2183
13.7708
13.9679
13.99
13.741
14.8742
14.5437
14.5086
14.9934
13.9671
13.8228
7.73471
6.38511
8.06964
7.70984
17.0971
16.685
16.492
16.2377
18.0834
17.6095
18.4598
17.8482
18.3101
18.5969
2.94045
3.13092
3.01272
2.5232
6.14502
6.6129
5.48943
5.63689
4.25929
2.42699
2.52558
2.75103
2.58281
2.93003
2.67831
2.94184
2.57719
2.32327
2.31962
2.92863
2.73679
2.60203
14.5924
14.5308
14.3317
14.3698
14.3524
14.4681
13.5338
13.9385
13.5662
12.3977
12.9786
12.5058
0.826004
0.660096
0.525816
1.3247
1.35169
1.11135
0.83651
1.17601
1.20234
0.816819
1.54398
1.44646
3.16051
2.65132
8.85254
7.98048
6.90042
16.799
17.6008
16.7705
18.0112
18.4282
18.5336
18.154
17.6458
15.7282
15.7233
15.3835
15.3369
4.77288
3.73845
4.97017
4.53962
10.4826
14.0645
11.8417
10.8031
11.0992
13.4227
13.9337
13.5856
13.723
13.2976
12.8259
13.5181
13.0517
13.1529
12.9316
15.7224
16.1976
15.804
15.2246
15.2445
10.6024
12.016
5.46838
5.64161
7.24325
6.53843
13.5131
13.9333
13.9178
13.5577
13.746
13.7457
13.6066
13.7805
13.8612
13.7554
11.823
10.1433
9.04505
9.0387
14.0765
12.3454
12.93
12.412
16.1189
16.6354
16.2501
15.6446
16.1296
15.6014
15.6287
15.8418
17.2
16.9496
16.7193
17.1062
3.05263
3.00095
3.64402
3.13579
3.03728
2.82378
3.48305
4.75618
4.414
6.72007
7.26868
4.57738
3.37228
3.79047
4.8038
5.54014
5.51298
3.9689
4.50166
4.92815
4.44014
5.22727
4.7309
2.71766
3.02177
2.86032
2.83478
3.38098
3.87918
3.37459
2.47896
2.58986
2.25597
2.11897
3.53246
2.99127
3.02762
3.67573
1.10548
1.32844
1.44149
2.41291
1.91118
1.97706
15.181
14.8251
14.9587
14.2379
14.3055
14.2466
13.871
15.2385
14.9606
15.06
13.7085
13.7953
13.6086
13.9039
14.3197
14.6189
15.4508
15.1719
14.411
14.562
14.213
14.1413
13.4634
12.9003
12.8398
1.11234
0.821826
0.983721
0.912986
0.608928
0.801361
2.18242
1.57175
1.96899
1.72678
1.95938
1.40511
1.30191
4.25184
5.05727
3.96778
3.36869
3.07143
8.90967
9.02172
8.16968
7.86424
8.20634
8.43814
8.38818
7.14207
7.57218
7.38423
9.92459
9.5908
17.5852
17.5293
17.2005
17.0416
17.2681
5.75899
7.66303
6.79852
7.91607
10.2112
10.5082
9.31253
8.70848
9.46211
9.53821
14.0462
14.1225
13.563
14.0489
14.0773
11.8336
12.8811
13.4957
13.31
13.8302
13.9113
12.9726
13.5611
13.4759
12.7582
12.8115
12.1266
12.465
11.993
11.7922
14.0545
13.9493
14.219
13.7699
14.1491
13.7136
14.0287
14.0269
14.3075
13.4093
12.8308
12.8494
13.2755
12.9754
13.3214
13.4853
9.30755
9.94981
10.3908
10.9268
10.635
10.416
10.2833
10.5849
10.5623
10.8328
10.7524
10.6027
11.5607
13.4201
13.7049
13.8069
13.6019
13.648
13.3407
13.6142
13.5431
13.9194
14.0078
14.0572
13.138
13.295
13.4906
13.3739
11.6744
10.0936
9.94705
9.50718
7.57572
8.04607
11.0231
9.90105
8.91703
8.98856
12.1674
10.8048
11.6179
12.0409
10.6926
10.3049
12.9702
13.7587
13.9785
13.7022
12.0587
12.1846
12.6344
13.0782
13.2678
13.7242
15.8588
16.4344
16.5123
16.2364
16.0984
16.1982
15.9483
16.0514
16.5255
16.652
16.4833
2.8782
2.9911
2.92135
2.84712
3.0829
2.8581
3.95093
3.94081
3.15331
3.33386
3.35351
3.46051
2.92786
2.97121
4.82354
5.05927
5.33161
4.83078
6.17327
6.82153
7.40423
7.08584
5.78762
5.86915
6.18625
3.50382
3.53201
3.25009
3.70583
3.75921
2.60989
2.23798
2.04245
2.56035
2.6635
2.04917
1.76883
1.81791
2.33035
2.05136
1.80569
14.9736
14.7319
14.7533
14.5331
14.5877
14.9825
15.2033
15.0134
15.1517
15.2028
14.8019
14.6908
14.8619
1.81828
1.49129
1.62301
1.58054
1.64087
1.5484
1.73553
7.60878
6.41347
6.80039
5.97785
4.12059
4.64069
9.54611
9.96866
10.0069
9.72017
9.509
9.87435
9.72554
9.71897
8.26592
9.33927
8.87186
9.27254
9.29275
9.3615
9.07287
9.07962
10.5841
10.6172
9.48184
10.1228
9.33007
7.93082
8.09801
9.11139
10.0851
10.4097
10.2536
9.98174
9.75337
10.1196
10.1743
10.235
10.2247
8.75194
8.70985
8.30971
13.968
13.8747
14.0213
14.0263
14.1535
13.9775
13.8145
14.0918
14.1462
13.9303
11.0808
11.1401
11.3857
12.1335
12.1854
12.0934
11.3381
13.1036
12.7583
13.3974
13.3435
13.4148
13.0042
12.8279
13.099
10.0794
11.4519
10.9843
11.2483
10.0621
9.30623
13.2229
13.2768
13.3428
13.6161
13.5734
14.1573
15.8287
15.6986
15.746
15.789
15.4007
15.4379
4.17297
3.82623
4.54538
4.50274
4.06141
3.76209
2.28719
1.96919
1.78218
1.65605
1.8887
1.94865
8.16043
8.19059
6.33136
7.35575
5.87568
4.93561
4.7922
5.95255
7.1343
7.1949
8.51782
9.19844
8.75599
8.5824
7.92375
8.25531
10.1239
10.2174
10.1183
10.4369
9.96965
11.7158
11.2981
11.6471
13.2618
12.9704
12.3722
12.259
12.2241
12.8177
11.9461
11.1771
11.8902
12.5471
12.5052
11.1212
10.8763
11.3027
11.2858
10.1996
10.7209
10.4829
10.8348
10.549
))
(300 (1 10 1 0 0 919 1018)(
23.4676
23.5806
0.961778
22.885
23.097
3.28167
13.7866
2.93469
2.62472
14.4069
20.64
16.8814
12.998
14.0517
2.25532
18.4585
1.40007
12.9961
19.2826
14.12
14.3764
18.6023
1.15367
21.6339
15.4935
3.80874
2.81592
13.9287
5.87043
13.7617
16.6424
2.60838
2.94903
2.67848
2.33713
13.8864
14.5351
14.2141
21.2862
19.8305
17.6095
16.1024
12.7496
13.4676
14.0949
14.1099
2.20067
17.4753
20.0089
1.52824
0.953064
13.4908
18.4009
14.1284
11.4989
13.9823
15.3261
15.4073
17.7543
19.4761
15.1564
15.6093
15.8914
4.46938
2.43128
13.9913
5.18315
6.72615
16.1834
17.2828
2.43542
2.95817
2.82732
2.0373
13.3966
14.328
15.095
14.8221
19.0784
13.9975
14.0156
16.313
16.6971
1.80794
13.6326
10.3678
12.2462
14.0304
16.0042
20.3103
14.7845
15.9797
15.3502
14.0567
7.75144
12.8912
18.3398
14.6115
16.9057
8.94915
))
(300 (1 11 1 0 0 919 926)(
23.4676
22.885
19.2408
20.4463
19.2525
19.7211
20.4802
19.6015
))
(300 (1 12 1 0 0 919 922)(
23.5806
23.097
22.2489
22.0344
))
(300 (1 13 1 0 0 919 926)(
0
0
0
0
0
0
0
0
))
(300 (1 14 1 0 0 919 952)(
1.00961
0.923932
0.148393
10.4082
5.97722
2.97859
1.22143
8.29551
0.516029
10.3425
10.3076
9.876
6.6096
5.25207
3.34345
2.55171
10.1584
2.0127
1.67906
8.75622
7.87492
10.4198
10.1277
10.2001
9.68704
4.54129
10.4251
2.23527
9.04523
7.26016
9.99806
9.56517
3.96352
9.28987
))
(300 (1 15 1 0 0 919 2754)(
23.4676
23.4676
23.5806
23.5806
0.961778
0.961778
22.885
22.885
1.00961
1.00961
23.097
23.097
3.28167
3.28167
13.7866
13.7866
19.2408
19.2408
2.93469
2.93469
2.62472
2.62472
14.4069
14.4069
20.64
20.64
16.8814
16.8814
12.998
12.998
0.923932
0.923932
14.0517
14.0517
2.25532
2.25532
18.4585
18.4585
1.40007
1.40007
12.9961
12.9961
20.4463
20.4463
21.535
21.535
19.2826
19.2826
14.12
14.12
14.3764
14.3764
18.6023
18.6023
1.15367
1.15367
0.109958
0.109958
0.260001
0.260001
0.976184
0.976184
0.408698
0.408698
0.148393
0.148393
21.6339
21.6339
22.3106
22.3106
22.2489
22.2489
15.4935
15.4935
10.4082
10.4082
3.60495
3.60495
3.80874
3.80874
2.99187
2.99187
2.81592
2.81592
13.829
13.829
13.9287
13.9287
5.87043
5.87043
13.7658
13.7658
13.7617
13.7617
16.6424
16.6424
19.1089
19.1089
19.2525
19.2525
19.5457
19.5457
19.3347
19.3347
19.7211
19.7211
5.97722
5.97722
2.7875
2.7875
2.60838
2.60838
2.87581
2.87581
2.94903
2.94903
2.97859
2.97859
2.69739
2.69739
2.67848
2.67848
2.4831
2.4831
2.33713
2.33713
13.8864
13.8864
14.48
14.48
14.5351
14.5351
14.2664
14.2664
14.2141
14.2141
22.4566
22.4566
21.6996
21.6996
22.0344
22.0344
21.1407
21.1407
21.2862
21.2862
20.2161
20.2161
19.8305
19.8305
17.257
17.257
17.6095
17.6095
16.4833
16.4833
16.1024
16.1024
12.7884
12.7884
12.7496
12.7496
13.2179
13.2179
13.4676
13.4676
0.146374
0.146374
1.07339
1.07339
1.22143
1.22143
14.0585
14.0585
14.0949
14.0949
14.0953
14.0953
14.1099
14.1099
8.29551
8.29551
2.19729
2.19729
2.20067
2.20067
17.8988
17.8988
17.4753
17.4753
20.4802
20.4802
20.7474
20.7474
20.1944
20.1944
20.0089
20.0089
1.53308
1.53308
1.52824
1.52824
1.15584
1.15584
1.18436
1.18436
0.953064
0.953064
13.3369
13.3369
13.4908
13.4908
19.234
19.234
18.4009
18.4009
14.1534
14.1534
14.0535
14.0535
14.1284
14.1284
11.4989
11.4989
13.9089
13.9089
13.9823
13.9823
15.3261
15.3261
15.7816
15.7816
14.9708
14.9708
15.4073
15.4073
18.1723
18.1723
17.7543
17.7543
19.0389
19.0389
19.4761
19.4761
0.39583
0.39583
0.1561
0.1561
0.686737
0.686737
0.317774
0.317774
0.516029
0.516029
15.3618
15.3618
15.1564
15.1564
15.6093
15.6093
15.6602
15.6602
15.8914
15.8914
10.4126
10.4126
10.3425
10.3425
10.3875
10.3875
10.3076
10.3076
4.15502
4.15502
4.46938
4.46938
2.26492
2.26492
2.58025
2.58025
2.43128
2.43128
9.876
9.876
13.9448
13.9448
13.9913
13.9913
4.81566
4.81566
5.51911
5.51911
5.18315
5.18315
6.35209
6.35209
6.72615
6.72615
16.0081
16.0081
16.4446
16.4446
16.1834
16.1834
17.7297
17.7297
16.9346
16.9346
17.2828
17.2828
19.8119
19.8119
19.3011
19.3011
19.6015
19.6015
6.37359
6.37359
6.6096
6.6096
5.61115
5.61115
5.25207
5.25207
2.24597
2.24597
2.49236
2.49236
2.43542
2.43542
2.98041
2.98041
2.95817
2.95817
3.21346
3.21346
3.34345
3.34345
2.69456
2.69456
2.55171
2.55171
2.89184
2.89184
2.77583
2.77583
2.82732
2.82732
2.16721
2.16721
2.0373
2.0373
13.6105
13.6105
13.3966
13.3966
14.1494
14.1494
14.328
14.328
15.095
15.095
14.9467
14.9467
14.6533
14.6533
14.8221
14.8221
19.0256
19.0256
19.4291
19.4291
19.4625
19.4625
19.0784
19.0784
11.5495
11.5495
10.1584
10.1584
13.722
13.722
13.9975
13.9975
0.302384
0.302384
0.265825
0.265825
0.137884
0.137884
0.380293
0.380293
0.400113
0.400113
0.141515
0.141515
2.0127
2.0127
1.82426
1.82426
1.40352
1.40352
1.67906
1.67906
14.0559
14.0559
14.0156
14.0156
8.53642
8.53642
8.75622
8.75622
8.13196
8.13196
7.87492
7.87492
16.313
16.313
16.4632
16.4632
17.0973
17.0973
16.6971
16.6971
1.96433
1.96433
1.67841
1.67841
1.80794
1.80794
13.6531
13.6531
13.526
13.526
13.6326
13.6326
10.9341
10.9341
10.3678
10.3678
11.9765
11.9765
12.2462
12.2462
13.9907
13.9907
14.0343
14.0343
14.0304
14.0304
15.6858
15.6858
16.0042
16.0042
19.8269
19.8269
20.0976
20.0976
19.9245
19.9245
20.3103
20.3103
21.3731
21.3731
21.0244
21.0244
20.6396
20.6396
14.5377
14.5377
14.9461
14.9461
14.7845
14.7845
16.1266
16.1266
15.7603
15.7603
15.9797
15.9797
15.1876
15.1876
15.4923
15.4923
15.3502
15.3502
10.3739
10.3739
10.4198
10.4198
10.1277
10.1277
10.2053
10.2053
10.2527
10.2527
10.2001
10.2001
9.81377
9.81377
9.68704
9.68704
14.0774
14.0774
14.0328
14.0328
14.0567
14.0567
7.25362
7.25362
7.75144
7.75144
4.87068
4.87068
4.54129
4.54129
12.5425
12.5425
13.2156
13.2156
12.8912
12.8912
18.6553
18.6553
17.9777
17.9777
18.7106
18.7106
18.3398
18.3398
17.8898
17.8898
18.2133
18.2133
10.4304
10.4304
10.3916
10.3916
10.4251
10.4251
14.9217
14.9217
14.2596
14.2596
14.6115
14.6115
2.43618
2.43618
2.07248
2.07248
2.23527
2.23527
8.95247
8.95247
9.04523
9.04523
6.97916
6.97916
7.59804
7.59804
7.26016
7.26016
16.3058
16.3058
16.6462
16.6462
17.3263
17.3263
16.4381
16.4381
16.9057
16.9057
17.413
17.413
17.1911
17.1911
9.94895
9.94895
10.0809
10.0809
9.99806
9.99806
9.67145
9.67145
9.56517
9.56517
9.73479
9.73479
8.33614
8.33614
8.94915
8.94915
3.61011
3.61011
4.26846
4.26846
3.96352
3.96352
9.21318
9.21318
9.44257
9.44257
9.28987
9.28987
18.6286
18.6286
19.1634
19.1634
0.769234
0.769234
1.15964
1.15964
19.5934
19.5934
19.3171
19.3171
0.14064
0.14064
0.241508
0.241508
14.2581
14.2581
12.5554
12.5554
7.26427
7.26427
17.1958
17.1958
16.6284
16.6284
18.9682
18.9682
3.19173
3.19173
6.10518
6.10518
2.80653
2.80653
3.37953
3.37953
2.6857
2.6857
14.614
14.614
14.2482
14.2482
13.3394
13.3394
0.455433
0.455433
1.25681
1.25681
1.70873
1.70873
2.90403
2.90403
18.409
18.409
17.7338
17.7338
18.85
18.85
19.1701
19.1701
19.2244
19.2244
0.689042
0.689042
0.916179
0.916179
0.58478
0.58478
1.24391
1.24391
1.03263
1.03263
1.27647
1.27647
15.5495
15.5495
15.6476
15.6476
4.32991
4.32991
18.8569
18.8569
19.1612
19.1612
19.179
19.179
17.6557
17.6557
18.6084
18.6084
17.6659
17.6659
0.935639
0.935639
0.642158
0.642158
0.708234
0.708234
10.0801
10.0801
12.1207
12.1207
14.2183
14.2183
13.7708
13.7708
13.9679
13.9679
13.99
13.99
13.741
13.741
14.8742
14.8742
14.5437
14.5437
14.5086
14.5086
14.9934
14.9934
13.9671
13.9671
13.8228
13.8228
7.73471
7.73471
6.38511
6.38511
8.06964
8.06964
7.70984
7.70984
17.0971
17.0971
16.685
16.685
16.492
16.492
16.2377
16.2377
18.0834
18.0834
17.6095
17.6095
18.4598
18.4598
17.8482
17.8482
18.3101
18.3101
18.5969
18.5969
2.94045
2.94045
3.13092
3.13092
3.01272
3.01272
2.5232
2.5232
6.14502
6.14502
6.6129
6.6129
5.48943
5.48943
5.63689
5.63689
4.25929
4.25929
2.42699
2.42699
2.52558
2.52558
2.75103
2.75103
2.58281
2.58281
2.93003
2.93003
2.67831
2.67831
2.94184
2.94184
2.57719
2.57719
2.32327
2.32327
2.31962
2.31962
2.92863
2.92863
2.73679
2.73679
2.60203
2.60203
14.5924
14.5924
14.5308
14.5308
14.3317
14.3317
14.3698
14.3698
14.3524
14.3524
14.4681
14.4681
13.5338
13.5338
13.9385
13.9385
13.5662
13.5662
12.3977
12.3977
12.9786
12.9786
12.5058
12.5058
0.826004
0.826004
0.660096
0.660096
0.525816
0.525816
1.3247
1.3247
1.35169
1.35169
1.11135
1.11135
0.83651
0.83651
1.17601
1.17601
1.20234
1.20234
0.816819
0.816819
1.54398
1.54398
1.44646
1.44646
3.16051
3.16051
2.65132
2.65132
8.85254
8.85254
7.98048
7.98048
6.90042
6.90042
16.799
16.799
17.6008
17.6008
16.7705
16.7705
18.0112
18.0112
18.4282
18.4282
18.5336
18.5336
18.154
18.154
17.6458
17.6458
15.7282
15.7282
15.7233
15.7233
15.3835
15.3835
15.3369
15.3369
4.77288
4.77288
3.73845
3.73845
4.97017
4.97017
4.53962
4.53962
10.4826
10.4826
14.0645
14.0645
11.8417
11.8417
10.8031
10.8031
11.0992
11.0992
13.4227
13.4227
13.9337
13.9337
13.5856
13.5856
13.723
13.723
13.2976
13.2976
12.8259
12.8259
13.5181
13.5181
13.0517
13.0517
13.1529
13.1529
12.9316
12.9316
15.7224
15.7224
16.1976
16.1976
15.804
15.804
15.2246
15.2246
15.2445
15.2445
10.6024
10.6024
12.016
12.016
5.46838
5.46838
5.64161
5.64161
7.24325
7.24325
6.53843
6.53843
13.5131
13.5131
13.9333
13.9333
13.9178
13.9178
13.5577
13.5577
13.746
13.746
13.7457
13.7457
13.6066
13.6066
13.7805
13.7805
13.8612
13.8612
13.7554
13.7554
11.823
11.823
10.1433
10.1433
9.04505
9.04505
9.0387
9.0387
14.0765
14.0765
12.3454
12.3454
12.93
12.93
12.412
12.412
16.1189
16.1189
16.6354
16.6354
16.2501
16.2501
15.6446
15.6446
16.1296
16.1296
15.6014
15.6014
15.6287
15.6287
15.8418
15.8418
17.2
17.2
16.9496
16.9496
16.7193
16.7193
17.1062
17.1062
3.05263
3.05263
3.00095
3.00095
3.64402
3.64402
3.13579
3.13579
3.03728
3.03728
2.82378
2.82378
3.48305
3.48305
4.75618
4.75618
4.414
4.414
6.72007
6.72007
7.26868
7.26868
4.57738
4.57738
3.37228
3.37228
3.79047
3.79047
4.8038
4.8038
5.54014
5.54014
5.51298
5.51298
3.9689
3.9689
4.50166
4.50166
4.92815
4.92815
4.44014
4.44014
5.22727
5.22727
4.7309
4.7309
2.71766
2.71766
3.02177
3.02177
2.86032
2.86032
2.83478
2.83478
3.38098
3.38098
3.87918
3.87918
3.37459
3.37459
2.47896
2.47896
2.58986
2.58986
2.25597
2.25597
2.11897
2.11897
3.53246
3.53246
2.99127
2.99127
3.02762
3.02762
3.67573
3.67573
1.10548
1.10548
1.32844
1.32844
1.44149
1.44149
2.41291
2.41291
1.91118
1.91118
1.97706
1.97706
15.181
15.181
14.8251
14.8251
14.9587
14.9587
14.2379
14.2379
14.3055
14.3055
14.2466
14.2466
13.871
13.871
15.2385
15.2385
14.9606
14.9606
15.06
15.06
13.7085
13.7085
13.7953
13.7953
13.6086
13.6086
13.9039
13.9039
14.3197
14.3197
14.6189
14.6189
15.4508
15.4508
15.1719
15.1719
14.411
14.411
14.562
14.562
14.213
14.213
14.1413
14.1413
13.4634
13.4634
12.9003
12.9003
12.8398
12.8398
1.11234
1.11234
0.821826
0.821826
0.983721
0.983721
0.912986
0.912986
0.608928
0.608928
0.801361
0.801361
2.18242
2.18242
1.57175
1.57175
1.96899
1.96899
1.72678
1.72678
1.95938
1.95938
1.40511
1.40511
1.30191
1.30191
4.25184
4.25184
5.05727
5.05727
3.96778
3.96778
3.36869
3.36869
3.07143
3.07143
8.90967
8.90967
9.02172
9.02172
8.16968
8.16968
7.86424
7.86424
8.20634
8.20634
8.43814
8.43814
8.38818
8.38818
7.14207
7.14207
7.57218
7.57218
7.38423
7.38423
9.92459
9.92459
9.5908
9.5908
17.5852
17.5852
17.5293
17.5293
17.2005
17.2005
17.0416
17.0416
17.2681
17.2681
5.75899
5.75899
7.66303
7.66303
6.79852
6.79852
7.91607
7.91607
10.2112
10.2112
10.5082
10.5082
9.31253
9.31253
8.70848
8.70848
9.46211
9.46211
9.53821
9.53821
14.0462
14.0462
14.1225
14.1225
13.563
13.563
14.0489
14.0489
14.0773
14.0773
11.8336
11.8336
12.8811
12.8811
13.4957
13.4957
13.31
13.31
13.8302
13.8302
13.9113
13.9113
12.9726
12.9726
13.5611
13.5611
13.4759
13.4759
12.7582
12.7582
12.8115
12.8115
12.1266
12.1266
12.465
12.465
11.993
11.993
11.7922
11.7922
14.0545
14.0545
13.9493
13.9493
14.219
14.219
13.7699
13.7699
14.1491
14.1491
13.7136
13.7136
14.0287
14.0287
14.0269
14.0269
14.3075
14.3075
13.4093
13.4093
12.8308
12.8308
12.8494
12.8494
13.2755
13.2755
12.9754
12.9754
13.3214
13.3214
13.4853
13.4853
9.30755
9.30755
9.94981
9.94981
10.3908
10.3908
10.9268
10.9268
10.635
10.635
10.416
10.416
10.2833
10.2833
10.5849
10.5849
10.5623
10.5623
10.8328
10.8328
10.7524
10.7524
10.6027
10.6027
11.5607
11.5607
13.4201
13.4201
13.7049
13.7049
13.8069
13.8069
13.6019
13.6019
13.648
13.648
13.3407
13.3407
13.6142
13.6142
13.5431
13.5431
13.9194
13.9194
14.0078
14.0078
14.0572
14.0572
13.138
13.138
13.295
13.295
13.4906
13.4906
13.3739
13.3739
11.6744
11.6744
10.0936
10.0936
9.94705
9.94705
9.50718
9.50718
7.57572
7.57572
8.04607
8.04607
11.0231
11.0231
9.90105
9.90105
8.91703
8.91703
8.98856
8.98856
12.1674
12.1674
10.8048
10.8048
11.6179
11.6179
12.0409
12.0409
10.6926
10.6926
10.3049
10.3049
12.9702
12.9702
13.7587
13.7587
13.9785
13.9785
13.7022
13.7022
12.0587
12.0587
12.1846
12.1846
12.6344
12.6344
13.0782
13.0782
13.2678
13.2678
13.7242
13.7242
15.8588
15.8588
16.4344
16.4344
16.5123
16.5123
16.2364
16.2364
16.0984
16.0984
16.1982
16.1982
15.9483
15.9483
16.0514
16.0514
16.5255
16.5255
16.652
16.652
16.4833
16.4833
2.8782
2.8782
2.9911
2.9911
2.92135
2.92135
2.84712
2.84712
3.0829
3.0829
2.8581
2.8581
3.95093
3.95093
3.94081
3.94081
3.15331
3.15331
3.33386
3.33386
3.35351
3.35351
3.46051
3.46051
2.92786
2.92786
2.97121
2.97121
4.82354
4.82354
5.05927
5.05927
5.33161
5.33161
4.83078
4.83078
6.17327
6.17327
6.82153
6.82153
7.40423
7.40423
7.08584
7.08584
5.78762
5.78762
5.86915
5.86915
6.18625
6.18625
3.50382
3.50382
3.53201
3.53201
3.25009
3.25009
3.70583
3.70583
3.75921
3.75921
2.60989
2.60989
2.23798
2.23798
2.04245
2.04245
2.56035
2.56035
2.6635
2.6635
2.04917
2.04917
1.76883
1.76883
1.81791
1.81791
2.33035
2.33035
2.05136
2.05136
1.80569
1.80569
14.9736
14.9736
14.7319
14.7319
14.7533
14.7533
14.5331
14.5331
14.5877
14.5877
14.9825
14.9825
15.2033
15.2033
15.0134
15.0134
15.1517
15.1517
15.2028
15.2028
14.8019
14.8019
14.6908
14.6908
14.8619
14.8619
1.81828
1.81828
1.49129
1.49129
1.62301
1.62301
1.58054
1.58054
1.64087
1.64087
1.5484
1.5484
1.73553
1.73553
7.60878
7.60878
6.41347
6.41347
6.80039
6.80039
5.97785
5.97785
4.12059
4.12059
4.64069
4.64069
9.54611
9.54611
9.96866
9.96866
10.0069
10.0069
9.72017
9.72017
9.509
9.509
9.87435
9.87435
9.72554
9.72554
9.71897
9.71897
8.26592
8.26592
9.33927
9.33927
8.87186
8.87186
9.27254
9.27254
9.29275
9.29275
9.3615
9.3615
9.07287
9.07287
9.07962
9.07962
10.5841
10.5841
10.6172
10.6172
9.48184
9.48184
10.1228
10.1228
9.33007
9.33007
7.93082
7.93082
8.09801
8.09801
9.11139
9.11139
10.0851
10.0851
10.4097
10.4097
10.2536
10.2536
9.98174
9.98174
9.75337
9.75337
10.1196
10.1196
10.1743
10.1743
10.235
10.235
10.2247
10.2247
8.75194
8.75194
8.70985
8.70985
8.30971
8.30971
13.968
13.968
13.8747
13.8747
14.0213
14.0213
14.0263
14.0263
14.1535
14.1535
13.9775
13.9775
13.8145
13.8145
14.0918
14.0918
14.1462
14.1462
13.9303
13.9303
11.0808
11.0808
11.1401
11.1401
11.3857
11.3857
12.1335
12.1335
12.1854
12.1854
12.0934
12.0934
11.3381
11.3381
13.1036
13.1036
12.7583
12.7583
13.3974
13.3974
13.3435
13.3435
13.4148
13.4148
13.0042
13.0042
12.8279
12.8279
13.099
13.099
10.0794
10.0794
11.4519
11.4519
10.9843
10.9843
11.2483
11.2483
10.0621
10.0621
9.30623
9.30623
13.2229
13.2229
13.2768
13.2768
13.3428
13.3428
13.6161
13.6161
13.5734
13.5734
14.1573
14.1573
15.8287
15.8287
15.6986
15.6986
15.746
15.746
15.789
15.789
15.4007
15.4007
15.4379
15.4379
4.17297
4.17297
3.82623
3.82623
4.54538
4.54538
4.50274
4.50274
4.06141
4.06141
3.76209
3.76209
2.28719
2.28719
1.96919
1.96919
1.78218
1.78218
1.65605
1.65605
1.8887
1.8887
1.94865
1.94865
8.16043
8.16043
8.19059
8.19059
6.33136
6.33136
7.35575
7.35575
5.87568
5.87568
4.93561
4.93561
4.7922
4.7922
5.95255
5.95255
7.1343
7.1343
7.1949
7.1949
8.51782
8.51782
9.19844
9.19844
8.75599
8.75599
8.5824
8.5824
7.92375
7.92375
8.25531
8.25531
10.1239
10.1239
10.2174
10.2174
10.1183
10.1183
10.4369
10.4369
9.96965
9.96965
11.7158
11.7158
11.2981
11.2981
11.6471
11.6471
13.2618
13.2618
12.9704
12.9704
12.3722
12.3722
12.259
12.259
12.2241
12.2241
12.8177
12.8177
11.9461
11.9461
11.1771
11.1771
11.8902
11.8902
12.5471
12.5471
12.5052
12.5052
11.1212
11.1212
10.8763
10.8763
11.3027
11.3027
11.2858
11.2858
10.1996
10.1996
10.7209
10.7209
10.4829
10.4829
10.8348
10.8348
10.549
10.549
))
(300 (2 1 3 0 0 1 918)(
2.47629 -0.138943 0 
0.108704 0.722546 0 
0.172204 1.06419 0 
2.31834 0.153728 0 
-0.0597873 1.26063 -1.2144e-19 
-0.0924034 0.643931 -5.31494e-18 
0.528379 0.846701 -2.96199e-19 
0.274472 0.152944 -2.98878e-20 
3.00615 -0.0195611 0 
-0.00825234 0.475623 0 
-0.0173961 0.589371 0 
0.60528 0.0067582 0 
0.0107054 0.439105 0 
-0.00288289 0.421689 0 
0.0134848 0.340938 -1.30564e-18 
-0.00512236 0.765463 -9.18996e-20 
0.312515 0.0742908 2.15209e-18 
0.0793724 0.639861 -2.23782e-19 
1.52884 0.128628 0 
-0.0272497 0.688517 0 
0.194719 0.157794 -1.26593e-18 
3.08302 -0.397374 0 
2.92445 -0.505981 0 
1.86116 -0.1811 0 
0.511494 0.0400878 0 
-0.025368 0.521555 0 
-0.00135314 0.494038 1.86285e-18 
-0.0235215 1.41028 0 
0.0726961 2.90202 0 
0.16806 1.74964 0 
-0.0407749 3.14708 0 
0.0262514 1.62854 9.33742e-20 
0.0227115 0.682331 0 
-0.147425 0.775094 -2.03131e-22 
-0.193914 1.0291 4.42217e-18 
-0.0415772 1.04471 0 
0.744559 -0.00600746 0 
0.1613 0.246733 6.65887e-19 
0.990612 1.50836 6.54037e-19 
0.648094 0.781933 -5.16866e-19 
0.796138 1.56937 6.22035e-20 
0.41529 0.847973 -3.21236e-19 
0.552678 0.306763 2.93942e-20 
0.29712 0.153717 0 
0.961672 0.565644 0 
0.533012 0.304151 1.32034e-19 
0.258147 0.162886 -1.35486e-19 
0.87159 -0.0554798 0 
3.02784 -0.00170551 0 
3.00685 0.0178653 0 
3.20086 -0.417734 0 
3.04288 -0.0742125 0 
3.03116 -0.0388411 0 
0.0185771 0.907258 -1.14699e-18 
-0.0541746 0.971 0 
0.00273019 0.453488 0 
-0.0289154 0.978159 0 
-0.0114318 0.479928 0 
-0.00157328 0.871265 0 
-0.0522447 1.11024 0 
-0.0127228 0.541226 0 
-0.0255872 1.16261 0 
-0.00615008 0.622163 0 
0.790404 0.0116133 0 
1.16954 -0.00157196 0 
0.618301 0.0123655 0 
1.12593 0.0175962 0 
0.569838 0.00867382 0 
0.225406 0.921982 1.96019e-18 
0.0985379 1.2081 0 
0.176302 1.06604 0 
0.0331901 0.755774 2.19979e-23 
0.0372233 0.498055 -2.93163e-18 
0.0194616 0.747943 0 
0.0059542 0.422033 0 
-0.000695743 0.734549 4.51859e-24 
0.00070237 0.414825 0 
-0.0169221 0.743181 0 
-0.0129388 0.427982 0 
0.0495673 0.650327 0 
0.0485591 0.458554 0 
0.008064 0.622103 1.23446e-18 
0.000773251 0.344936 0 
-0.0751737 4.68659 0 
0.00826648 1.45297 9.12371e-20 
-0.010666 0.783214 -1.175e-19 
0.636351 0.152206 -7.50924e-19 
0.321723 0.0656991 -7.28676e-19 
0.645092 0.169801 -2.25461e-18 
0.317662 0.0956091 -1.45156e-18 
0.0789926 0.621375 0 
0.177558 1.30839 1.85673e-19 
0.178892 0.727129 -2.96257e-19 
2.06031 0.260944 0 
1.10704 0.118449 0 
3.03313 0.103886 0 
3.10392 0.446058 0 
2.83919 0.377458 -1.0127e-17 
2.57811 0.361309 7.77064e-18 
-0.0713019 1.26811 0 
-0.0115998 0.625396 0 
-0.0155083 1.91291 0 
-0.0514265 1.35386 0 
-0.0486305 0.682917 0 
0.440627 0.295878 4.00781e-19 
0.225601 0.163468 0 
2.29609 -0.266395 0 
1.32372 -0.119274 0 
1.0765 0.0126559 0 
1.0122 0.018757 0 
0.541017 0.0108394 0 
1.01957 0.0563541 0 
0.82141 0.070344 0 
0.343697 0.0287004 3.36273e-18 
-0.00543751 0.451594 1.77403e-18 
-0.027036 0.784634 0 
-0.047334 0.84753 0 
-0.0152774 0.460446 0 
0.000132407 0.839725 1.81641e-18 
7.29204e-05 0.48753 0 
-0.00547891 0.845554 -5.59163e-18 
-0.00488634 0.496761 1.88677e-18 
0.0505719 3.58282 0 
0.0380046 4.03965 0 
-0.01663 1.40405 -2.05197e-21 
-0.0137624 1.35556 0 
-0.0100281 0.737673 0 
1.41014 0.0348775 0 
0.760521 0.0154334 0 
0.709533 0.0142624 0 
1.41615 -0.0328523 0 
0.773501 -0.00874252 0 
0.322679 0.481227 -8.36051e-19 
0.157066 0.23308 0 
0.325637 0.510201 9.37009e-20 
0.163698 0.268954 0 
1.23789 1.38273 1.66711e-19 
0.777025 0.738909 -3.92914e-19 
0.410114 1.41618 0 
0.604699 1.52791 0 
0.30228 0.811477 0 
0.145808 0.354432 -4.4331e-19 
0.607684 0.280882 0 
0.313654 0.134691 3.9884e-19 
1.42468 1.30355 0 
1.58438 1.16632 0 
0.873459 0.662531 4.62137e-19 
1.73187 0.95169 0 
1.06745 0.438186 2.31952e-20 
1.47296 0.00813413 0 
1.50099 -0.0292418 0 
0.801887 -0.00441806 0 
1.95042 -0.199781 0 
1.65081 -0.148182 0 
1.05215 -0.0889707 0 
3.06126 0.164852 0 
3.03105 0.0687867 0 
3.01022 0.0531589 0 
0.0353895 1.61342 6.08634e-19 
0.0178025 0.831348 0 
0.0179033 1.70424 1.08037e-18 
0.00295179 0.943107 -9.7122e-19 
0.0644543 1.14757 1.88492e-19 
0.0475912 0.98525 0 
0.039978 0.526682 0 
-0.0287552 1.00253 0 
-0.00709705 0.516172 0 
0.0175109 1.61894 -4.42877e-21 
-0.0184986 0.868124 0 
-0.0541558 1.58643 -2.25484e-19 
-0.0164474 0.821745 4.36642e-19 
-0.00203033 1.02745 0 
0.00996817 1.04238 0 
-0.000134187 0.530518 0 
0.010206 1.17228 0 
0.000595178 0.61335 0 
1.46815 -0.00373123 0 
0.789118 0.00804557 0 
1.44043 0.0331523 0 
0.761738 -0.000563203 0 
0.675416 0.0053401 0 
1.26203 0.0166743 0 
1.20248 0.0473038 0 
0.659734 0.0155511 0 
-0.00580053 1.42077 -1.70247e-20 
0.000184315 1.37708 0 
0.00482011 0.732923 0 
0.00172892 0.417221 0 
0.284874 0.829592 0 
0.253974 0.40021 -2.87216e-19 
-0.00219875 0.635438 0 
-0.00888769 0.367605 0 
0.00485532 4.34691 0 
-0.055816 4.66305 0 
-0.0256749 4.57087 0 
-0.0753689 3.35232 2.04793e-20 
-0.0655887 4.59425 0 
-0.0577652 4.16633 0 
0.00444249 0.818035 1.07399e-20 
0.0138114 1.55994 1.65148e-19 
-0.0360258 1.49932 1.20723e-19 
-0.00774266 0.824198 0 
0.664669 0.105743 1.15323e-18 
0.325782 0.0441688 -1.13019e-18 
0.150461 1.13889 0 
0.101513 0.57599 -2.69645e-19 
0.119045 1.23954 -8.75645e-19 
0.0522542 0.690731 8.7114e-19 
0.809211 0.0240613 0 
1.55678 0.047676 0 
1.70971 0.12765 0 
0.919851 0.0445215 0 
0.00736327 1.18471 0 
0.0253761 1.19389 0 
0.00418858 0.629473 0 
0.482516 0.315346 1.20381e-18 
0.437203 0.309356 -1.38696e-18 
0.23493 0.164291 0 
1.93483 0.152833 1.15229e-19 
1.13596 0.0931549 0 
1.72391 0.118378 0 
0.883527 0.022665 0 
0.678381 0.0857525 0 
0.699896 0.0460703 -5.40715e-18 
0.346809 0.032599 1.99889e-18 
0.00914268 0.807277 1.69415e-18 
0.00222133 0.462507 4.08163e-20 
-0.0108777 1.40842 -3.58084e-20 
0.00613616 1.38675 1.36616e-18 
-0.0149832 0.848955 6.29577e-20 
-0.0119261 0.524486 -2.52961e-22 
-0.107514 1.00068 -1.16512e-18 
-0.0529602 1.3532 8.34166e-19 
-0.0175323 1.35275 -1.35806e-18 
1.42265 -0.0170938 0 
1.4423 0.0203077 0 
0.769831 -0.000184475 0 
1.4522 0.0253799 0 
1.36322 0.046227 0 
0.761555 0.0203048 0 
1.30067 -0.00215917 0 
1.31871 -0.00585477 0 
0.69508 -0.000990703 0 
0.305366 0.474196 -9.15569e-19 
0.161607 0.243039 0 
0.157563 0.309134 1.37054e-19 
0.31039 0.587292 1.12299e-18 
0.308099 0.549782 -6.64804e-19 
0.157171 0.282473 1.29907e-18 
0.279448 0.720085 2.18387e-18 
0.148801 0.382061 3.94108e-19 
0.636403 0.213212 1.53748e-18 
0.62633 0.253745 3.99326e-19 
0.316748 0.115089 7.49291e-19 
1.91958 0.713678 -5.99817e-19 
1.16679 0.335714 -7.01997e-19 
-0.0354708 1.71073 4.64321e-19 
-0.0117176 0.928865 0 
1.60357 0.0238889 0 
1.52168 0.0653393 0 
0.852795 0.0268323 0 
-0.00355884 1.38473 0 
0.00507413 0.729574 2.49573e-18 
0.00465033 0.731252 0 
0.00207077 0.415097 -2.44275e-18 
-0.0102753 1.38626 5.95803e-19 
-0.00947274 1.4225 0 
0.337078 0.488879 2.58044e-19 
0.360554 0.547148 -8.63273e-19 
0.172087 0.25817 7.8138e-19 
-0.0256742 0.767452 -1.66311e-18 
-0.0261494 0.689719 0 
-0.0154345 0.412925 0 
0.0296477 1.54857 -1.27698e-20 
0.0308287 1.57965 -3.64178e-19 
0.0176027 0.82248 -1.55686e-20 
0.214479 1.0487 8.91285e-19 
0.120209 0.511081 -5.93105e-19 
0.0118738 1.49252 7.31468e-19 
0.0561342 1.35794 -8.16478e-19 
0.0269366 0.764341 3.54275e-20 
0.00751073 1.36614 -3.80857e-18 
-0.000217132 1.39326 4.41054e-18 
0.00377306 0.829776 1.73336e-18 
-0.0138304 0.805093 -1.72585e-18 
-0.00430943 0.481399 -1.739e-18 
-0.0106516 1.41685 -4.50091e-18 
-0.0152186 1.40032 4.59013e-18 
0.287294 0.676817 0 
0.300643 0.636325 -2.28966e-18 
0.152384 0.332587 9.91224e-19 
0.282372 0.798818 1.18649e-18 
0.139384 0.429056 -1.83072e-18 
2.05601 0.32226 4.1582e-19 
2.0502 0.547121 0 
1.21797 0.220774 -4.01797e-19 
-0.074374 1.64024 -4.79883e-21 
-0.0147578 1.6969 0 
-0.0160145 0.92522 0 
0.228072 0.948401 -3.23199e-19 
0.249278 0.869904 -7.07811e-19 
0.129352 0.465058 1.32643e-18 
3.16442 -0.442874 0 
3.34728 -0.414687 1.81268e-18 
0.0581016 3.49749 0 
0.0463548 2.82211 0 
3.15926 0.249913 1.41917e-20 
3.12355 0.506294 3.71187e-18 
0.0199886 3.41838 -2.74846e-20 
0.00800915 2.65166 0 
-0.0416241 1.19605 1.55548e-18 
0.190484 1.31704 0 
3.47029 1.62326 -3.24798e-19 
3.17428 0.272568 -2.96098e-20 
3.14837 -0.118704 0 
3.10047 -0.000406401 3.72888e-22 
0.0431209 2.58006 0 
0.157807 3.31488 0 
-0.0563534 2.53059 0 
-0.0252082 3.49604 3.15669e-19 
-0.0276327 3.57221 1.99203e-19 
2.63364 0.0487826 -1.36469e-20 
3.04735 0.0310961 0 
3.15762 0.0867422 0 
-0.0582639 4.61698 0 
-0.0482151 3.0759 0 
-0.0744576 2.94294 0 
0.650169 3.09369 2.66224e-19 
3.33884 -0.422462 0 
3.0114 -0.345812 0 
3.1699 -0.0530398 2.27705e-18 
3.2927 -0.328702 -2.74182e-18 
3.1038 -0.125778 0 
-0.0644236 4.51878 0 
0.0107501 3.94607 0 
0.00182106 4.27361 0 
-0.0297349 3.10457 0 
-0.0156426 2.86339 0 
-0.0324302 2.43596 0 
2.97417 -0.00318859 0 
2.85048 0.0486117 -1.80494e-20 
2.2429 3.04254 -3.22144e-19 
3.15695 0.0444524 -2.27811e-18 
3.19037 0.278177 2.76917e-18 
3.0828 0.117336 0 
3.3954 0.328919 2.08714e-18 
3.35696 0.484363 -2.70637e-18 
3.07111 0.418427 0 
-0.0573488 3.33808 0 
0.0034469 3.26438 8.52706e-20 
-0.0316186 2.56521 -6.03997e-20 
3.70691 0.554817 2.26541e-18 
3.47044 0.208275 0 
-0.151913 1.27128 -2.16659e-18 
-0.0623435 0.88216 -1.35077e-19 
-0.0846742 1.33681 2.98652e-18 
-0.0351443 1.2705 -8.99892e-19 
-0.000403045 1.08849 0 
-0.026671 1.23954 6.95063e-19 
-0.115032 1.38787 2.1472e-18 
-0.0590331 1.34056 -1.31453e-18 
-0.0767514 1.32063 0 
1.29033 0.597603 0 
1.17847 0.682951 0 
3.55473 2.02729 9.53691e-19 
3.04684 1.93333 -1.19082e-18 
3.83646 1.70495 0 
3.38206 1.15569 0 
3.34935 0.280487 -3.91652e-18 
2.89885 0.173114 4.83939e-18 
3.35144 -0.15549 0 
2.85477 -0.0761435 0 
3.43642 0.043017 0 
3.59381 0.145047 0 
3.28683 0.11987 0 
3.55033 0.298573 0 
3.40841 0.293054 0 
3.32755 0.218069 0 
0.0965052 2.78143 0 
0.0341493 2.07172 0 
0.125208 3.04099 0 
0.0918533 2.19636 0 
0.214936 3.60753 0 
0.140587 2.68688 -5.59144e-19 
0.0527168 3.62402 0 
0.0111826 3.02858 4.05833e-19 
-0.0257383 3.21426 -5.16945e-19 
-0.0611229 2.79635 0 
-0.023978 2.20036 0 
-0.0741187 2.90197 0 
-0.0562371 2.04568 0 
-0.111421 4.75132 -2.45379e-19 
-0.0827946 3.94416 2.77117e-19 
-0.0769292 3.80814 3.08866e-19 
-0.0537937 3.02218 0 
-0.107481 3.80507 -4.58486e-19 
-0.0390042 3.21563 -2.94867e-19 
-0.085939 4.78342 1.92461e-19 
-0.0983388 4.46719 -3.50269e-19 
-0.0726451 4.33853 -3.7868e-19 
3.03153 0.0883176 3.35828e-18 
2.28975 0.0321626 -4.22937e-18 
2.89156 0.132778 -3.32721e-18 
2.20985 0.0734593 4.15588e-18 
3.36846 0.0276548 0 
2.64294 -0.00267154 0 
3.45394 0.0912328 0 
3.32008 0.0192145 0 
2.70642 0.00918331 0 
3.67994 0.239386 0 
3.43855 0.0958523 0 
2.86323 0.0564257 0 
-0.027592 4.32354 -1.20532e-20 
-0.0615684 4.65031 0 
-0.067044 4.54057 0 
-0.0781451 3.49781 8.77393e-20 
-0.0386314 2.77302 -3.46391e-21 
-0.0865981 4.66873 1.1359e-19 
-0.100127 4.46108 -1.14786e-19 
-0.0827826 3.96165 0 
-0.0607918 3.88421 0 
-0.0253241 4.00117 0 
-0.0742813 3.26296 0 
-0.0437372 2.30672 0 
0.946172 3.64925 -6.09417e-19 
0.917786 2.84227 -1.76622e-19 
0.432569 2.06148 -2.28499e-19 
0.253681 2.30985 6.97914e-19 
1.02644 4.20672 2.63816e-19 
3.43307 -0.167432 0 
3.32213 -0.256552 0 
2.88326 -0.189518 0 
3.47032 -0.0643545 0 
3.34581 -0.147869 0 
3.44893 -0.261028 0 
3.5195 -0.283606 0 
3.57949 -0.281137 0 
3.22418 0.0933651 3.61857e-18 
2.55523 0.0645085 -4.57563e-18 
3.09656 0.106552 -3.56203e-18 
2.50917 0.0566587 4.43215e-18 
2.23765 3.40999 0 
1.73538 2.93943 -4.46167e-19 
2.56521 3.34395 -4.0348e-19 
2.36516 2.524 5.36231e-19 
0.776216 1.21536 2.72331e-18 
1.44725 0.2165 1.34306e-18 
3.72207 0.303942 0 
3.89252 0.572326 -1.84591e-18 
3.29822 0.243723 -8.23326e-20 
3.72128 0.439858 0 
0.237352 1.31268 1.79662e-18 
-0.0163194 1.20212 -2.87717e-18 
0.0591316 0.770058 1.61501e-18 
0.276388 0.465125 -7.48059e-19 
0.187684 1.38432 8.71256e-19 
0.0508638 1.23739 0 
0.0579005 1.08648 -1.13262e-18 
0.192281 1.4434 -4.09335e-18 
0.329832 1.55763 0 
0.00866607 1.2902 1.19616e-19 
-0.0097239 1.45729 -1.34056e-18 
-0.0410218 1.30282 1.94888e-18 
-0.0574572 1.41766 0 
-0.0204877 1.38227 0 
0.682258 1.05148 0 
2.46036 2.45677 -1.06627e-18 
2.64035 2.16973 3.9532e-19 
2.79011 2.8784 0 
3.21227 3.06391 -3.94496e-19 
3.1637 2.40866 2.84317e-20 
0.804604 0.590003 -1.82277e-18 
1.55704 0.691822 -1.62282e-20 
1.23368 0.451239 8.72139e-19 
1.27634 0.84434 5.95115e-20 
0.93974 0.634395 -2.36978e-18 
1.46542 0.714615 0 
1.99174 1.10035 1.45597e-18 
2.03377 1.01626 0 
1.41312 0.79125 0 
1.06279 0.550045 0 
3.37735 2.17972 1.00826e-18 
3.94675 0.760229 -1.86318e-18 
3.84678 1.21505 0 
3.53232 0.757093 0 
1.39205 0.364891 1.33242e-18 
3.26008 1.84232 -8.51458e-19 
2.83676 1.65482 1.54671e-18 
3.75628 1.3766 -1.83558e-18 
3.09796 0.114743 2.46369e-18 
3.16858 0.180807 -2.57865e-18 
2.66186 0.0916361 0 
3.30727 -0.0395205 0 
3.20139 -0.0842705 -2.36625e-18 
2.6324 -0.0321172 2.34541e-18 
3.95631 0.0931588 0 
3.75972 0.145619 0 
3.69369 0.155361 0 
3.58831 0.204736 0 
3.83261 0.0590122 0 
3.7261 0.0522383 0 
-0.0411709 2.50514 0 
-0.0383519 2.00608 0 
0.355157 3.97825 -4.108e-19 
0.660312 3.32142 -1.60163e-19 
0.257812 3.01643 -3.5825e-19 
0.342137 2.53766 5.73887e-19 
0.456251 4.00454 0 
0.469278 4.66961 -5.09616e-19 
0.383161 4.72741 0 
0.913558 4.38068 -3.79497e-19 
0.676418 3.82609 9.69252e-19 
0.597226 4.64892 4.4664e-19 
0.739422 4.19192 -1.87444e-19 
0.600932 4.3173 1.50801e-19 
0.916406 4.65248 -6.6346e-19 
0.748824 4.66115 0 
0.859661 4.58786 5.04424e-19 
0.00409441 4.57797 -1.81066e-19 
-0.0203644 3.6576 0 
0.0994545 4.29541 5.49349e-19 
-0.00496525 4.39848 0 
-0.00488196 3.47094 -4.51282e-19 
-0.0161028 2.92415 0 
-0.104281 4.30375 -2.88989e-19 
-0.110404 4.67981 0 
-0.0556544 3.7998 0 
-0.0429767 3.72222 3.25019e-19 
-0.0498477 3.89494 1.03622e-20 
-0.0370784 3.71841 6.25746e-19 
-0.0424271 2.95784 4.06631e-21 
-0.119123 4.71025 1.80055e-19 
-0.108197 4.74176 1.03126e-19 
-0.0184551 2.62386 0 
0.000131214 2.1371 0 
-0.045288 4.78919 4.85709e-19 
-0.0515961 4.30302 4.23213e-19 
-0.0868821 4.5815 -5.53326e-19 
0.0133012 4.75607 0 
-0.0839086 4.53075 -3.0885e-19 
-0.122296 4.16268 1.27582e-19 
-0.0891505 4.24601 -4.1289e-20 
-0.0758447 4.72855 -2.18729e-19 
-0.089988 4.26895 -6.84895e-20 
-0.0878295 4.21504 3.06472e-19 
2.87152 0.0609944 -2.36331e-18 
2.85901 0.0496642 2.27278e-18 
2.33871 0.0345391 0 
3.5104 0.191892 3.0462e-18 
2.70402 0.126485 -3.30443e-18 
2.25482 0.0644432 3.60922e-18 
3.68286 0.335136 -4.01598e-19 
3.20984 -0.0485487 0 
3.17204 -0.0135904 2.23681e-18 
2.69083 -0.0123925 -2.21917e-18 
3.87858 0.122092 -1.25226e-19 
3.77164 0.101748 1.07823e-18 
4.15965 0.173286 0 
4.2284 0.180942 -3.75095e-19 
4.01379 0.145098 0 
3.69505 0.155306 0 
4.03231 0.0950305 0 
3.71183 0.0872847 0 
4.18472 0.113751 7.85421e-19 
4.13722 0.0790325 -1.74774e-18 
4.1406 0.113759 -8.4793e-19 
4.18635 0.116394 -9.24398e-19 
4.21559 0.228776 1.7739e-18 
3.85456 0.188471 0 
4.06103 0.3016 0 
-0.0784205 4.57554 -1.35848e-19 
-0.0373945 4.63987 -1.16894e-20 
-0.0716118 4.65812 0 
-0.0599378 4.18974 1.38252e-19 
-0.0581929 4.21504 2.25511e-20 
-0.0621678 4.08174 -2.18715e-20 
-0.0825506 3.52659 2.60991e-19 
-0.147421 4.00364 -1.45118e-20 
-0.106515 4.13291 7.47136e-20 
-0.0765559 3.39942 -1.32268e-19 
-0.0259668 2.92313 1.58397e-19 
-0.081328 4.43163 5.18731e-21 
-0.0948047 4.64216 1.72044e-19 
1.24295 4.35075 3.47583e-19 
1.15968 4.5233 7.25448e-19 
1.73367 3.45715 4.31435e-19 
1.30529 3.54891 1.69787e-19 
1.28217 2.87945 0 
0.551269 2.32807 2.75177e-19 
0.465602 1.74852 3.31105e-19 
0.346809 2.5788 1.52014e-20 
0.494603 3.18655 -1.16169e-18 
0.635547 3.14415 8.77315e-19 
0.435094 2.41455 0 
0.295278 1.98099 -5.5797e-19 
0.260622 3.09034 1.39613e-18 
0.274328 2.73111 -3.15402e-20 
0.158581 2.28708 -1.75006e-18 
0.593512 1.41528 1.46455e-18 
0.578809 1.62253 0 
3.58364 -0.0751594 8.64267e-20 
3.61861 -0.25411 -7.25911e-20 
3.72134 -0.217725 -1.26645e-18 
3.75926 -0.126033 1.28233e-18 
3.67616 -0.04887 0 
2.44653 3.86693 0 
2.61915 3.9117 0 
2.89007 3.62199 0 
2.73795 3.64047 0 
0.856219 1.39718 -3.32874e-21 
0.612901 1.04121 0 
1.71469 3.39035 1.50239e-20 
1.42597 3.46996 0 
1.33154 2.95805 -1.28447e-18 
1.4121 2.89955 8.24863e-19 
1.79191 0.310452 0 
1.43099 0.262079 3.52048e-19 
2.41232 0.358819 2.19161e-18 
1.78664 0.284838 -7.85379e-19 
1.42673 0.112198 -2.49479e-18 
4.26622 0.789478 -2.56517e-18 
3.85288 0.994745 -3.67055e-20 
3.29815 0.844396 2.06762e-18 
3.87654 0.745088 1.81309e-18 
3.12383 0.465564 -3.04475e-18 
2.91103 0.452082 3.74955e-19 
3.19353 0.682238 -8.18641e-19 
2.97704 0.683246 0 
3.75934 0.563698 1.53749e-18 
4.09612 0.628979 0 
4.09168 0.775953 0 
4.04541 0.415568 8.23595e-19 
4.29655 0.64209 -3.02588e-20 
4.24901 0.715256 -4.52829e-19 
4.17613 0.64266 0 
3.61588 0.130294 1.718e-18 
4.19004 0.183383 2.14396e-18 
4.09078 0.1515 -1.67924e-18 
4.13666 0.24064 -1.44269e-18 
3.74598 0.238036 -2.15615e-18 
3.3035 0.375854 0 
3.40385 0.302247 0 
2.55857 0.190599 -1.26593e-18 
2.10893 0.119089 4.76724e-19 
4.03742 0.352388 1.94012e-18 
4.28762 0.432452 -2.34628e-18 
4.28501 0.489065 2.0687e-18 
4.15736 0.493113 0 
4.25655 0.336939 0 
4.26639 0.322202 -9.8172e-19 
4.21434 0.315889 -1.59633e-18 
2.23155 3.48995 6.20381e-19 
1.94269 3.23507 -6.8346e-19 
1.44947 2.35946 -1.03223e-18 
1.18905 1.99928 2.66927e-19 
0.885797 1.38074 -2.6298e-18 
0.795206 1.21743 9.22439e-19 
0.60192 0.905504 -1.94204e-21 
1.11702 1.78761 -1.13824e-18 
1.14462 1.88515 1.69919e-18 
0.976304 1.70246 5.06226e-19 
0.787347 1.29048 -5.12844e-19 
0.636395 1.0758 0 
2.44953 2.60862 -1.15431e-19 
0.706652 1.145 8.57501e-19 
0.929136 0.890813 1.15646e-18 
0.756478 0.814447 1.33816e-18 
1.08434 0.747291 1.34138e-18 
1.46881 1.04544 -2.27065e-18 
1.38483 1.07245 1.83975e-18 
1.00305 0.76642 -6.76909e-19 
0.817913 0.568598 1.49494e-18 
1.61642 0.490971 -7.78091e-19 
1.55999 0.508608 0 
1.24027 0.407544 4.61653e-21 
2.51177 1.51668 7.75603e-19 
2.08209 1.27106 -2.80877e-18 
1.68878 1.18556 9.1286e-21 
1.66265 1.09327 0 
2.8654 2.5958 8.73703e-19 
3.4478 2.75136 1.03717e-18 
3.25716 2.92989 -1.19561e-18 
3.55439 2.7616 -4.28272e-19 
3.48338 2.60057 -1.34874e-19 
3.51205 2.79232 1.3876e-19 
3.67576 2.26579 -1.67912e-18 
3.70527 2.49077 4.00742e-19 
3.7832 2.43372 0 
3.78371 2.18951 -5.79631e-19 
4.04941 1.07279 5.80485e-19 
4.27571 0.992411 1.00207e-18 
4.30031 0.966116 1.01155e-18 
4.05548 1.32859 -1.14949e-18 
4.10253 1.34863 0 
4.15204 1.23261 0 
3.32927 1.2356 -1.55779e-20 
2.41904 0.66663 0 
2.72317 0.744083 9.30608e-19 
3.23955 0.885735 -2.64319e-20 
3.77403 1.53416 5.10676e-18 
3.57134 1.76148 1.31094e-18 
3.48258 1.54027 -1.34055e-18 
3.03937 1.36991 1.43731e-18 
2.76282 1.37001 8.23757e-19 
2.30859 1.15646 -7.97792e-19 
3.67219 -0.0855666 1.98445e-18 
3.8947 -0.0289576 0 
3.85894 -0.0665726 1.34195e-18 
3.7429 -0.0594312 -2.98748e-18 
3.98056 0.0373434 1.46183e-18 
3.90445 0.113394 -3.08266e-18 
3.73987 0.128001 0 
3.55627 0.17345 -6.28488e-19 
3.81198 0.122961 1.60513e-18 
3.69196 0.191366 -8.22483e-19 
3.60031 0.171061 5.9066e-19 
-0.0815452 2.58641 0 
-0.049183 3.39158 0 
-0.0328476 2.4561 0 
-0.0222323 1.96654 0 
0.0442005 3.93212 6.70027e-19 
0.138599 3.71229 -1.72857e-19 
0.31584 4.6391 -2.2952e-19 
0.251041 4.45173 2.42358e-19 
-0.0280305 4.28757 -4.9706e-19 
0.00924489 4.31964 3.73269e-19 
0.0935699 3.86039 2.23425e-20 
0.0078415 3.54765 -4.66776e-19 
-0.0142154 3.30084 -6.22175e-20 
-0.0417261 3.66362 -5.66811e-20 
0.151782 4.48242 -5.86694e-19 
0.177506 4.29799 0 
0.274494 4.63964 2.96339e-19 
0.267025 4.71001 2.52972e-19 
0.596446 4.44959 -2.25933e-19 
0.409945 3.79417 0 
0.459212 3.64069 -1.11564e-18 
0.562984 4.00951 7.90494e-19 
0.480549 4.56631 -6.14756e-19 
0.370363 4.4406 3.30737e-19 
0.30023 4.16709 0 
-0.0384594 4.76367 -5.5267e-19 
-0.0776892 4.53326 -6.41214e-19 
-0.0792844 4.74315 0 
-0.0315551 4.36754 -6.25081e-21 
-0.0217041 4.64694 2.74014e-19 
-0.121827 3.87847 4.46844e-20 
-0.0581023 3.48523 -6.5344e-19 
-0.0990809 3.9234 1.74262e-19 
-0.140017 4.5144 2.32051e-19 
-0.0797728 4.32374 0 
-0.0637276 3.88551 0 
-0.0842189 2.90332 2.00942e-19 
-0.0508167 3.63423 -6.26956e-20 
-0.0759936 3.62067 0 
-0.0897616 2.69026 1.58219e-19 
-0.0474084 2.19783 -3.0656e-19 
3.76098 0.0322891 0 
3.73184 0.00768921 -2.03259e-19 
4.17948 0.0678662 -1.43982e-18 
4.08906 0.0462175 0 
3.87625 0.0177362 0 
4.14973 0.036989 -1.25203e-20 
4.10029 0.0348922 2.37872e-18 
4.00013 0.0801425 2.84542e-18 
3.75592 0.118612 0 
3.55809 0.110003 0 
4.01337 0.0938661 1.41735e-18 
3.70333 0.116065 0 
3.47221 0.128822 0 
-0.0871665 4.69789 0 
-0.113125 4.66587 1.0677e-20 
-0.0837136 4.71729 6.29906e-20 
-0.0651552 3.83494 0 
-0.118298 4.53618 1.11175e-19 
-0.0739658 4.24455 -6.33747e-20 
-0.0591852 3.93478 0 
1.41507 4.1913 0 
1.21028 4.57761 -1.29746e-18 
1.22645 4.48879 0 
1.57535 4.48311 1.48419e-18 
1.592 4.11183 0 
1.50092 4.36499 -6.06481e-19 
1.015 2.24847 -3.39742e-20 
0.71179 1.65016 -1.74613e-18 
0.592589 1.23086 2.13032e-18 
0.711692 1.84127 3.97203e-19 
0.979027 2.43184 0 
1.04047 2.38644 0 
0.721027 1.69265 0 
0.53431 1.33453 -1.39663e-18 
1.21433 3.78261 -9.83883e-19 
1.13338 2.99768 -2.35641e-19 
1.33216 3.41287 1.92715e-19 
0.601893 2.04884 0 
0.622887 1.94968 0 
0.464252 1.57718 -3.932e-19 
0.961678 2.72928 0 
2.68986 3.57043 0 
2.38546 3.01059 -1.45458e-18 
2.54976 3.02832 -8.5869e-20 
2.42411 3.40593 0 
2.29034 3.15213 2.22115e-18 
3.27958 3.08546 -3.89658e-19 
3.13421 3.32193 0 
3.11655 3.14815 6.30373e-19 
2.87211 3.41167 0 
2.88459 3.20068 0 
1.21251 2.01052 -9.30855e-19 
1.41783 2.40789 -6.9974e-19 
1.75831 2.98657 1.20618e-18 
1.70065 2.96505 -3.62366e-19 
1.0653 1.82623 0 
1.21028 2.21338 4.71295e-19 
0.720224 1.2915 -7.15629e-19 
0.583065 1.04582 -5.91876e-22 
1.94272 3.70018 0 
2.20394 3.74492 -5.42531e-19 
2.34195 3.98643 0 
2.28501 0.529019 0 
1.61804 0.341985 0 
1.2096 0.276674 0 
2.21017 0.554326 -1.46517e-18 
1.63612 0.402319 8.1722e-19 
2.14611 0.129098 -9.8507e-19 
2.62721 0.297478 0 
2.46628 0.301616 4.13453e-19 
1.77036 0.135712 1.63286e-18 
1.53065 0.0812682 -1.03695e-18 
0.746799 1.55763 8.5829e-19 
0.961665 1.82254 0 
0.538498 1.44144 1.56137e-18 
0.524914 1.61597 -1.42567e-18 
0.758766 1.81593 -9.88685e-19 
2.07743 2.46502 1.33794e-18 
2.10111 2.71482 0 
1.58648 1.68013 -2.76407e-19 
2.01312 1.99151 1.74525e-18 
1.3621 1.29417 -4.23656e-19 
1.59105 1.31495 4.50787e-19 
2.1123 1.51446 1.02329e-18 
2.4456 1.67204 0 
2.27919 1.85764 0 
2.01276 1.60757 0 
3.95697 2.07822 3.845e-19 
3.761 1.889 -1.26337e-18 
3.81843 2.027 1.04654e-18 
3.90186 1.77043 -1.00818e-18 
4.15767 1.67264 0 
4.11655 1.83956 -2.97806e-19 
2.84239 1.16351 -1.89723e-18 
2.97258 1.16349 -2.41283e-18 
2.33379 1.04394 1.45638e-18 
2.13988 0.934828 -1.41985e-18 
2.46502 0.846353 -1.17809e-18 
2.18004 0.777253 1.4488e-18 
4.00845 0.0334395 -1.52874e-18 
4.05275 0.0406455 3.1299e-18 
3.76795 -0.0659131 1.90072e-18 
3.79116 -0.073806 -2.28656e-18 
3.95952 0.0105179 0 
4.05602 0.0228204 -3.72945e-18 
0.0935475 4.76152 1.06579e-19 
0.0644432 4.72983 0 
0.18749 4.73179 9.5258e-19 
0.209011 4.74844 -8.66618e-19 
0.228882 4.71402 4.28025e-19 
0.119683 4.6533 0 
-0.107128 4.77048 0 
-0.112667 4.40314 -6.18759e-20 
-0.111813 4.33347 5.54617e-20 
-0.120626 4.48221 7.24363e-21 
-0.111314 4.72009 -1.01141e-19 
-0.0881397 4.70807 5.50325e-20 
1.88028 4.01218 -1.64297e-18 
1.82092 4.01957 1.74007e-18 
1.6857 4.40372 -8.53858e-19 
1.69726 4.27988 7.61328e-20 
2.25315 4.08187 0 
1.85406 4.21332 -6.35707e-19 
1.98085 3.95261 6.16551e-19 
1.82483 4.37552 8.34058e-19 
2.07837 4.21725 0 
2.23046 4.09777 0 
1.14361 3.6396 1.49567e-18 
0.830725 2.82124 2.02518e-18 
0.958694 2.99934 -1.39083e-18 
0.750563 2.98225 -2.32157e-19 
0.906983 3.74141 4.66675e-19 
0.726199 3.37498 -1.135e-18 
0.748104 1.4695 -1.21569e-18 
0.748234 1.32006 0 
0.604211 1.1172 -1.33617e-18 
1.11417 2.06887 0 
1.09133 2.15598 0 
1.3616 2.19301 -1.09087e-18 
1.0666 2.01639 -1.03628e-18 
1.01893 2.03701 1.09899e-18 
1.03337 1.52061 0 
1.41319 1.76371 -6.0136e-19 
1.63061 2.12139 -8.55534e-19 
1.41388 2.08468 0 
0.869676 1.81975 7.12675e-19 
0.781472 1.68057 0 
2.90933 2.2897 -1.84677e-18 
3.32104 2.47035 2.6088e-18 
3.28 2.19295 -2.59294e-18 
2.61344 2.02202 -2.31164e-19 
2.72782 1.94108 -9.74089e-19 
1.2646 2.19234 7.9638e-19 
1.31897 2.24758 -1.36025e-18 
1.45736 2.33215 1.79315e-18 
1.79423 2.56237 -1.16545e-18 
1.89351 2.93607 -1.56738e-18 
1.56682 2.49196 -1.1881e-19 
1.63693 2.63206 1.37159e-18 
1.81422 2.69631 9.66372e-20 
2.02249 3.00208 6.50118e-19 
))
(300 (2 10 3 0 0 919 1018)(
0 0 0 
0 0 0 
0 0 0 
0 0 0 
0 0 0 
0 0 0 
0 0 0 
0 0 0 
0 0 0 
0 0 0 
0 0 0 
0 0 0 
0 0 0 
0 0 0 
0 0 0 
0 0 0 
0 0 0 
0 0 0 
0 0 0 
0 0 0 
0 0 0 
0 0 0 
0 0 0 
0 0 0 
0 0 0 
0 0 0 
0 0 0 
0 0 0 
0 0 0 
0 0 0 
0 0 0 
0 0 0 
0 0 0 
0 0 0 
0 0 0 
0 0 0 
0 0 0 
0 0 0 
0 0 0 
0 0 0 
0 0 0 
0 0 0 
0 0 0 
0 0 0 
0 0 0 
0 0 0 
0 0 0 
0 0 0 
0 0 0 
0 0 0 
0 0 0 
0 0 0 
0 0 0 
0 0 0 
0 0 0 
0 0 0 
0 0 0 
0 0 0 
0 0 0 
0 0 0 
0 0 0 
0 0 0 
0 0 0 
0 0 0 
0 0 0 
0 0 0 
0 0 0 
0 0 0 
0 0 0 
0 0 0 
0 0 0 
0 0 0 
0 0 0 
0 0 0 
0 0 0 
0 0 0 
0 0 0 
0 0 0 
0 0 0 
0 0 0 
0 0 0 
0 0 0 
0 0 0 
0 0 0 
0 0 0 
0 0 0 
0 0 0 
0 0 0 
0 0 0 
0 0 0 
0 0 0 
0 0 0 
0 0 0 
0 0 0 
0 0 0 
0 0 0 
0 0 0 
0 0 0 
0 0 0 
0 0 0 
))
(300 (2 11 3 0 0 1019 1026)(
3 0 0 
3 0 0 
3 0 0 
3 0 0 
3 0 0 
3 0 0 
3 0 0 
3 0 0 
))
(300 (2 12 3 0 0 1027 1030)(
0 1 0 
0 1 0 
0 1 0 
0 1 0 
))
(300 (2 13 3 0 0 1031 1038)(
0.172204 1.06419 0 
-0.0597873 1.26063 -1.2144e-19 
0.0726961 2.90202 0 
-0.0407749 3.14708 0 
-0.0751737 4.68659 0 
0.0380046 4.03965 0 
-0.0256749 4.57087 0 
-0.0577652 4.16633 0 
))
(300 (2 14 3 0 0 1039 1072)(
0 0 0 
0 0 0 
0 0 0 
0 0 0 
0 0 0 
0 0 0 
0 0 0 
0 0 0 
0 0 0 
0 0 0 
0 0 0 
0 0 0 
0 0 0 
0 0 0 
0 0 0 
0 0 0 
0 0 0 
0 0 0 
0 0 0 
0 0 0 
0 0 0 
0 0 0 
0 0 0 
0 0 0 
0 0 0 
0 0 0 
0 0 0 
0 0 0 
0 0 0 
0 0 0 
0 0 0 
0 0 0 
0 0 0 
0 0 0 
))
(300 (2 15 3 0 0 1073 1072)(
))
