(0 "FOAM to Fluent data File")

(33 (918 3444 1074))
(300 (1 1 1 0 0 1 918)(
23.4692
23.5761
0.953146
22.8866
1.01717
23.0925
3.27271
13.7851
19.2424
2.93432
2.62504
14.4085
20.6355
16.8769
12.9931
0.925004
14.052
2.24677
18.4601
1.39812
12.9923
20.4479
21.5366
19.2842
14.1213
14.3721
18.5978
1.14497
0.107851
0.254978
0.979292
0.410849
0.147554
21.6294
22.3061
22.2444
15.495
10.4027
3.59787
3.80241
2.98318
2.80621
13.8277
13.9277
5.8673
13.7639
13.7596
16.6439
19.1105
19.2541
19.5473
19.3363
19.7227
5.97422
2.78554
2.60562
2.87626
2.9506
2.98309
2.69742
2.67905
2.48264
2.33668
13.8879
14.4816
14.5367
14.2679
14.2156
22.4521
21.6951
22.0299
21.1362
21.2817
20.2116
19.826
17.2525
17.605
16.4788
16.0979
12.7835
12.7446
13.213
13.4628
0.145418
1.07607
1.22327
14.059
14.0955
14.0955
14.11
8.28313
2.1886
2.19138
17.9005
17.4769
20.4818
20.749
20.1961
20.0105
1.52995
1.52586
1.15066
1.18129
0.950486
13.3336
13.4877
19.2356
18.4025
14.1549
14.0549
14.1299
11.5
13.9102
13.9835
15.3216
15.7771
14.9664
15.4028
18.1678
17.7498
19.0344
19.4716
0.393058
0.154574
0.687602
0.318286
0.516701
15.3633
15.1579
15.6109
15.6617
15.8929
10.4075
10.3381
10.3815
10.3014
4.1497
4.4643
2.25558
2.57016
2.42105
9.86613
13.9439
13.9907
4.81124
5.51557
5.1789
6.35002
6.7244
16.0096
16.4462
16.185
17.7313
16.9362
17.2844
19.8135
19.3027
19.6031
6.36882
6.60321
5.6084
5.24965
2.23876
2.48822
2.43032
2.98191
2.95989
3.21788
3.34627
2.69857
2.55523
2.89325
2.77657
2.82872
2.16594
2.03612
13.6119
13.398
14.1509
14.3294
15.0967
14.9483
14.6549
14.8237
19.0211
19.4246
19.458
19.0739
11.5452
10.1557
13.7173
13.9928
0.30211
0.264578
0.138293
0.380941
0.400707
0.142633
2.01572
1.82723
1.40564
1.681
14.0566
14.0164
8.52372
8.74334
8.11961
7.86344
16.3146
16.4648
17.099
16.6988
1.96251
1.67625
1.80612
13.6508
13.5232
13.6301
10.9351
10.3685
11.9777
12.2475
13.9916
14.0354
14.0314
15.6813
15.9997
19.8225
20.0931
19.92
20.3058
21.3686
21.0199
20.6351
14.5392
14.9476
14.786
16.1283
15.7619
15.9814
15.1893
15.4939
15.3519
10.3698
10.4161
10.1197
10.1976
10.2461
10.1931
9.80336
9.67639
14.0773
14.0324
14.0564
7.25248
7.75052
4.86939
4.54057
12.5438
13.217
12.8926
18.6508
17.9732
18.7061
18.3353
17.8853
18.2088
10.4269
10.3885
10.4219
14.9172
14.255
14.607
2.44124
2.077
2.24004
8.93931
9.03269
6.9713
7.58794
7.25102
16.3013
16.6417
17.3219
16.4336
16.9013
17.4085
17.1866
9.93937
10.0722
9.98906
9.65984
9.5534
9.73524
8.33577
8.94908
3.61285
4.2694
3.96531
9.20067
9.4306
9.27787
18.6302
19.165
0.765676
1.15292
19.5951
19.3187
0.139273
0.242169
14.2536
12.5512
7.26273
17.1974
16.63
18.9698
3.1927
6.10273
2.80984
3.3808
2.68651
14.6156
14.2496
13.3407
0.452847
1.25664
1.70925
2.89655
18.4106
17.7354
18.8516
19.1717
19.226
0.68749
0.912615
0.584071
1.24225
1.03095
1.27593
15.5511
15.6492
4.32383
18.8585
19.1628
19.1806
17.6573
18.61
17.6675
0.935648
0.642664
0.70752
10.0807
12.1216
14.2138
13.7664
13.9634
13.9855
13.7364
14.8697
14.5392
14.5041
14.9889
13.9664
13.8211
7.73451
6.38343
8.06897
7.70933
17.0988
16.6867
16.4935
16.2392
18.085
17.6111
18.4614
17.8499
18.3117
18.5985
2.94354
3.13325
3.01227
2.52093
6.14347
6.60632
5.48828
5.63389
4.25955
2.42868
2.52727
2.75355
2.58429
2.93148
2.67902
2.94306
2.57942
2.32379
2.32186
2.93116
2.73892
2.6046
14.594
14.5325
14.3334
14.3714
14.3538
14.4695
13.5352
13.9399
13.5677
12.3988
12.9799
12.5072
0.825758
0.663371
0.524932
1.32409
1.3512
1.1109
0.83451
1.1736
1.20184
0.814049
1.54543
1.44515
3.15589
2.64442
8.84053
7.96831
6.90125
16.8006
17.6024
16.7721
18.0128
18.4298
18.5352
18.1556
17.6474
15.7299
15.725
15.3851
15.3386
4.77114
3.7319
4.96722
4.5363
10.478
14.0654
11.8427
10.8039
11.1002
13.4243
13.9289
13.5813
13.7182
13.2933
12.8215
13.5134
13.0471
13.1485
12.9275
15.7179
16.1931
15.7996
15.2201
15.24
10.599
12.0156
5.46572
5.63971
7.24421
6.53807
13.5099
13.9329
13.9176
13.556
13.7438
13.7449
13.6058
13.7799
13.8598
13.7544
11.8246
10.144
9.0453
9.03889
14.0768
12.3462
12.9305
12.4138
16.1206
16.637
16.2517
15.6461
16.1312
15.603
15.6303
15.8434
17.2016
16.9512
16.7209
17.1078
3.05489
3.00361
3.64732
3.13364
3.03675
2.8199
3.48398
4.75845
4.41616
6.71854
7.26915
4.58017
3.37287
3.79306
4.80805
5.54152
5.51139
3.96945
4.50132
4.93021
4.44074
5.22457
4.72905
2.71803
3.02526
2.86345
2.83714
3.38199
3.88043
3.37594
2.48064
2.59256
2.25668
2.11893
3.53626
2.99603
3.0328
3.67888
1.10686
1.32903
1.44124
2.41402
1.91333
1.97925
15.1826
14.8267
14.9603
14.2396
14.307
14.2481
13.8726
15.2401
14.9621
15.0615
13.71
13.7967
13.61
13.9053
14.3213
14.6206
15.4524
15.1735
14.4126
14.5636
14.2145
14.1428
13.4647
12.9018
12.8412
1.11269
0.824807
0.984183
0.910921
0.60624
0.798526
2.18347
1.57303
1.97065
1.72679
1.96004
1.4034
1.30244
4.25332
5.06401
3.96406
3.36552
3.0626
8.89892
9.01045
8.15913
7.85703
8.19858
8.42735
8.37709
7.13486
7.56199
7.37502
9.91577
9.58011
17.5868
17.5309
17.2021
17.0432
17.2697
5.76253
7.66538
6.79929
7.91545
10.2068
10.5025
9.31105
8.70524
9.45659
9.53451
14.0471
14.1232
13.5641
14.05
14.0785
11.8352
12.8824
13.4973
13.3118
13.8316
13.9125
12.9735
13.5622
13.4775
12.7602
12.8131
12.1279
12.4665
11.9946
11.7936
14.0562
13.9509
14.2206
13.7715
14.1508
13.7151
14.0303
14.0283
14.3089
13.4109
12.8322
12.8506
13.2769
12.977
13.3229
13.487
9.30862
9.94874
10.3875
10.9232
10.6305
10.4125
10.2798
10.5815
10.5583
10.8296
10.749
10.5999
11.5607
13.4161
13.7011
13.8025
13.5996
13.6457
13.3383
13.6112
13.5405
13.9197
14.0076
14.0573
13.138
13.294
13.4888
13.3726
11.6753
10.0971
9.94932
9.50933
7.57698
8.04668
11.0255
9.9024
8.91764
8.98957
12.1687
10.8061
11.6194
12.0426
10.6942
10.3061
12.9713
13.7594
13.9793
13.7035
12.0603
12.1861
12.6358
13.0791
13.2683
13.724
15.8604
16.436
16.5139
16.238
16.1
16.1998
15.9499
16.053
16.5271
16.6536
16.4849
2.88016
2.99383
2.92389
2.84923
3.08589
2.86141
3.95646
3.94731
3.15671
3.33703
3.35702
3.46247
2.93134
2.97445
4.82651
5.06218
5.33386
4.83237
6.17553
6.8167
7.39806
7.08346
5.7899
5.8693
6.18467
3.50746
3.53358
3.25188
3.70935
3.76202
2.61152
2.23899
2.04417
2.56499
2.66642
2.05116
1.76822
1.81737
2.33186
2.05062
1.80468
14.9751
14.7334
14.7548
14.5346
14.5892
14.9841
15.2049
15.015
15.1534
15.2044
14.8035
14.6924
14.8635
1.81861
1.49374
1.62266
1.58075
1.64362
1.54976
1.73785
7.60597
6.41592
6.80338
5.97883
4.1209
4.64179
9.53911
9.96056
9.99903
9.71023
9.50014
9.86591
9.7167
9.70945
8.26353
9.33234
8.86818
9.26116
9.28252
9.35027
9.06485
9.08089
10.5846
10.6181
9.48311
10.1228
9.33149
7.93229
8.0993
9.11295
10.0866
10.4048
10.2499
9.97996
9.75135
10.1145
10.1692
10.2293
10.2185
8.7519
8.71178
8.31125
13.9688
13.8753
14.0219
14.027
14.1539
13.9789
13.8159
14.0931
14.1474
13.9317
11.0777
11.1366
11.3825
12.1291
12.1812
12.092
11.3367
13.1008
12.7565
13.3944
13.3412
13.4135
13.0038
12.827
13.0974
10.0809
11.4539
10.9867
11.25
10.0634
9.30696
13.2236
13.2777
13.343
13.616
13.574
14.1574
15.8303
15.7002
15.7475
15.7906
15.4022
15.4395
4.17561
3.82947
4.55098
4.50658
4.06482
3.76488
2.28669
1.96876
1.7808
1.65598
1.88945
1.9506
8.16265
8.18976
6.33412
7.35568
5.87651
4.93478
4.79021
5.95576
7.13702
7.19593
8.51358
9.18977
8.74889
8.57417
7.91843
8.24804
10.1163
10.2107
10.1112
10.4301
9.96286
11.7125
11.2946
11.6435
13.2575
12.9672
12.3691
12.2556
12.2205
12.8135
11.9477
11.1794
11.8919
12.5473
12.5055
11.1181
10.8731
11.2999
11.2839
10.198
10.7181
10.4801
10.8326
10.548
))
(300 (1 10 1 0 0 919 1018)(
23.4692
23.5761
0.953146
22.8866
23.0925
3.27271
13.7851
2.93432
2.62504
14.4085
20.6355
16.8769
12.9931
14.052
2.24677
18.4601
1.39812
12.9923
19.2842
14.1213
14.3721
18.5978
1.14497
21.6294
15.495
3.80241
2.80621
13.9277
5.8673
13.7596
16.6439
2.60562
2.9506
2.67905
2.33668
13.8879
14.5367
14.2156
21.2817
19.826
17.605
16.0979
12.7446
13.4628
14.0955
14.11
2.19138
17.4769
20.0105
1.52586
0.950486
13.4877
18.4025
14.1299
11.5
13.9835
15.3216
15.4028
17.7498
19.4716
15.1579
15.6109
15.8929
4.4643
2.42105
13.9907
5.1789
6.7244
16.185
17.2844
2.43032
2.95989
2.82872
2.03612
13.398
14.3294
15.0967
14.8237
19.0739
13.9928
14.0164
16.3146
16.6988
1.80612
13.6301
10.3685
12.2475
14.0314
15.9997
20.3058
14.786
15.9814
15.3519
14.0564
7.75052
12.8926
18.3353
14.607
16.9013
8.94908
))
(300 (1 11 1 0 0 919 926)(
23.4692
22.8866
19.2424
20.4479
19.2541
19.7227
20.4818
19.6031
))
(300 (1 12 1 0 0 919 922)(
23.5761
23.0925
22.2444
22.0299
))
(300 (1 13 1 0 0 919 926)(
0
0
0
0
0
0
0
0
))
(300 (1 14 1 0 0 919 952)(
1.01717
0.925004
0.147554
10.4027
5.97422
2.98309
1.22327
8.28313
0.516701
10.3381
10.3014
9.86613
6.60321
5.24965
3.34627
2.55523
10.1557
2.01572
1.681
8.74334
7.86344
10.4161
10.1197
10.1931
9.67639
4.54057
10.4219
2.24004
9.03269
7.25102
9.98906
9.5534
3.96531
9.27787
))
(300 (1 15 1 0 0 919 2754)(
23.4692
23.4692
23.5761
23.5761
0.953146
0.953146
22.8866
22.8866
1.01717
1.01717
23.0925
23.0925
3.27271
3.27271
13.7851
13.7851
19.2424
19.2424
2.93432
2.93432
2.62504
2.62504
14.4085
14.4085
20.6355
20.6355
16.8769
16.8769
12.9931
12.9931
0.925004
0.925004
14.052
14.052
2.24677
2.24677
18.4601
18.4601
1.39812
1.39812
12.9923
12.9923
20.4479
20.4479
21.5366
21.5366
19.2842
19.2842
14.1213
14.1213
14.3721
14.3721
18.5978
18.5978
1.14497
1.14497
0.107851
0.107851
0.254978
0.254978
0.979292
0.979292
0.410849
0.410849
0.147554
0.147554
21.6294
21.6294
22.3061
22.3061
22.2444
22.2444
15.495
15.495
10.4027
10.4027
3.59787
3.59787
3.80241
3.80241
2.98318
2.98318
2.80621
2.80621
13.8277
13.8277
13.9277
13.9277
5.8673
5.8673
13.7639
13.7639
13.7596
13.7596
16.6439
16.6439
19.1105
19.1105
19.2541
19.2541
19.5473
19.5473
19.3363
19.3363
19.7227
19.7227
5.97422
5.97422
2.78554
2.78554
2.60562
2.60562
2.87626
2.87626
2.9506
2.9506
2.98309
2.98309
2.69742
2.69742
2.67905
2.67905
2.48264
2.48264
2.33668
2.33668
13.8879
13.8879
14.4816
14.4816
14.5367
14.5367
14.2679
14.2679
14.2156
14.2156
22.4521
22.4521
21.6951
21.6951
22.0299
22.0299
21.1362
21.1362
21.2817
21.2817
20.2116
20.2116
19.826
19.826
17.2525
17.2525
17.605
17.605
16.4788
16.4788
16.0979
16.0979
12.7835
12.7835
12.7446
12.7446
13.213
13.213
13.4628
13.4628
0.145418
0.145418
1.07607
1.07607
1.22327
1.22327
14.059
14.059
14.0955
14.0955
14.0955
14.0955
14.11
14.11
8.28313
8.28313
2.1886
2.1886
2.19138
2.19138
17.9005
17.9005
17.4769
17.4769
20.4818
20.4818
20.749
20.749
20.1961
20.1961
20.0105
20.0105
1.52995
1.52995
1.52586
1.52586
1.15066
1.15066
1.18129
1.18129
0.950486
0.950486
13.3336
13.3336
13.4877
13.4877
19.2356
19.2356
18.4025
18.4025
14.1549
14.1549
14.0549
14.0549
14.1299
14.1299
11.5
11.5
13.9102
13.9102
13.9835
13.9835
15.3216
15.3216
15.7771
15.7771
14.9664
14.9664
15.4028
15.4028
18.1678
18.1678
17.7498
17.7498
19.0344
19.0344
19.4716
19.4716
0.393058
0.393058
0.154574
0.154574
0.687602
0.687602
0.318286
0.318286
0.516701
0.516701
15.3633
15.3633
15.1579
15.1579
15.6109
15.6109
15.6617
15.6617
15.8929
15.8929
10.4075
10.4075
10.3381
10.3381
10.3815
10.3815
10.3014
10.3014
4.1497
4.1497
4.4643
4.4643
2.25558
2.25558
2.57016
2.57016
2.42105
2.42105
9.86613
9.86613
13.9439
13.9439
13.9907
13.9907
4.81124
4.81124
5.51557
5.51557
5.1789
5.1789
6.35002
6.35002
6.7244
6.7244
16.0096
16.0096
16.4462
16.4462
16.185
16.185
17.7313
17.7313
16.9362
16.9362
17.2844
17.2844
19.8135
19.8135
19.3027
19.3027
19.6031
19.6031
6.36882
6.36882
6.60321
6.60321
5.6084
5.6084
5.24965
5.24965
2.23876
2.23876
2.48822
2.48822
2.43032
2.43032
2.98191
2.98191
2.95989
2.95989
3.21788
3.21788
3.34627
3.34627
2.69857
2.69857
2.55523
2.55523
2.89325
2.89325
2.77657
2.77657
2.82872
2.82872
2.16594
2.16594
2.03612
2.03612
13.6119
13.6119
13.398
13.398
14.1509
14.1509
14.3294
14.3294
15.0967
15.0967
14.9483
14.9483
14.6549
14.6549
14.8237
14.8237
19.0211
19.0211
19.4246
19.4246
19.458
19.458
19.0739
19.0739
11.5452
11.5452
10.1557
10.1557
13.7173
13.7173
13.9928
13.9928
0.30211
0.30211
0.264578
0.264578
0.138293
0.138293
0.380941
0.380941
0.400707
0.400707
0.142633
0.142633
2.01572
2.01572
1.82723
1.82723
1.40564
1.40564
1.681
1.681
14.0566
14.0566
14.0164
14.0164
8.52372
8.52372
8.74334
8.74334
8.11961
8.11961
7.86344
7.86344
16.3146
16.3146
16.4648
16.4648
17.099
17.099
16.6988
16.6988
1.96251
1.96251
1.67625
1.67625
1.80612
1.80612
13.6508
13.6508
13.5232
13.5232
13.6301
13.6301
10.9351
10.9351
10.3685
10.3685
11.9777
11.9777
12.2475
12.2475
13.9916
13.9916
14.0354
14.0354
14.0314
14.0314
15.6813
15.6813
15.9997
15.9997
19.8225
19.8225
20.0931
20.0931
19.92
19.92
20.3058
20.3058
21.3686
21.3686
21.0199
21.0199
20.6351
20.6351
14.5392
14.5392
14.9476
14.9476
14.786
14.786
16.1283
16.1283
15.7619
15.7619
15.9814
15.9814
15.1893
15.1893
15.4939
15.4939
15.3519
15.3519
10.3698
10.3698
10.4161
10.4161
10.1197
10.1197
10.1976
10.1976
10.2461
10.2461
10.1931
10.1931
9.80336
9.80336
9.67639
9.67639
14.0773
14.0773
14.0324
14.0324
14.0564
14.0564
7.25248
7.25248
7.75052
7.75052
4.86939
4.86939
4.54057
4.54057
12.5438
12.5438
13.217
13.217
12.8926
12.8926
18.6508
18.6508
17.9732
17.9732
18.7061
18.7061
18.3353
18.3353
17.8853
17.8853
18.2088
18.2088
10.4269
10.4269
10.3885
10.3885
10.4219
10.4219
14.9172
14.9172
14.255
14.255
14.607
14.607
2.44124
2.44124
2.077
2.077
2.24004
2.24004
8.93931
8.93931
9.03269
9.03269
6.9713
6.9713
7.58794
7.58794
7.25102
7.25102
16.3013
16.3013
16.6417
16.6417
17.3219
17.3219
16.4336
16.4336
16.9013
16.9013
17.4085
17.4085
17.1866
17.1866
9.93937
9.93937
10.0722
10.0722
9.98906
9.98906
9.65984
9.65984
9.5534
9.5534
9.73524
9.73524
8.33577
8.33577
8.94908
8.94908
3.61285
3.61285
4.2694
4.2694
3.96531
3.96531
9.20067
9.20067
9.4306
9.4306
9.27787
9.27787
18.6302
18.6302
19.165
19.165
0.765676
0.765676
1.15292
1.15292
19.5951
19.5951
19.3187
19.3187
0.139273
0.139273
0.242169
0.242169
14.2536
14.2536
12.5512
12.5512
7.26273
7.26273
17.1974
17.1974
16.63
16.63
18.9698
18.9698
3.1927
3.1927
6.10273
6.10273
2.80984
2.80984
3.3808
3.3808
2.68651
2.68651
14.6156
14.6156
14.2496
14.2496
13.3407
13.3407
0.452847
0.452847
1.25664
1.25664
1.70925
1.70925
2.89655
2.89655
18.4106
18.4106
17.7354
17.7354
18.8516
18.8516
19.1717
19.1717
19.226
19.226
0.68749
0.68749
0.912615
0.912615
0.584071
0.584071
1.24225
1.24225
1.03095
1.03095
1.27593
1.27593
15.5511
15.5511
15.6492
15.6492
4.32383
4.32383
18.8585
18.8585
19.1628
19.1628
19.1806
19.1806
17.6573
17.6573
18.61
18.61
17.6675
17.6675
0.935648
0.935648
0.642664
0.642664
0.70752
0.70752
10.0807
10.0807
12.1216
12.1216
14.2138
14.2138
13.7664
13.7664
13.9634
13.9634
13.9855
13.9855
13.7364
13.7364
14.8697
14.8697
14.5392
14.5392
14.5041
14.5041
14.9889
14.9889
13.9664
13.9664
13.8211
13.8211
7.73451
7.73451
6.38343
6.38343
8.06897
8.06897
7.70933
7.70933
17.0988
17.0988
16.6867
16.6867
16.4935
16.4935
16.2392
16.2392
18.085
18.085
17.6111
17.6111
18.4614
18.4614
17.8499
17.8499
18.3117
18.3117
18.5985
18.5985
2.94354
2.94354
3.13325
3.13325
3.01227
3.01227
2.52093
2.52093
6.14347
6.14347
6.60632
6.60632
5.48828
5.48828
5.63389
5.63389
4.25955
4.25955
2.42868
2.42868
2.52727
2.52727
2.75355
2.75355
2.58429
2.58429
2.93148
2.93148
2.67902
2.67902
2.94306
2.94306
2.57942
2.57942
2.32379
2.32379
2.32186
2.32186
2.93116
2.93116
2.73892
2.73892
2.6046
2.6046
14.594
14.594
14.5325
14.5325
14.3334
14.3334
14.3714
14.3714
14.3538
14.3538
14.4695
14.4695
13.5352
13.5352
13.9399
13.9399
13.5677
13.5677
12.3988
12.3988
12.9799
12.9799
12.5072
12.5072
0.825758
0.825758
0.663371
0.663371
0.524932
0.524932
1.32409
1.32409
1.3512
1.3512
1.1109
1.1109
0.83451
0.83451
1.1736
1.1736
1.20184
1.20184
0.814049
0.814049
1.54543
1.54543
1.44515
1.44515
3.15589
3.15589
2.64442
2.64442
8.84053
8.84053
7.96831
7.96831
6.90125
6.90125
16.8006
16.8006
17.6024
17.6024
16.7721
16.7721
18.0128
18.0128
18.4298
18.4298
18.5352
18.5352
18.1556
18.1556
17.6474
17.6474
15.7299
15.7299
15.725
15.725
15.3851
15.3851
15.3386
15.3386
4.77114
4.77114
3.7319
3.7319
4.96722
4.96722
4.5363
4.5363
10.478
10.478
14.0654
14.0654
11.8427
11.8427
10.8039
10.8039
11.1002
11.1002
13.4243
13.4243
13.9289
13.9289
13.5813
13.5813
13.7182
13.7182
13.2933
13.2933
12.8215
12.8215
13.5134
13.5134
13.0471
13.0471
13.1485
13.1485
12.9275
12.9275
15.7179
15.7179
16.1931
16.1931
15.7996
15.7996
15.2201
15.2201
15.24
15.24
10.599
10.599
12.0156
12.0156
5.46572
5.46572
5.63971
5.63971
7.24421
7.24421
6.53807
6.53807
13.5099
13.5099
13.9329
13.9329
13.9176
13.9176
13.556
13.556
13.7438
13.7438
13.7449
13.7449
13.6058
13.6058
13.7799
13.7799
13.8598
13.8598
13.7544
13.7544
11.8246
11.8246
10.144
10.144
9.0453
9.0453
9.03889
9.03889
14.0768
14.0768
12.3462
12.3462
12.9305
12.9305
12.4138
12.4138
16.1206
16.1206
16.637
16.637
16.2517
16.2517
15.6461
15.6461
16.1312
16.1312
15.603
15.603
15.6303
15.6303
15.8434
15.8434
17.2016
17.2016
16.9512
16.9512
16.7209
16.7209
17.1078
17.1078
3.05489
3.05489
3.00361
3.00361
3.64732
3.64732
3.13364
3.13364
3.03675
3.03675
2.8199
2.8199
3.48398
3.48398
4.75845
4.75845
4.41616
4.41616
6.71854
6.71854
7.26915
7.26915
4.58017
4.58017
3.37287
3.37287
3.79306
3.79306
4.80805
4.80805
5.54152
5.54152
5.51139
5.51139
3.96945
3.96945
4.50132
4.50132
4.93021
4.93021
4.44074
4.44074
5.22457
5.22457
4.72905
4.72905
2.71803
2.71803
3.02526
3.02526
2.86345
2.86345
2.83714
2.83714
3.38199
3.38199
3.88043
3.88043
3.37594
3.37594
2.48064
2.48064
2.59256
2.59256
2.25668
2.25668
2.11893
2.11893
3.53626
3.53626
2.99603
2.99603
3.0328
3.0328
3.67888
3.67888
1.10686
1.10686
1.32903
1.32903
1.44124
1.44124
2.41402
2.41402
1.91333
1.91333
1.97925
1.97925
15.1826
15.1826
14.8267
14.8267
14.9603
14.9603
14.2396
14.2396
14.307
14.307
14.2481
14.2481
13.8726
13.8726
15.2401
15.2401
14.9621
14.9621
15.0615
15.0615
13.71
13.71
13.7967
13.7967
13.61
13.61
13.9053
13.9053
14.3213
14.3213
14.6206
14.6206
15.4524
15.4524
15.1735
15.1735
14.4126
14.4126
14.5636
14.5636
14.2145
14.2145
14.1428
14.1428
13.4647
13.4647
12.9018
12.9018
12.8412
12.8412
1.11269
1.11269
0.824807
0.824807
0.984183
0.984183
0.910921
0.910921
0.60624
0.60624
0.798526
0.798526
2.18347
2.18347
1.57303
1.57303
1.97065
1.97065
1.72679
1.72679
1.96004
1.96004
1.4034
1.4034
1.30244
1.30244
4.25332
4.25332
5.06401
5.06401
3.96406
3.96406
3.36552
3.36552
3.0626
3.0626
8.89892
8.89892
9.01045
9.01045
8.15913
8.15913
7.85703
7.85703
8.19858
8.19858
8.42735
8.42735
8.37709
8.37709
7.13486
7.13486
7.56199
7.56199
7.37502
7.37502
9.91577
9.91577
9.58011
9.58011
17.5868
17.5868
17.5309
17.5309
17.2021
17.2021
17.0432
17.0432
17.2697
17.2697
5.76253
5.76253
7.66538
7.66538
6.79929
6.79929
7.91545
7.91545
10.2068
10.2068
10.5025
10.5025
9.31105
9.31105
8.70524
8.70524
9.45659
9.45659
9.53451
9.53451
14.0471
14.0471
14.1232
14.1232
13.5641
13.5641
14.05
14.05
14.0785
14.0785
11.8352
11.8352
12.8824
12.8824
13.4973
13.4973
13.3118
13.3118
13.8316
13.8316
13.9125
13.9125
12.9735
12.9735
13.5622
13.5622
13.4775
13.4775
12.7602
12.7602
12.8131
12.8131
12.1279
12.1279
12.4665
12.4665
11.9946
11.9946
11.7936
11.7936
14.0562
14.0562
13.9509
13.9509
14.2206
14.2206
13.7715
13.7715
14.1508
14.1508
13.7151
13.7151
14.0303
14.0303
14.0283
14.0283
14.3089
14.3089
13.4109
13.4109
12.8322
12.8322
12.8506
12.8506
13.2769
13.2769
12.977
12.977
13.3229
13.3229
13.487
13.487
9.30862
9.30862
9.94874
9.94874
10.3875
10.3875
10.9232
10.9232
10.6305
10.6305
10.4125
10.4125
10.2798
10.2798
10.5815
10.5815
10.5583
10.5583
10.8296
10.8296
10.749
10.749
10.5999
10.5999
11.5607
11.5607
13.4161
13.4161
13.7011
13.7011
13.8025
13.8025
13.5996
13.5996
13.6457
13.6457
13.3383
13.3383
13.6112
13.6112
13.5405
13.5405
13.9197
13.9197
14.0076
14.0076
14.0573
14.0573
13.138
13.138
13.294
13.294
13.4888
13.4888
13.3726
13.3726
11.6753
11.6753
10.0971
10.0971
9.94932
9.94932
9.50933
9.50933
7.57698
7.57698
8.04668
8.04668
11.0255
11.0255
9.9024
9.9024
8.91764
8.91764
8.98957
8.98957
12.1687
12.1687
10.8061
10.8061
11.6194
11.6194
12.0426
12.0426
10.6942
10.6942
10.3061
10.3061
12.9713
12.9713
13.7594
13.7594
13.9793
13.9793
13.7035
13.7035
12.0603
12.0603
12.1861
12.1861
12.6358
12.6358
13.0791
13.0791
13.2683
13.2683
13.724
13.724
15.8604
15.8604
16.436
16.436
16.5139
16.5139
16.238
16.238
16.1
16.1
16.1998
16.1998
15.9499
15.9499
16.053
16.053
16.5271
16.5271
16.6536
16.6536
16.4849
16.4849
2.88016
2.88016
2.99383
2.99383
2.92389
2.92389
2.84923
2.84923
3.08589
3.08589
2.86141
2.86141
3.95646
3.95646
3.94731
3.94731
3.15671
3.15671
3.33703
3.33703
3.35702
3.35702
3.46247
3.46247
2.93134
2.93134
2.97445
2.97445
4.82651
4.82651
5.06218
5.06218
5.33386
5.33386
4.83237
4.83237
6.17553
6.17553
6.8167
6.8167
7.39806
7.39806
7.08346
7.08346
5.7899
5.7899
5.8693
5.8693
6.18467
6.18467
3.50746
3.50746
3.53358
3.53358
3.25188
3.25188
3.70935
3.70935
3.76202
3.76202
2.61152
2.61152
2.23899
2.23899
2.04417
2.04417
2.56499
2.56499
2.66642
2.66642
2.05116
2.05116
1.76822
1.76822
1.81737
1.81737
2.33186
2.33186
2.05062
2.05062
1.80468
1.80468
14.9751
14.9751
14.7334
14.7334
14.7548
14.7548
14.5346
14.5346
14.5892
14.5892
14.9841
14.9841
15.2049
15.2049
15.015
15.015
15.1534
15.1534
15.2044
15.2044
14.8035
14.8035
14.6924
14.6924
14.8635
14.8635
1.81861
1.81861
1.49374
1.49374
1.62266
1.62266
1.58075
1.58075
1.64362
1.64362
1.54976
1.54976
1.73785
1.73785
7.60597
7.60597
6.41592
6.41592
6.80338
6.80338
5.97883
5.97883
4.1209
4.1209
4.64179
4.64179
9.53911
9.53911
9.96056
9.96056
9.99903
9.99903
9.71023
9.71023
9.50014
9.50014
9.86591
9.86591
9.7167
9.7167
9.70945
9.70945
8.26353
8.26353
9.33234
9.33234
8.86818
8.86818
9.26116
9.26116
9.28252
9.28252
9.35027
9.35027
9.06485
9.06485
9.08089
9.08089
10.5846
10.5846
10.6181
10.6181
9.48311
9.48311
10.1228
10.1228
9.33149
9.33149
7.93229
7.93229
8.0993
8.0993
9.11295
9.11295
10.0866
10.0866
10.4048
10.4048
10.2499
10.2499
9.97996
9.97996
9.75135
9.75135
10.1145
10.1145
10.1692
10.1692
10.2293
10.2293
10.2185
10.2185
8.7519
8.7519
8.71178
8.71178
8.31125
8.31125
13.9688
13.9688
13.8753
13.8753
14.0219
14.0219
14.027
14.027
14.1539
14.1539
13.9789
13.9789
13.8159
13.8159
14.0931
14.0931
14.1474
14.1474
13.9317
13.9317
11.0777
11.0777
11.1366
11.1366
11.3825
11.3825
12.1291
12.1291
12.1812
12.1812
12.092
12.092
11.3367
11.3367
13.1008
13.1008
12.7565
12.7565
13.3944
13.3944
13.3412
13.3412
13.4135
13.4135
13.0038
13.0038
12.827
12.827
13.0974
13.0974
10.0809
10.0809
11.4539
11.4539
10.9867
10.9867
11.25
11.25
10.0634
10.0634
9.30696
9.30696
13.2236
13.2236
13.2777
13.2777
13.343
13.343
13.616
13.616
13.574
13.574
14.1574
14.1574
15.8303
15.8303
15.7002
15.7002
15.7475
15.7475
15.7906
15.7906
15.4022
15.4022
15.4395
15.4395
4.17561
4.17561
3.82947
3.82947
4.55098
4.55098
4.50658
4.50658
4.06482
4.06482
3.76488
3.76488
2.28669
2.28669
1.96876
1.96876
1.7808
1.7808
1.65598
1.65598
1.88945
1.88945
1.9506
1.9506
8.16265
8.16265
8.18976
8.18976
6.33412
6.33412
7.35568
7.35568
5.87651
5.87651
4.93478
4.93478
4.79021
4.79021
5.95576
5.95576
7.13702
7.13702
7.19593
7.19593
8.51358
8.51358
9.18977
9.18977
8.74889
8.74889
8.57417
8.57417
7.91843
7.91843
8.24804
8.24804
10.1163
10.1163
10.2107
10.2107
10.1112
10.1112
10.4301
10.4301
9.96286
9.96286
11.7125
11.7125
11.2946
11.2946
11.6435
11.6435
13.2575
13.2575
12.9672
12.9672
12.3691
12.3691
12.2556
12.2556
12.2205
12.2205
12.8135
12.8135
11.9477
11.9477
11.1794
11.1794
11.8919
11.8919
12.5473
12.5473
12.5055
12.5055
11.1181
11.1181
10.8731
10.8731
11.2999
11.2999
11.2839
11.2839
10.198
10.198
10.7181
10.7181
10.4801
10.4801
10.8326
10.8326
10.548
10.548
))
(300 (2 1 3 0 0 1 918)(
2.47629 -0.138943 0 
0.108704 0.722546 0 
0.17174 1.05372 0 
2.31834 0.153728 0 
-0.0597791 1.2708 -1.22282e-19 
-0.0924034 0.643931 -5.31389e-18 
0.530022 0.849621 -2.95391e-19 
0.274318 0.152871 -2.98848e-20 
3.00615 -0.0195607 0 
-0.00825307 0.476907 0 
-0.0172091 0.589438 0 
0.605212 0.00676619 0 
0.0107054 0.439105 0 
-0.00288245 0.421689 0 
0.0134383 0.340818 -1.30515e-18 
-0.00470807 0.76896 -9.20716e-20 
0.312399 0.0742689 2.15214e-18 
0.0797439 0.642459 -2.2299e-19 
1.52884 0.128628 0 
-0.0267136 0.685277 0 
0.194587 0.15772 -1.26556e-18 
3.08302 -0.397373 0 
2.92445 -0.50598 0 
1.86116 -0.1811 0 
0.511383 0.0400858 0 
-0.0253685 0.52155 0 
-0.00135313 0.494038 1.86242e-18 
-0.0224938 1.40024 0 
0.0746256 2.8836 0 
0.168168 1.73636 0 
-0.0385198 3.16562 0 
0.027188 1.64033 9.40233e-20 
0.0232982 0.686722 0 
-0.147425 0.775094 -2.03088e-22 
-0.193914 1.0291 4.42129e-18 
-0.0415772 1.04471 0 
0.744578 -0.00600502 0 
0.161006 0.246311 6.65551e-19 
0.993503 1.51305 6.52889e-19 
0.649943 0.784373 -5.16041e-19 
0.798604 1.57518 6.20059e-20 
0.41681 0.851393 -3.20146e-19 
0.552313 0.306559 2.93913e-20 
0.296964 0.153643 0 
0.962999 0.56657 0 
0.532593 0.303942 1.32015e-19 
0.257971 0.162787 -1.35467e-19 
0.871596 -0.0554787 0 
3.02784 -0.0017048 0 
3.00685 0.0178656 0 
3.20086 -0.417733 0 
3.04288 -0.0742117 0 
3.03116 -0.0388406 0 
0.0186186 0.903207 -1.14634e-18 
-0.0542537 0.974208 0 
0.00283793 0.455051 0 
-0.0291356 0.981269 0 
-0.0113949 0.481261 0 
-0.00133718 0.870126 0 
-0.0520888 1.11082 0 
-0.0125527 0.541759 0 
-0.0253418 1.16215 0 
-0.00591667 0.621683 0 
0.790478 0.0116243 0 
1.16942 -0.00156187 0 
0.618248 0.0123697 0 
1.12578 0.0175986 0 
0.56976 0.00867933 0 
0.225406 0.921982 1.95979e-18 
0.0985379 1.2081 0 
0.176302 1.06604 0 
0.0331901 0.755774 2.19932e-23 
0.0372233 0.498055 -2.93103e-18 
0.0194616 0.747943 0 
0.00595421 0.422033 0 
-0.000695316 0.734548 4.51742e-24 
0.000702479 0.414825 0 
-0.0169204 0.74318 0 
-0.0129373 0.42798 0 
0.0494371 0.649982 0 
0.0484399 0.458227 0 
0.00800629 0.621953 1.234e-18 
0.000745256 0.344904 0 
-0.0683482 4.6921 0 
0.0089245 1.45857 9.1408e-20 
-0.0104749 0.78567 -1.17677e-19 
0.636088 0.152147 -7.50948e-19 
0.321615 0.0656847 -7.28708e-19 
0.644794 0.169723 -2.25466e-18 
0.317533 0.0955713 -1.45156e-18 
0.0785445 0.618465 0 
0.178527 1.31368 1.84913e-19 
0.179693 0.730182 -2.95032e-19 
2.06031 0.260946 0 
1.10704 0.11845 0 
3.03313 0.103887 0 
3.10392 0.446059 0 
2.83919 0.377459 -1.01279e-17 
2.5781 0.361309 7.77127e-18 
-0.0706652 1.26274 0 
-0.0113439 0.62305 0 
-0.0139531 1.89995 0 
-0.0506969 1.34619 0 
-0.0480121 0.678858 0 
0.440316 0.295632 4.00673e-19 
0.225466 0.163361 0 
2.2961 -0.266393 0 
1.32372 -0.119273 0 
1.07632 0.0126687 0 
1.01199 0.0187648 0 
0.540924 0.010851 0 
1.01986 0.0563988 0 
0.821218 0.0703259 0 
0.343623 0.0286957 3.363e-18 
-0.00543503 0.451601 1.7735e-18 
-0.0270313 0.784628 0 
-0.0473178 0.847508 0 
-0.015274 0.460436 0 
0.000132486 0.839725 1.81597e-18 
7.30038e-05 0.48753 0 
-0.0054789 0.845554 -5.5903e-18 
-0.00488634 0.496761 1.88633e-18 
0.0543056 3.56545 0 
0.0428357 4.02473 0 
-0.0162708 1.41115 -2.05222e-21 
-0.0130885 1.36361 0 
-0.00981082 0.741675 0 
1.41018 0.0348843 0 
0.760549 0.0154387 0 
0.709514 0.0142643 0 
1.41618 -0.0328482 0 
0.773515 -0.00873976 0 
0.322068 0.480366 -8.35624e-19 
0.156811 0.232727 0 
0.324971 0.509185 9.36492e-20 
0.163366 0.268442 0 
1.24074 1.3868 1.66466e-19 
0.778655 0.740816 -3.92467e-19 
0.411557 1.42197 0 
0.607127 1.53387 0 
0.303516 0.814705 0 
0.145338 0.353397 -4.42853e-19 
0.60731 0.280721 0 
0.313513 0.13464 3.98824e-19 
1.42727 1.30667 0 
1.58664 1.1685 0 
0.874882 0.663891 4.61758e-19 
1.73388 0.953073 0 
1.06858 0.438766 2.32215e-20 
1.47298 0.00813844 0 
1.501 -0.0292391 0 
0.801896 -0.00441621 0 
1.95042 -0.199779 0 
1.65082 -0.14818 0 
1.05215 -0.0889697 0 
3.06126 0.164853 0 
3.03105 0.0687875 0 
3.01022 0.0531594 0 
0.0357277 1.60594 6.08251e-19 
0.0178798 0.827165 0 
0.0179766 1.69669 1.07984e-18 
0.00304814 0.939117 -9.70809e-19 
0.0646817 1.15217 1.87831e-19 
0.0477037 0.989037 0 
0.0401853 0.52862 0 
-0.0286583 1.00527 0 
-0.0069805 0.517398 0 
0.0181353 1.61617 -4.43327e-21 
-0.0180786 0.865885 0 
-0.0539502 1.58477 -2.25807e-19 
-0.0161471 0.821088 4.3733e-19 
-0.00177725 1.02951 0 
0.0102703 1.04371 0 
5.60546e-05 0.531441 0 
0.0106728 1.1706 0 
0.000908372 0.612178 0 
1.46831 -0.00370388 0 
0.789217 0.00805963 0 
1.44055 0.033166 0 
0.761791 -0.000557611 0 
0.675383 0.00534451 0 
1.26196 0.016682 0 
1.20239 0.0473082 0 
0.659691 0.0155559 0 
-0.00580052 1.42077 -1.70207e-20 
0.000184321 1.37708 0 
0.00482012 0.732923 0 
0.00172892 0.417221 0 
0.284446 0.828772 0 
0.253623 0.399743 -2.87136e-19 
-0.00223169 0.63541 0 
-0.00889688 0.367611 0 
0.0111729 4.33738 0 
-0.0492146 4.66431 0 
-0.0186514 4.56586 0 
-0.0722555 3.36832 2.04353e-20 
-0.0583388 4.60345 0 
-0.0521706 4.1807 0 
0.00483803 0.819419 1.08068e-20 
0.0142205 1.56302 1.65407e-19 
-0.0358794 1.5035 1.20902e-19 
-0.00745154 0.826226 0 
0.664432 0.105709 1.1533e-18 
0.325686 0.0441635 -1.13025e-18 
0.149689 1.13349 0 
0.100958 0.573458 -2.69248e-19 
0.118155 1.23336 -8.74343e-19 
0.0518696 0.687216 8.69842e-19 
0.809202 0.0240635 0 
1.55677 0.0476795 0 
1.7097 0.127652 0 
0.919845 0.0445228 0 
0.00791945 1.18176 0 
0.0258355 1.18981 0 
0.00449885 0.627633 0 
0.482114 0.315083 1.20361e-18 
0.436849 0.309084 -1.38669e-18 
0.234768 0.164176 0 
1.93549 0.152999 1.1524e-19 
1.13642 0.0932503 0 
1.72435 0.118443 0 
0.883727 0.0226948 0 
0.678175 0.0857389 0 
0.699717 0.0460599 -5.40757e-18 
0.346729 0.0325964 1.99903e-18 
0.00914732 0.807284 1.69367e-18 
0.00222279 0.46251 4.08166e-20 
-0.0108777 1.40842 -3.58003e-20 
0.00613616 1.38675 1.36586e-18 
-0.0149832 0.848955 6.29435e-20 
-0.0119261 0.524486 -2.52905e-22 
-0.107514 1.00068 -1.16487e-18 
-0.0529602 1.3532 8.33989e-19 
-0.0175323 1.35275 -1.35776e-18 
1.42273 -0.0170847 0 
1.44236 0.0203184 0 
0.769871 -0.00017768 0 
1.45218 0.0253833 0 
1.36319 0.0462297 0 
0.761541 0.020307 0 
1.30062 -0.00215365 0 
1.31867 -0.00584876 0 
0.695055 -0.000986481 0 
0.304863 0.473415 -9.15232e-19 
0.161361 0.242684 0 
0.157161 0.308441 1.3694e-19 
0.309601 0.585913 1.12217e-18 
0.307414 0.548595 -6.64337e-19 
0.156825 0.281907 1.29821e-18 
0.278495 0.717731 2.18159e-18 
0.148269 0.380869 3.93638e-19 
0.636093 0.213095 1.53747e-18 
0.625996 0.253605 3.99322e-19 
0.316622 0.115046 7.49275e-19 
1.92128 0.714618 -5.99692e-19 
1.16768 0.3361 -7.01915e-19 
-0.035106 1.70372 4.64151e-19 
-0.0114027 0.925137 0 
1.6039 0.0239522 0 
1.5219 0.0653722 0 
0.852932 0.0268584 0 
-0.00355882 1.38473 0 
0.00507421 0.729574 2.49511e-18 
0.00465033 0.731252 0 
0.00207079 0.415097 -2.44215e-18 
-0.0102751 1.38627 5.95652e-19 
-0.00947265 1.4225 0 
0.336555 0.488148 2.5796e-19 
0.360044 0.54641 -8.63009e-19 
0.171838 0.257822 7.81152e-19 
-0.0256693 0.767468 -1.66261e-18 
-0.0261517 0.689734 0 
-0.0154343 0.412938 0 
0.0301958 1.54862 -1.27145e-20 
0.0314029 1.58129 -3.64908e-19 
0.0179003 0.82291 -1.55919e-20 
0.213369 1.0441 8.90015e-19 
0.119655 0.509031 -5.92258e-19 
0.0118812 1.48502 7.30594e-19 
0.0558397 1.35094 -8.1542e-19 
0.0268213 0.760458 3.53066e-20 
0.00751356 1.36614 -3.80753e-18 
-0.000214844 1.39326 4.40934e-18 
0.00377339 0.829776 1.7329e-18 
-0.0138288 0.805094 -1.72537e-18 
-0.00430906 0.481399 -1.73854e-18 
-0.0106511 1.41685 -4.49975e-18 
-0.0152178 1.40032 4.58894e-18 
0.286368 0.674802 0 
0.299777 0.634637 -2.28771e-18 
0.15194 0.331723 9.9035e-19 
0.281217 0.795972 1.18503e-18 
0.138806 0.427516 -1.82848e-18 
2.05698 0.32258 4.15841e-19 
2.05154 0.547721 0 
1.21865 0.22098 -4.01794e-19 
-0.0738712 1.63579 -4.80171e-21 
-0.0141136 1.69113 0 
-0.015709 0.922201 0 
0.227083 0.94449 -3.22778e-19 
0.248226 0.866491 -7.06878e-19 
0.128803 0.463269 1.32474e-18 
3.16442 -0.442872 0 
3.34728 -0.414685 1.81283e-18 
0.0619856 3.4836 0 
0.0486551 2.8074 0 
3.15925 0.249915 1.4192e-20 
3.12355 0.506296 3.71218e-18 
0.0230555 3.43315 -2.74252e-20 
0.00911501 2.66491 0 
-0.0416459 1.19604 1.55498e-18 
0.190069 1.31639 0 
3.47258 1.62508 -3.24753e-19 
3.17427 0.272573 -2.96098e-20 
3.14838 -0.118697 0 
3.10047 -0.000404025 3.73114e-22 
0.0439537 2.58976 0 
0.157599 3.30133 0 
-0.0548544 2.53348 0 
-0.0229525 3.48945 3.15775e-19 
-0.0248454 3.57049 1.99255e-19 
2.63343 0.048831 -1.36492e-20 
3.04751 0.0311522 0 
3.15792 0.0868395 0 
-0.0514337 4.61744 0 
-0.0457978 3.08438 0 
-0.0718787 2.9349 0 
0.652523 3.10559 2.65695e-19 
3.33884 -0.422458 0 
3.0114 -0.34581 0 
3.1699 -0.0530368 2.27724e-18 
3.2927 -0.3287 -2.74205e-18 
3.1038 -0.125776 0 
-0.0571915 4.51544 0 
0.0163916 3.93464 0 
0.00821429 4.26553 0 
-0.0266582 3.0954 0 
-0.0130512 2.85085 0 
-0.0305203 2.42371 0 
2.97422 -0.00316964 0 
2.85043 0.0486285 -1.805e-20 
2.24683 3.04925 -3.21559e-19 
3.15695 0.0444552 -2.27831e-18 
3.19037 0.278179 2.7694e-18 
3.0828 0.117338 0 
3.3954 0.328926 2.08733e-18 
3.35695 0.484366 -2.7066e-18 
3.07111 0.418429 0 
-0.0549568 3.34778 0 
0.00548687 3.27767 8.52211e-20 
-0.0303904 2.57658 -6.03849e-20 
3.70789 0.555312 2.26552e-18 
3.47098 0.208496 0 
-0.151982 1.27126 -2.1659e-18 
-0.062431 0.882159 -1.35033e-19 
-0.0848344 1.33672 2.98556e-18 
-0.0352342 1.27045 -8.99606e-19 
-0.000493698 1.08841 0 
-0.0266646 1.23955 6.94848e-19 
-0.115053 1.38786 2.14652e-18 
-0.0590493 1.34056 -1.31412e-18 
-0.0767371 1.32063 0 
1.28931 0.597222 0 
1.17728 0.68239 0 
3.55661 2.02946 9.53553e-19 
3.04983 1.93595 -1.19063e-18 
3.83772 1.70659 0 
3.38423 1.15684 0 
3.34934 0.280495 -3.9169e-18 
2.89884 0.17312 4.83986e-18 
3.35145 -0.155478 0 
2.85479 -0.0761357 0 
3.43642 0.0430263 0 
3.5938 0.145057 0 
3.28683 0.119875 0 
3.55033 0.298581 0 
3.40841 0.293059 0 
3.32755 0.218074 0 
0.0973781 2.79123 0 
0.0343889 2.07982 0 
0.126649 3.05207 0 
0.092746 2.20596 0 
0.21492 3.59437 0 
0.140172 2.67439 -5.58597e-19 
0.0534414 3.61077 0 
0.011399 3.01443 4.05636e-19 
-0.02435 3.20361 -5.17048e-19 
-0.0589258 2.79803 0 
-0.0227862 2.20068 0 
-0.0718103 2.90573 0 
-0.0554832 2.04884 0 
-0.106505 4.74967 -2.45555e-19 
-0.079022 3.9415 2.77271e-19 
-0.0742199 3.80232 3.0909e-19 
-0.0526488 3.01668 0 
-0.104347 3.80388 -4.58703e-19 
-0.0370573 3.21533 -2.95079e-19 
-0.0806219 4.78205 1.92563e-19 
-0.0932233 4.46563 -3.50465e-19 
-0.0684287 4.33534 -3.78948e-19 
3.03134 0.0883874 3.35866e-18 
2.2896 0.0321826 -4.22985e-18 
2.89132 0.132846 -3.32758e-18 
2.20957 0.0734895 4.15635e-18 
3.36858 0.0277275 0 
2.64306 -0.00265068 0 
3.45416 0.0913577 0 
3.32024 0.0192907 0 
2.70665 0.00922801 0 
3.6803 0.239645 0 
3.43883 0.0960045 0 
2.86369 0.0565189 0 
-0.0215736 4.33607 -1.20306e-20 
-0.0543769 4.65362 0 
-0.0597222 4.54965 0 
-0.074789 3.50536 8.77396e-20 
-0.0373704 2.77878 -3.46605e-21 
-0.0794789 4.67007 1.1345e-19 
-0.0936239 4.45829 -1.14648e-19 
-0.0773143 3.95566 0 
-0.0554882 3.87582 0 
-0.0190478 3.9926 0 
-0.0708237 3.25572 0 
-0.0425508 2.3006 0 
0.948789 3.66202 -6.08746e-19 
0.921257 2.85349 -1.76324e-19 
0.430216 2.05268 -2.28175e-19 
0.252198 2.29903 6.9692e-19 
1.02356 4.19995 2.63807e-19 
3.43308 -0.167422 0 
3.32213 -0.256546 0 
2.88327 -0.189515 0 
3.47032 -0.0643457 0 
3.34581 -0.147864 0 
3.44893 -0.261022 0 
3.5195 -0.283601 0 
3.57949 -0.281129 0 
3.22413 0.0933881 3.61895e-18 
2.55519 0.0645185 -4.57611e-18 
3.09649 0.106579 -3.56241e-18 
2.50909 0.0566752 4.43263e-18 
2.23996 3.41711 0 
1.73974 2.94855 -4.45558e-19 
2.56696 3.34902 -4.03172e-19 
2.36962 2.52967 5.35857e-19 
0.774461 1.21297 2.72214e-18 
1.44676 0.216477 1.34316e-18 
3.72256 0.304256 0 
3.89315 0.572829 -1.84599e-18 
3.299 0.243961 -8.23399e-20 
3.7208 0.440152 0 
0.236593 1.31233 1.79601e-18 
-0.016657 1.20198 -2.87624e-18 
0.0588003 0.769959 1.61446e-18 
0.275929 0.464897 -7.4781e-19 
0.187236 1.38375 8.70959e-19 
0.0506395 1.23716 0 
0.0577319 1.08616 -1.13224e-18 
0.191702 1.44297 -4.09196e-18 
0.328985 1.55696 0 
0.00867313 1.2902 1.19582e-19 
-0.00971754 1.45729 -1.34018e-18 
-0.0410145 1.30282 1.94834e-18 
-0.0574436 1.41766 0 
-0.0204759 1.38228 0 
0.68106 1.04985 0 
2.45672 2.45512 -1.06616e-18 
2.64413 2.17383 3.95209e-19 
2.7926 2.88266 0 
3.21304 3.06774 -3.9455e-19 
3.16602 2.41186 2.84638e-20 
0.80365 0.589312 -1.8223e-18 
1.55581 0.691433 -1.62183e-20 
1.23285 0.450984 8.72119e-19 
1.27495 0.843583 5.95029e-20 
0.938741 0.633784 -2.36939e-18 
1.46415 0.714113 0 
1.98972 1.09967 1.45588e-18 
2.03187 1.01562 0 
1.4117 0.790639 0 
1.06188 0.54964 0 
3.37542 2.18023 1.00847e-18 
3.94757 0.76094 -1.86332e-18 
3.84792 1.21612 0 
3.53386 0.757815 0 
1.39132 0.364751 1.33244e-18 
3.25794 1.84223 -8.51475e-19 
2.83426 1.65439 1.54679e-18 
3.75524 1.37709 -1.83583e-18 
3.09793 0.114761 2.46394e-18 
3.16856 0.180818 -2.5789e-18 
2.66183 0.0916428 0 
3.30731 -0.0394956 0 
3.20141 -0.084256 -2.36648e-18 
2.63244 -0.0321094 2.34564e-18 
3.9563 0.0932069 0 
3.75968 0.145655 0 
3.69369 0.155373 0 
3.5883 0.204748 0 
3.83261 0.0590323 0 
3.72611 0.0522535 0 
-0.0400653 2.5133 0 
-0.0376924 2.0123 0 
0.357154 3.98958 -4.11336e-19 
0.662929 3.33481 -1.59997e-19 
0.259721 3.02884 -3.57974e-19 
0.343867 2.54902 5.73393e-19 
0.458399 4.01559 0 
0.470099 4.6719 -5.09891e-19 
0.383359 4.73029 0 
0.911174 4.37523 -3.79492e-19 
0.673184 3.81418 9.68796e-19 
0.597431 4.65351 4.46948e-19 
0.740925 4.20195 -1.87508e-19 
0.602811 4.32729 1.50864e-19 
0.916605 4.65767 -6.63759e-19 
0.749985 4.66205 0 
0.858709 4.58982 5.04536e-19 
0.00728749 4.57205 -1.81147e-19 
-0.0184267 3.64663 0 
0.101738 4.28701 5.49635e-19 
-0.00259915 4.38985 0 
-0.00351519 3.45827 -4.51059e-19 
-0.0151922 2.91174 0 
-0.0997634 4.30876 -2.8913e-19 
-0.105356 4.68178 0 
-0.0527507 3.80644 0 
-0.0395982 3.7285 3.25191e-19 
-0.0467647 3.88771 1.0386e-20 
-0.0345133 3.70883 6.25925e-19 
-0.0410284 2.94912 4.06883e-21 
-0.113369 4.71046 1.80189e-19 
-0.102225 4.74208 1.03221e-19 
-0.0165632 2.62316 0 
0.00135261 2.13538 0 
-0.0411285 4.78951 4.86244e-19 
-0.0479209 4.30939 4.23894e-19 
-0.0825428 4.58538 -5.5414e-19 
0.0167706 4.75847 0 
-0.0776161 4.53532 -3.09027e-19 
-0.116971 4.16889 1.27715e-19 
-0.0841835 4.24943 -4.12929e-20 
-0.0695549 4.72939 -2.18901e-19 
-0.0848585 4.27048 -6.85627e-20 
-0.0832701 4.21533 3.06685e-19 
2.87142 0.0610245 -2.36357e-18 
2.85887 0.0497074 2.27304e-18 
2.3386 0.0345583 0 
3.51009 0.192037 3.04655e-18 
2.70367 0.126546 -3.30479e-18 
2.25449 0.064487 3.60961e-18 
3.68248 0.335342 -4.01644e-19 
3.20989 -0.04852 0 
3.17213 -0.0135473 2.23703e-18 
2.69091 -0.0123742 -2.2194e-18 
3.87877 0.122252 -1.2524e-19 
3.77177 0.101864 1.07834e-18 
4.15977 0.173501 0 
4.22847 0.181161 -3.75136e-19 
4.0137 0.145243 0 
3.69489 0.155412 0 
4.0323 0.095091 0 
3.71179 0.0873359 0 
4.18472 0.113895 7.8551e-19 
4.1372 0.0791445 -1.74793e-18 
4.14067 0.113896 -8.48019e-19 
4.1864 0.116538 -9.24498e-19 
4.2157 0.229027 1.77408e-18 
3.85475 0.188639 0 
4.06128 0.301933 0 
-0.0714676 4.58068 -1.35725e-19 
-0.0319276 4.64478 -1.16775e-20 
-0.0647902 4.66119 0 
-0.0542942 4.19708 1.38103e-19 
-0.0526351 4.22477 2.25339e-20 
-0.0574979 4.09288 -2.184e-20 
-0.0798482 3.52758 2.61181e-19 
-0.142858 4.0074 -1.4517e-20 
-0.101643 4.13473 7.47619e-20 
-0.0737804 3.4035 -1.32288e-19 
-0.0245539 2.92601 1.58427e-19 
-0.0746581 4.42836 5.20541e-21 
-0.087565 4.64249 1.7223e-19 
1.24345 4.35983 3.47433e-19 
1.15964 4.52875 7.26067e-19 
1.73676 3.46649 4.30845e-19 
1.30876 3.5608 1.695e-19 
1.28648 2.88972 0 
0.548421 2.31855 2.74877e-19 
0.463505 1.74139 3.30675e-19 
0.345035 2.56711 1.50931e-20 
0.492044 3.17294 -1.16125e-18 
0.631555 3.1319 8.76479e-19 
0.432689 2.40423 0 
0.293534 1.97177 -5.57247e-19 
0.259794 3.07739 1.39467e-18 
0.273296 2.71921 -3.13834e-20 
0.157882 2.27597 -1.74796e-18 
0.591365 1.41097 1.46331e-18 
0.576309 1.61672 0 
3.58364 -0.0751495 8.64345e-20 
3.61861 -0.254101 -7.25977e-20 
3.72135 -0.217712 -1.26657e-18 
3.75927 -0.126019 1.28245e-18 
3.67616 -0.0488555 0 
2.44633 3.87153 0 
2.61787 3.91465 0 
2.88949 3.62553 0 
2.73619 3.64267 0 
0.854143 1.39435 -3.33952e-21 
0.611464 1.03903 0 
1.70893 3.38408 1.50211e-20 
1.42083 3.4631 0 
1.32643 2.95029 -1.2837e-18 
1.40693 2.89299 8.24402e-19 
1.79127 0.310397 0 
1.43044 0.262017 3.52066e-19 
2.41165 0.358827 2.19179e-18 
1.78606 0.284835 -7.8543e-19 
1.42631 0.112198 -2.495e-18 
4.26631 0.790094 -2.5655e-18 
3.85197 0.995204 -3.67207e-20 
3.29691 0.844633 2.06785e-18 
3.87579 0.745466 1.81329e-18 
3.12307 0.465686 -3.04506e-18 
2.91023 0.45216 3.7499e-19 
3.1925 0.682314 -8.18723e-19 
2.9761 0.683402 0 
3.75867 0.56399 1.53766e-18 
4.09566 0.629401 0 
4.09118 0.776474 0 
4.04577 0.415923 8.2368e-19 
4.29665 0.642587 -3.02469e-20 
4.24946 0.715908 -4.52883e-19 
4.17659 0.643291 0 
3.61567 0.130418 1.7182e-18 
4.19 0.183602 2.14422e-18 
4.09069 0.151662 -1.67943e-18 
4.13651 0.24088 -1.44287e-18 
3.74573 0.238217 -2.1564e-18 
3.30289 0.375968 0 
3.40343 0.302411 0 
2.55812 0.19065 -1.26606e-18 
2.10847 0.119115 4.76771e-19 
4.03722 0.352629 1.94036e-18 
4.28774 0.432852 -2.34651e-18 
4.28489 0.489481 2.06892e-18 
4.15713 0.493538 0 
4.25664 0.337309 0 
4.26651 0.322399 -9.81948e-19 
4.2143 0.316167 -1.59653e-18 
2.22674 3.48719 6.20483e-19 
1.9375 3.23082 -6.83362e-19 
1.44566 2.3554 -1.03189e-18 
1.18634 1.99624 2.66844e-19 
0.883748 1.37812 -2.62868e-18 
0.793649 1.21541 9.22127e-19 
0.600758 0.903919 -1.97135e-21 
1.11452 1.78469 -1.13785e-18 
1.14184 1.88178 1.69859e-18 
0.974341 1.70009 5.06073e-19 
0.785931 1.28862 -5.12689e-19 
0.635403 1.07439 0 
2.44559 2.60677 -1.15436e-19 
0.705167 1.1442 8.57232e-19 
0.92774 0.889705 1.15619e-18 
0.755267 0.813606 1.33774e-18 
1.08309 0.746516 1.34116e-18 
1.4669 1.04431 -2.27028e-18 
1.38293 1.0712 1.83943e-18 
1.0018 0.765508 -6.76753e-19 
0.817028 0.568006 1.49464e-18 
1.6155 0.490753 -7.78117e-19 
1.55896 0.508327 0 
1.23954 0.407335 4.60597e-21 
2.50919 1.51588 7.75564e-19 
2.0798 1.27014 -2.80861e-18 
1.68664 1.18439 9.08767e-21 
1.6607 1.09234 0 
2.86207 2.59508 8.73803e-19 
3.44677 2.75287 1.03748e-18 
3.2558 2.93077 -1.19596e-18 
3.55421 2.76342 -4.28386e-19 
3.48428 2.60369 -1.34893e-19 
3.51245 2.79514 1.38786e-19 
3.67424 2.26704 -1.67943e-18 
3.70518 2.49208 4.00745e-19 
3.78366 2.43585 0 
3.78445 2.19161 -5.79712e-19 
4.04896 1.07333 5.80563e-19 
4.27596 0.993172 1.00216e-18 
4.30041 0.966881 1.01167e-18 
4.05503 1.32935 -1.14963e-18 
4.10287 1.34977 0 
4.15252 1.23373 0 
3.32769 1.23573 -1.56061e-20 
2.41772 0.666491 0 
2.72185 0.744043 9.30657e-19 
3.23826 0.885948 -2.64562e-20 
3.77288 1.53467 5.10748e-18 
3.5698 1.7619 1.31113e-18 
3.48094 1.54047 -1.34067e-18 
3.03735 1.36977 1.43744e-18 
2.76064 1.36965 8.23767e-19 
2.30656 1.15589 -7.97801e-19 
3.67221 -0.0855431 1.98464e-18 
3.8947 -0.0289326 0 
3.85894 -0.066549 1.34208e-18 
3.74291 -0.0594087 -2.98777e-18 
3.98056 0.0373773 1.46198e-18 
3.90444 0.113427 -3.08296e-18 
3.73986 0.128036 0 
3.55625 0.17347 -6.28551e-19 
3.81197 0.122981 1.60529e-18 
3.69195 0.191384 -8.22563e-19 
3.6003 0.171078 5.90719e-19 
-0.0800855 2.59157 0 
-0.0466245 3.39871 0 
-0.0318139 2.46256 0 
-0.0215218 1.97119 0 
0.0464881 3.94147 6.70719e-19 
0.14032 3.72289 -1.72963e-19 
0.317512 4.64459 -2.29752e-19 
0.253243 4.46172 2.42651e-19 
-0.0245151 4.29436 -4.97581e-19 
0.012518 4.32644 3.73645e-19 
0.0960672 3.87017 2.22681e-20 
0.0101054 3.55755 -4.6713e-19 
-0.0121634 3.30924 -6.22705e-20 
-0.0388953 3.67153 -5.67426e-20 
0.153522 4.47488 -5.87007e-19 
0.178693 4.28835 0 
0.276007 4.63502 2.9643e-19 
0.269206 4.70957 2.53002e-19 
0.596112 4.44442 -2.26032e-19 
0.408262 3.78041 0 
0.457401 3.62817 -1.11489e-18 
0.560111 3.99704 7.89991e-19 
0.480347 4.56191 -6.14836e-19 
0.370734 4.43242 3.30788e-19 
0.299686 4.1541 0 
-0.0339711 4.76205 -5.53259e-19 
-0.0737859 4.52706 -6.41501e-19 
-0.0748908 4.74 0 
-0.0282331 4.35991 -6.24896e-21 
-0.0182442 4.64148 2.74273e-19 
-0.117839 3.88203 4.47087e-20 
-0.0548102 3.48655 -6.53823e-19 
-0.0948599 3.92474 1.74199e-19 
-0.134599 4.5179 2.32379e-19 
-0.0752515 4.32825 0 
-0.059099 3.88661 0 
-0.0818325 2.89829 2.00859e-19 
-0.0471241 3.63181 -6.26756e-20 
-0.0722729 3.61932 0 
-0.0879269 2.68735 1.58147e-19 
-0.046202 2.19392 -3.0642e-19 
3.76103 0.0323482 0 
3.7319 0.00775026 -2.0328e-19 
4.1795 0.06797 -1.43997e-18 
4.08911 0.0463203 0 
3.87634 0.0178311 0 
4.14973 0.0370654 -1.25248e-20 
4.1003 0.0349589 2.37897e-18 
4.0001 0.0802213 2.84572e-18 
3.75586 0.118677 0 
3.55802 0.110062 0 
4.01332 0.0939726 1.4175e-18 
3.70324 0.116149 0 
3.4721 0.128885 0 
-0.0806886 4.70004 0 
-0.106299 4.6684 1.06689e-20 
-0.0766734 4.72012 6.29888e-20 
-0.0603614 3.83227 0 
-0.111852 4.53605 1.1126e-19 
-0.0675639 4.2408 -6.33717e-20 
-0.0536891 3.92955 0 
1.41029 4.18566 0 
1.20947 4.58043 -1.29811e-18 
1.22479 4.48828 0 
1.57406 4.48713 1.48452e-18 
1.59332 4.12113 0 
1.50171 4.37151 -6.0659e-19 
1.0114 2.24252 -3.39478e-20 
0.709122 1.64533 -1.74465e-18 
0.590644 1.22744 2.12863e-18 
0.708694 1.83489 3.96808e-19 
0.974988 2.42405 0 
1.03636 2.37913 0 
0.718337 1.68726 0 
0.532303 1.33006 -1.39521e-18 
1.20877 3.77478 -9.83472e-19 
1.12877 2.98881 -2.355e-19 
1.3269 3.40485 1.92598e-19 
0.599247 2.0408 0 
0.620187 1.94255 0 
0.462213 1.57107 -3.92715e-19 
0.957631 2.72036 0 
2.68719 3.57098 0 
2.38123 3.0085 -1.4546e-18 
2.54587 3.02689 -8.5877e-20 
2.41973 3.4043 0 
2.28562 3.14932 2.22116e-18 
3.27802 3.0868 -3.89712e-19 
3.13407 3.325 0 
3.11646 3.15136 6.30467e-19 
2.87046 3.41267 0 
2.88197 3.20076 0 
1.20918 2.00618 -9.30435e-19 
1.41397 2.40318 -6.99536e-19 
1.75349 2.98162 1.20601e-18 
1.69567 2.95962 -3.62251e-19 
1.06234 1.82211 0 
1.20677 2.20834 4.71116e-19 
0.718384 1.28862 -7.15212e-19 
0.581592 1.04341 -5.61025e-22 
1.93723 3.69558 0 
2.19906 3.74289 -5.42619e-19 
2.33826 3.98624 0 
2.28409 0.529021 0 
1.61736 0.341912 0 
1.20903 0.276589 0 
2.20914 0.554269 -1.46525e-18 
1.63529 0.4022 8.17245e-19 
2.14562 0.129124 -9.85168e-19 
2.62661 0.297532 0 
2.46567 0.301649 4.13489e-19 
1.76988 0.13572 1.633e-18 
1.53026 0.0812684 -1.03704e-18 
0.745523 1.55587 8.58047e-19 
0.959753 1.82034 0 
0.537637 1.43999 1.56088e-18 
0.523833 1.61479 -1.42523e-18 
0.757155 1.81444 -9.88346e-19 
2.07334 2.46259 1.3377e-18 
2.09669 2.71199 0 
1.58343 1.67806 -2.76346e-19 
2.00964 1.9894 1.74507e-18 
1.35982 1.29256 -4.23579e-19 
1.58862 1.31341 4.50686e-19 
2.10956 1.51321 1.02318e-18 
2.4427 1.67095 0 
2.27599 1.85607 0 
2.00989 1.606 0 
3.95681 2.07988 3.84508e-19 
3.75982 1.88978 -1.26356e-18 
3.81723 2.0281 1.04678e-18 
3.90107 1.77149 -1.00832e-18 
4.15788 1.6739 0 
4.11696 1.8411 -2.97839e-19 
2.84047 1.16333 -1.8973e-18 
2.97083 1.16345 -2.41302e-18 
2.33197 1.04357 1.45643e-18 
2.13826 0.93444 -1.41983e-18 
2.4635 0.84618 -1.17812e-18 
2.17857 0.776952 1.44884e-18 
4.00845 0.0334769 -1.5289e-18 
4.05276 0.0406911 3.13022e-18 
3.76797 -0.0658798 1.90091e-18 
3.79119 -0.0737705 -2.28678e-18 
3.95955 0.0105756 0 
4.05604 0.0228802 -3.72983e-18 
0.0968457 4.76162 1.06557e-19 
0.0676735 4.73209 0 
0.189721 4.73159 9.53553e-19 
0.211282 4.74927 -8.6751e-19 
0.231185 4.71884 4.28469e-19 
0.122194 4.65882 0 
-0.100621 4.7714 0 
-0.106443 4.40399 -6.18482e-20 
-0.105381 4.33295 5.54361e-20 
-0.114123 4.48218 7.17796e-21 
-0.104802 4.72171 -1.01159e-19 
-0.0818708 4.70934 5.50909e-20 
1.87548 4.00963 -1.64328e-18 
1.81644 4.01615 1.74022e-18 
1.68408 4.40653 -8.54272e-19 
1.69285 4.27735 7.61266e-20 
2.25273 4.08651 0 
1.8546 4.22003 -6.35533e-19 
1.98183 3.95985 6.16374e-19 
1.82396 4.38097 8.34466e-19 
2.07668 4.21935 0 
2.22814 4.10032 0 
1.13832 3.63082 1.49505e-18 
0.826593 2.81129 2.0233e-18 
0.954313 2.98965 -1.38959e-18 
0.746527 2.97133 -2.31898e-19 
0.902431 3.73044 4.66311e-19 
0.722114 3.36296 -1.13402e-18 
0.745682 1.4656 -1.21475e-18 
0.746153 1.31681 0 
0.602498 1.11439 -1.33519e-18 
1.11082 2.06382 0 
1.08779 2.15076 0 
1.35845 2.19072 -1.09056e-18 
1.06436 2.01407 -1.03597e-18 
1.01673 2.03496 1.09865e-18 
1.031 1.5191 0 
1.41022 1.76167 -6.01208e-19 
1.62713 2.11887 -8.5542e-19 
1.41066 2.08247 0 
0.867714 1.81833 7.12434e-19 
0.779628 1.6794 0 
2.90592 2.28882 -1.84708e-18 
3.31881 2.47055 2.60931e-18 
3.27751 2.19305 -2.5934e-18 
2.6102 2.02079 -2.31179e-19 
2.72479 1.94026 -9.74158e-19 
1.26174 2.18961 7.96141e-19 
1.31588 2.24443 -1.35987e-18 
1.45391 2.32938 1.79273e-18 
1.79011 2.55937 -1.1652e-18 
1.8887 2.93209 -1.56718e-18 
1.56296 2.48846 -1.18799e-19 
1.63269 2.62798 1.37122e-18 
1.80979 2.69285 9.66141e-20 
2.01768 2.99856 6.49982e-19 
))
(300 (2 10 3 0 0 919 1018)(
0 0 0 
0 0 0 
0 0 0 
0 0 0 
0 0 0 
0 0 0 
0 0 0 
0 0 0 
0 0 0 
0 0 0 
0 0 0 
0 0 0 
0 0 0 
0 0 0 
0 0 0 
0 0 0 
0 0 0 
0 0 0 
0 0 0 
0 0 0 
0 0 0 
0 0 0 
0 0 0 
0 0 0 
0 0 0 
0 0 0 
0 0 0 
0 0 0 
0 0 0 
0 0 0 
0 0 0 
0 0 0 
0 0 0 
0 0 0 
0 0 0 
0 0 0 
0 0 0 
0 0 0 
0 0 0 
0 0 0 
0 0 0 
0 0 0 
0 0 0 
0 0 0 
0 0 0 
0 0 0 
0 0 0 
0 0 0 
0 0 0 
0 0 0 
0 0 0 
0 0 0 
0 0 0 
0 0 0 
0 0 0 
0 0 0 
0 0 0 
0 0 0 
0 0 0 
0 0 0 
0 0 0 
0 0 0 
0 0 0 
0 0 0 
0 0 0 
0 0 0 
0 0 0 
0 0 0 
0 0 0 
0 0 0 
0 0 0 
0 0 0 
0 0 0 
0 0 0 
0 0 0 
0 0 0 
0 0 0 
0 0 0 
0 0 0 
0 0 0 
0 0 0 
0 0 0 
0 0 0 
0 0 0 
0 0 0 
0 0 0 
0 0 0 
0 0 0 
0 0 0 
0 0 0 
0 0 0 
0 0 0 
0 0 0 
0 0 0 
0 0 0 
0 0 0 
0 0 0 
0 0 0 
0 0 0 
0 0 0 
))
(300 (2 11 3 0 0 1019 1026)(
3 0 0 
3 0 0 
3 0 0 
3 0 0 
3 0 0 
3 0 0 
3 0 0 
3 0 0 
))
(300 (2 12 3 0 0 1027 1030)(
0 1 0 
0 1 0 
0 1 0 
0 1 0 
))
(300 (2 13 3 0 0 1031 1038)(
0.17174 1.05372 0 
-0.0597791 1.2708 -1.22282e-19 
0.0746256 2.8836 0 
-0.0385198 3.16562 0 
-0.0683482 4.6921 0 
0.0428357 4.02473 0 
-0.0186514 4.56586 0 
-0.0521706 4.1807 0 
))
(300 (2 14 3 0 0 1039 1072)(
0 0 0 
0 0 0 
0 0 0 
0 0 0 
0 0 0 
0 0 0 
0 0 0 
0 0 0 
0 0 0 
0 0 0 
0 0 0 
0 0 0 
0 0 0 
0 0 0 
0 0 0 
0 0 0 
0 0 0 
0 0 0 
0 0 0 
0 0 0 
0 0 0 
0 0 0 
0 0 0 
0 0 0 
0 0 0 
0 0 0 
0 0 0 
0 0 0 
0 0 0 
0 0 0 
0 0 0 
0 0 0 
0 0 0 
0 0 0 
))
(300 (2 15 3 0 0 1073 1072)(
))
