(0 "FOAM to Fluent data File")

(33 (918 3444 1074))
(300 (1 1 1 0 0 1 918)(
23.4691
23.576
0.953103
22.8865
1.01725
23.0924
3.27259
13.785
19.2424
2.93428
2.62512
14.4085
20.6354
16.8768
12.993
0.924979
14.052
2.24665
18.46
1.39815
12.9922
20.4478
21.5366
19.2841
14.1212
14.372
18.5977
1.145
0.107831
0.254964
0.979314
0.410893
0.147545
21.6293
22.306
22.2443
15.495
10.4026
3.59776
3.8023
2.98307
2.80608
13.8276
13.9276
5.86721
13.7639
13.7596
16.6439
19.1104
19.254
19.5472
19.3363
19.7226
5.97412
2.78549
2.60555
2.87624
2.9506
2.98306
2.6975
2.67911
2.48273
2.33677
13.8878
14.4815
14.5367
14.2679
14.2155
22.452
21.6951
22.0298
21.1362
21.2816
20.2115
19.8259
17.2525
17.6049
16.4787
16.0979
12.7834
12.7445
13.2129
13.4627
0.145431
1.07604
1.22322
14.0589
14.0954
14.0955
14.1099
8.28299
2.18848
2.19125
17.9004
17.4769
20.4818
20.749
20.196
20.0105
1.52999
1.52592
1.15068
1.18133
0.950526
13.3335
13.4876
19.2355
18.4024
14.1548
14.0548
14.1298
11.4999
13.9101
13.9834
15.3215
15.7771
14.9663
15.4028
18.1677
17.7497
19.0343
19.4715
0.393066
0.154564
0.687585
0.318279
0.516679
15.3633
15.1579
15.6109
15.6617
15.8929
10.4074
10.338
10.3814
10.3013
4.1496
4.4642
2.25545
2.57003
2.42092
9.86603
13.9439
13.9906
4.81114
5.51548
5.17881
6.34994
6.72433
16.0096
16.4462
16.1849
17.7312
16.9361
17.2843
19.8134
19.3026
19.6031
6.3687
6.60309
5.6083
5.24956
2.23865
2.48813
2.43022
2.98193
2.95992
3.21783
3.34623
2.69854
2.55519
2.89329
2.77662
2.82876
2.16603
2.03621
13.6119
13.3979
14.1508
14.3294
15.0966
14.9483
14.6549
14.8237
19.021
19.4245
19.458
19.0738
11.5451
10.1556
13.7172
13.9927
0.302118
0.264584
0.138294
0.380922
0.400727
0.142662
2.01569
1.82719
1.4056
1.68095
14.0565
14.0163
8.52359
8.74321
8.11948
7.8633
16.3145
16.4648
17.0989
16.6987
1.96258
1.67632
1.80619
13.6507
13.5231
13.63
10.935
10.3684
11.9777
12.2475
13.9915
14.0353
14.0313
15.6812
15.9996
19.8224
20.093
19.9199
20.3057
21.3685
21.0198
20.635
14.5391
14.9475
14.7859
16.1282
15.7618
15.9813
15.1892
15.4939
15.3518
10.3697
10.416
10.1196
10.1975
10.246
10.1931
9.80325
9.67628
14.0773
14.0323
14.0564
7.2524
7.75045
4.86931
4.54049
12.5437
13.217
12.8925
18.6507
17.9731
18.7061
18.3352
17.8852
18.2087
10.4268
10.3884
10.4218
14.9171
14.2549
14.6069
2.44122
2.07699
2.24004
8.93918
9.03256
6.97118
7.5878
7.2509
16.3013
16.6416
17.3218
16.4335
16.9012
17.4085
17.1865
9.93927
10.0721
9.98896
9.65972
9.55328
9.73517
8.3357
8.94901
3.61281
4.26933
3.96526
9.20055
9.43048
9.27775
18.6301
19.165
0.76569
1.15295
19.595
19.3187
0.139216
0.242112
14.2535
12.5511
7.26265
17.1974
16.6299
18.9698
3.19264
6.10267
2.80992
3.38077
2.68648
14.6156
14.2495
13.3406
0.452852
1.25659
1.70933
2.89643
18.4105
17.7354
18.8515
19.1716
19.226
0.687493
0.91264
0.584084
1.24234
1.03101
1.27601
15.551
15.6491
4.32373
18.8585
19.1628
19.1805
17.6573
18.6099
17.6674
0.935601
0.642604
0.707476
10.0807
12.1216
14.2137
13.7663
13.9633
13.9854
13.7363
14.8696
14.5391
14.504
14.9888
13.9664
13.821
7.73444
6.38335
8.0689
7.70926
17.0987
16.6866
16.4935
16.2392
18.0849
17.611
18.4614
17.8498
18.3116
18.5985
2.94352
3.13323
3.01219
2.52085
6.14342
6.60623
5.48823
5.6338
4.25949
2.4288
2.52736
2.75359
2.58433
2.93146
2.679
2.94304
2.57939
2.32375
2.32185
2.93116
2.73894
2.60459
14.594
14.5324
14.3333
14.3713
14.3538
14.4695
13.5351
13.9398
13.5676
12.3987
12.9798
12.5071
0.825708
0.663327
0.52492
1.32404
1.35114
1.11094
0.834548
1.17364
1.20188
0.814125
1.54549
1.44522
3.15578
2.64431
8.84041
7.96817
6.9012
16.8005
17.6024
16.772
18.0128
18.4297
18.5351
18.1555
17.6473
15.7298
15.7249
15.3851
15.3385
4.77105
3.73179
4.96713
4.53621
10.4779
14.0654
11.8426
10.8038
11.1002
13.4242
13.9289
13.5812
13.7182
13.2933
12.8214
13.5133
13.0471
13.1484
12.9274
15.7178
16.193
15.7995
15.22
15.24
10.5989
12.0156
5.46564
5.63962
7.24415
6.53799
13.5098
13.9328
13.9175
13.556
13.7437
13.7449
13.6057
13.7798
13.8597
13.7543
11.8245
10.144
9.04523
9.03882
14.0767
12.3461
12.9304
12.4138
16.1205
16.6369
16.2517
15.6461
16.1311
15.6029
15.6302
15.8434
17.2015
16.9511
16.7209
17.1077
3.05489
3.00362
3.6473
3.13355
3.03668
2.8198
3.48393
4.7584
4.41612
6.71848
7.26912
4.58013
3.37282
3.79301
4.80802
5.54147
5.51132
3.96942
4.50127
4.93018
4.4407
5.22448
4.72898
2.71802
3.02529
2.86348
2.83717
3.38197
3.88038
3.3759
2.48067
2.59263
2.25677
2.11903
3.53628
2.9961
3.03288
3.67888
1.10678
1.32896
1.4412
2.41404
1.91331
1.97921
15.1826
14.8267
14.9603
14.2395
14.307
14.2481
13.8725
15.24
14.962
15.0614
13.7099
13.7967
13.6099
13.9053
14.3213
14.6205
15.4523
15.1735
14.4125
14.5635
14.2144
14.1427
13.4647
12.9017
12.8412
1.11265
0.824776
0.984177
0.910932
0.60623
0.79853
2.18342
1.57299
1.97064
1.72671
1.95998
1.40347
1.30244
4.25326
5.064
3.96397
3.36543
3.06248
8.89881
9.01034
8.15901
7.85694
8.19849
8.42723
8.37697
7.13476
7.56187
7.3749
9.91567
9.58
17.5867
17.5308
17.202
17.0431
17.2696
5.76248
7.66533
6.79922
7.91538
10.2067
10.5024
9.31098
8.70516
9.45651
9.53443
14.047
14.1232
13.5641
14.0499
14.0784
11.8351
12.8824
13.4972
13.3117
13.8315
13.9124
12.9734
13.5621
13.4775
12.7601
12.8131
12.1279
12.4664
11.9945
11.7936
14.0561
13.9508
14.2206
13.7714
14.1507
13.715
14.0303
14.0282
14.3088
13.4108
12.8321
12.8505
13.2768
12.977
13.3229
13.487
9.30856
9.94867
10.3874
10.9231
10.6304
10.4124
10.2797
10.5814
10.5582
10.8295
10.7489
10.5998
11.5606
13.416
13.701
13.8024
13.5995
13.6456
13.3382
13.6111
13.5404
13.9197
14.0075
14.0572
13.1379
13.2939
13.4887
13.3725
11.6752
10.097
9.94926
9.50927
7.57691
8.04661
11.0255
9.90234
8.91757
8.98951
12.1686
10.806
11.6194
12.0425
10.6941
10.3061
12.9713
13.7593
13.9792
13.7035
12.0603
12.1861
12.6357
13.079
13.2683
13.7239
15.8603
16.436
16.5138
16.2379
16.0999
16.1998
15.9499
16.0529
16.527
16.6536
16.4848
2.88019
2.99387
2.92392
2.84926
3.08588
2.86141
3.95647
3.94733
3.15673
3.33703
3.35701
3.46246
2.93136
2.97447
4.82649
5.06216
5.33383
4.83234
6.1755
6.81662
7.39797
7.0834
5.78988
5.86925
6.18461
3.50748
3.53355
3.25186
3.70935
3.76202
2.61159
2.23905
2.04423
2.56511
2.66648
2.05124
1.7683
1.81747
2.33194
2.05071
1.80475
14.9751
14.7334
14.7547
14.5346
14.5892
14.984
15.2048
15.0149
15.1533
15.2043
14.8035
14.6924
14.8635
1.81863
1.49371
1.62269
1.58081
1.64362
1.5498
1.73791
7.60589
6.41587
6.80334
5.97878
4.12083
4.64172
9.53902
9.96047
9.99894
9.71012
9.50004
9.86581
9.7166
9.70935
8.26347
9.33225
8.86811
9.26104
9.28242
9.35016
9.06475
9.08083
10.5845
10.6181
9.48305
10.1227
9.33143
7.93223
8.09923
9.11289
10.0865
10.4047
10.2498
9.97989
9.75128
10.1144
10.1691
10.2292
10.2184
8.75184
8.71173
8.31119
13.9687
13.8753
14.0218
14.027
14.1539
13.9788
13.8159
14.093
14.1473
13.9316
11.0776
11.1365
11.3824
12.1291
12.1811
12.0919
11.3366
13.1008
12.7564
13.3943
13.3411
13.4135
13.0037
12.8269
13.0973
10.0809
11.4538
10.9867
11.2499
10.0633
9.30689
13.2235
13.2776
13.343
13.616
13.574
14.1574
15.8302
15.7002
15.7475
15.7905
15.4022
15.4394
4.1756
3.82947
4.551
4.50658
4.0648
3.76487
2.28669
1.96877
1.78083
1.65602
1.88946
1.95061
8.1626
8.1897
6.33407
7.35563
5.87644
4.9347
4.79013
5.95571
7.13697
7.19587
8.51351
9.18967
8.7488
8.57407
7.91835
8.24795
10.1162
10.2106
10.1111
10.43
9.96277
11.7124
11.2946
11.6435
13.2574
12.9671
12.369
12.2556
12.2204
12.8134
11.9476
11.1793
11.8918
12.5472
12.5055
11.1181
10.8731
11.2998
11.2838
10.1979
10.7181
10.48
10.8325
10.5479
))
(300 (1 10 1 0 0 919 1018)(
23.4691
23.576
0.953103
22.8865
23.0924
3.27259
13.785
2.93428
2.62512
14.4085
20.6354
16.8768
12.993
14.052
2.24665
18.46
1.39815
12.9922
19.2841
14.1212
14.372
18.5977
1.145
21.6293
15.495
3.8023
2.80608
13.9276
5.86721
13.7596
16.6439
2.60555
2.9506
2.67911
2.33677
13.8878
14.5367
14.2155
21.2816
19.8259
17.6049
16.0979
12.7445
13.4627
14.0954
14.1099
2.19125
17.4769
20.0105
1.52592
0.950526
13.4876
18.4024
14.1298
11.4999
13.9834
15.3215
15.4028
17.7497
19.4715
15.1579
15.6109
15.8929
4.4642
2.42092
13.9906
5.17881
6.72433
16.1849
17.2843
2.43022
2.95992
2.82876
2.03621
13.3979
14.3294
15.0966
14.8237
19.0738
13.9927
14.0163
16.3145
16.6987
1.80619
13.63
10.3684
12.2475
14.0313
15.9996
20.3057
14.7859
15.9813
15.3518
14.0564
7.75045
12.8925
18.3352
14.6069
16.9012
8.94901
))
(300 (1 11 1 0 0 919 926)(
23.4691
22.8865
19.2424
20.4478
19.254
19.7226
20.4818
19.6031
))
(300 (1 12 1 0 0 919 922)(
23.576
23.0924
22.2443
22.0298
))
(300 (1 13 1 0 0 919 926)(
0
0
0
0
0
0
0
0
))
(300 (1 14 1 0 0 919 952)(
1.01725
0.924979
0.147545
10.4026
5.97412
2.98306
1.22322
8.28299
0.516679
10.338
10.3013
9.86603
6.60309
5.24956
3.34623
2.55519
10.1556
2.01569
1.68095
8.74321
7.8633
10.416
10.1196
10.1931
9.67628
4.54049
10.4218
2.24004
9.03256
7.2509
9.98896
9.55328
3.96526
9.27775
))
(300 (1 15 1 0 0 919 2754)(
23.4691
23.4691
23.576
23.576
0.953103
0.953103
22.8865
22.8865
1.01725
1.01725
23.0924
23.0924
3.27259
3.27259
13.785
13.785
19.2424
19.2424
2.93428
2.93428
2.62512
2.62512
14.4085
14.4085
20.6354
20.6354
16.8768
16.8768
12.993
12.993
0.924979
0.924979
14.052
14.052
2.24665
2.24665
18.46
18.46
1.39815
1.39815
12.9922
12.9922
20.4478
20.4478
21.5366
21.5366
19.2841
19.2841
14.1212
14.1212
14.372
14.372
18.5977
18.5977
1.145
1.145
0.107831
0.107831
0.254964
0.254964
0.979314
0.979314
0.410893
0.410893
0.147545
0.147545
21.6293
21.6293
22.306
22.306
22.2443
22.2443
15.495
15.495
10.4026
10.4026
3.59776
3.59776
3.8023
3.8023
2.98307
2.98307
2.80608
2.80608
13.8276
13.8276
13.9276
13.9276
5.86721
5.86721
13.7639
13.7639
13.7596
13.7596
16.6439
16.6439
19.1104
19.1104
19.254
19.254
19.5472
19.5472
19.3363
19.3363
19.7226
19.7226
5.97412
5.97412
2.78549
2.78549
2.60555
2.60555
2.87624
2.87624
2.9506
2.9506
2.98306
2.98306
2.6975
2.6975
2.67911
2.67911
2.48273
2.48273
2.33677
2.33677
13.8878
13.8878
14.4815
14.4815
14.5367
14.5367
14.2679
14.2679
14.2155
14.2155
22.452
22.452
21.6951
21.6951
22.0298
22.0298
21.1362
21.1362
21.2816
21.2816
20.2115
20.2115
19.8259
19.8259
17.2525
17.2525
17.6049
17.6049
16.4787
16.4787
16.0979
16.0979
12.7834
12.7834
12.7445
12.7445
13.2129
13.2129
13.4627
13.4627
0.145431
0.145431
1.07604
1.07604
1.22322
1.22322
14.0589
14.0589
14.0954
14.0954
14.0955
14.0955
14.1099
14.1099
8.28299
8.28299
2.18848
2.18848
2.19125
2.19125
17.9004
17.9004
17.4769
17.4769
20.4818
20.4818
20.749
20.749
20.196
20.196
20.0105
20.0105
1.52999
1.52999
1.52592
1.52592
1.15068
1.15068
1.18133
1.18133
0.950526
0.950526
13.3335
13.3335
13.4876
13.4876
19.2355
19.2355
18.4024
18.4024
14.1548
14.1548
14.0548
14.0548
14.1298
14.1298
11.4999
11.4999
13.9101
13.9101
13.9834
13.9834
15.3215
15.3215
15.7771
15.7771
14.9663
14.9663
15.4028
15.4028
18.1677
18.1677
17.7497
17.7497
19.0343
19.0343
19.4715
19.4715
0.393066
0.393066
0.154564
0.154564
0.687585
0.687585
0.318279
0.318279
0.516679
0.516679
15.3633
15.3633
15.1579
15.1579
15.6109
15.6109
15.6617
15.6617
15.8929
15.8929
10.4074
10.4074
10.338
10.338
10.3814
10.3814
10.3013
10.3013
4.1496
4.1496
4.4642
4.4642
2.25545
2.25545
2.57003
2.57003
2.42092
2.42092
9.86603
9.86603
13.9439
13.9439
13.9906
13.9906
4.81114
4.81114
5.51548
5.51548
5.17881
5.17881
6.34994
6.34994
6.72433
6.72433
16.0096
16.0096
16.4462
16.4462
16.1849
16.1849
17.7312
17.7312
16.9361
16.9361
17.2843
17.2843
19.8134
19.8134
19.3026
19.3026
19.6031
19.6031
6.3687
6.3687
6.60309
6.60309
5.6083
5.6083
5.24956
5.24956
2.23865
2.23865
2.48813
2.48813
2.43022
2.43022
2.98193
2.98193
2.95992
2.95992
3.21783
3.21783
3.34623
3.34623
2.69854
2.69854
2.55519
2.55519
2.89329
2.89329
2.77662
2.77662
2.82876
2.82876
2.16603
2.16603
2.03621
2.03621
13.6119
13.6119
13.3979
13.3979
14.1508
14.1508
14.3294
14.3294
15.0966
15.0966
14.9483
14.9483
14.6549
14.6549
14.8237
14.8237
19.021
19.021
19.4245
19.4245
19.458
19.458
19.0738
19.0738
11.5451
11.5451
10.1556
10.1556
13.7172
13.7172
13.9927
13.9927
0.302118
0.302118
0.264584
0.264584
0.138294
0.138294
0.380922
0.380922
0.400727
0.400727
0.142662
0.142662
2.01569
2.01569
1.82719
1.82719
1.4056
1.4056
1.68095
1.68095
14.0565
14.0565
14.0163
14.0163
8.52359
8.52359
8.74321
8.74321
8.11948
8.11948
7.8633
7.8633
16.3145
16.3145
16.4648
16.4648
17.0989
17.0989
16.6987
16.6987
1.96258
1.96258
1.67632
1.67632
1.80619
1.80619
13.6507
13.6507
13.5231
13.5231
13.63
13.63
10.935
10.935
10.3684
10.3684
11.9777
11.9777
12.2475
12.2475
13.9915
13.9915
14.0353
14.0353
14.0313
14.0313
15.6812
15.6812
15.9996
15.9996
19.8224
19.8224
20.093
20.093
19.9199
19.9199
20.3057
20.3057
21.3685
21.3685
21.0198
21.0198
20.635
20.635
14.5391
14.5391
14.9475
14.9475
14.7859
14.7859
16.1282
16.1282
15.7618
15.7618
15.9813
15.9813
15.1892
15.1892
15.4939
15.4939
15.3518
15.3518
10.3697
10.3697
10.416
10.416
10.1196
10.1196
10.1975
10.1975
10.246
10.246
10.1931
10.1931
9.80325
9.80325
9.67628
9.67628
14.0773
14.0773
14.0323
14.0323
14.0564
14.0564
7.2524
7.2524
7.75045
7.75045
4.86931
4.86931
4.54049
4.54049
12.5437
12.5437
13.217
13.217
12.8925
12.8925
18.6507
18.6507
17.9731
17.9731
18.7061
18.7061
18.3352
18.3352
17.8852
17.8852
18.2087
18.2087
10.4268
10.4268
10.3884
10.3884
10.4218
10.4218
14.9171
14.9171
14.2549
14.2549
14.6069
14.6069
2.44122
2.44122
2.07699
2.07699
2.24004
2.24004
8.93918
8.93918
9.03256
9.03256
6.97118
6.97118
7.5878
7.5878
7.2509
7.2509
16.3013
16.3013
16.6416
16.6416
17.3218
17.3218
16.4335
16.4335
16.9012
16.9012
17.4085
17.4085
17.1865
17.1865
9.93927
9.93927
10.0721
10.0721
9.98896
9.98896
9.65972
9.65972
9.55328
9.55328
9.73517
9.73517
8.3357
8.3357
8.94901
8.94901
3.61281
3.61281
4.26933
4.26933
3.96526
3.96526
9.20055
9.20055
9.43048
9.43048
9.27775
9.27775
18.6301
18.6301
19.165
19.165
0.76569
0.76569
1.15295
1.15295
19.595
19.595
19.3187
19.3187
0.139216
0.139216
0.242112
0.242112
14.2535
14.2535
12.5511
12.5511
7.26265
7.26265
17.1974
17.1974
16.6299
16.6299
18.9698
18.9698
3.19264
3.19264
6.10267
6.10267
2.80992
2.80992
3.38077
3.38077
2.68648
2.68648
14.6156
14.6156
14.2495
14.2495
13.3406
13.3406
0.452852
0.452852
1.25659
1.25659
1.70933
1.70933
2.89643
2.89643
18.4105
18.4105
17.7354
17.7354
18.8515
18.8515
19.1716
19.1716
19.226
19.226
0.687493
0.687493
0.91264
0.91264
0.584084
0.584084
1.24234
1.24234
1.03101
1.03101
1.27601
1.27601
15.551
15.551
15.6491
15.6491
4.32373
4.32373
18.8585
18.8585
19.1628
19.1628
19.1805
19.1805
17.6573
17.6573
18.6099
18.6099
17.6674
17.6674
0.935601
0.935601
0.642604
0.642604
0.707476
0.707476
10.0807
10.0807
12.1216
12.1216
14.2137
14.2137
13.7663
13.7663
13.9633
13.9633
13.9854
13.9854
13.7363
13.7363
14.8696
14.8696
14.5391
14.5391
14.504
14.504
14.9888
14.9888
13.9664
13.9664
13.821
13.821
7.73444
7.73444
6.38335
6.38335
8.0689
8.0689
7.70926
7.70926
17.0987
17.0987
16.6866
16.6866
16.4935
16.4935
16.2392
16.2392
18.0849
18.0849
17.611
17.611
18.4614
18.4614
17.8498
17.8498
18.3116
18.3116
18.5985
18.5985
2.94352
2.94352
3.13323
3.13323
3.01219
3.01219
2.52085
2.52085
6.14342
6.14342
6.60623
6.60623
5.48823
5.48823
5.6338
5.6338
4.25949
4.25949
2.4288
2.4288
2.52736
2.52736
2.75359
2.75359
2.58433
2.58433
2.93146
2.93146
2.679
2.679
2.94304
2.94304
2.57939
2.57939
2.32375
2.32375
2.32185
2.32185
2.93116
2.93116
2.73894
2.73894
2.60459
2.60459
14.594
14.594
14.5324
14.5324
14.3333
14.3333
14.3713
14.3713
14.3538
14.3538
14.4695
14.4695
13.5351
13.5351
13.9398
13.9398
13.5676
13.5676
12.3987
12.3987
12.9798
12.9798
12.5071
12.5071
0.825708
0.825708
0.663327
0.663327
0.52492
0.52492
1.32404
1.32404
1.35114
1.35114
1.11094
1.11094
0.834548
0.834548
1.17364
1.17364
1.20188
1.20188
0.814125
0.814125
1.54549
1.54549
1.44522
1.44522
3.15578
3.15578
2.64431
2.64431
8.84041
8.84041
7.96817
7.96817
6.9012
6.9012
16.8005
16.8005
17.6024
17.6024
16.772
16.772
18.0128
18.0128
18.4297
18.4297
18.5351
18.5351
18.1555
18.1555
17.6473
17.6473
15.7298
15.7298
15.7249
15.7249
15.3851
15.3851
15.3385
15.3385
4.77105
4.77105
3.73179
3.73179
4.96713
4.96713
4.53621
4.53621
10.4779
10.4779
14.0654
14.0654
11.8426
11.8426
10.8038
10.8038
11.1002
11.1002
13.4242
13.4242
13.9289
13.9289
13.5812
13.5812
13.7182
13.7182
13.2933
13.2933
12.8214
12.8214
13.5133
13.5133
13.0471
13.0471
13.1484
13.1484
12.9274
12.9274
15.7178
15.7178
16.193
16.193
15.7995
15.7995
15.22
15.22
15.24
15.24
10.5989
10.5989
12.0156
12.0156
5.46564
5.46564
5.63962
5.63962
7.24415
7.24415
6.53799
6.53799
13.5098
13.5098
13.9328
13.9328
13.9175
13.9175
13.556
13.556
13.7437
13.7437
13.7449
13.7449
13.6057
13.6057
13.7798
13.7798
13.8597
13.8597
13.7543
13.7543
11.8245
11.8245
10.144
10.144
9.04523
9.04523
9.03882
9.03882
14.0767
14.0767
12.3461
12.3461
12.9304
12.9304
12.4138
12.4138
16.1205
16.1205
16.6369
16.6369
16.2517
16.2517
15.6461
15.6461
16.1311
16.1311
15.6029
15.6029
15.6302
15.6302
15.8434
15.8434
17.2015
17.2015
16.9511
16.9511
16.7209
16.7209
17.1077
17.1077
3.05489
3.05489
3.00362
3.00362
3.6473
3.6473
3.13355
3.13355
3.03668
3.03668
2.8198
2.8198
3.48393
3.48393
4.7584
4.7584
4.41612
4.41612
6.71848
6.71848
7.26912
7.26912
4.58013
4.58013
3.37282
3.37282
3.79301
3.79301
4.80802
4.80802
5.54147
5.54147
5.51132
5.51132
3.96942
3.96942
4.50127
4.50127
4.93018
4.93018
4.4407
4.4407
5.22448
5.22448
4.72898
4.72898
2.71802
2.71802
3.02529
3.02529
2.86348
2.86348
2.83717
2.83717
3.38197
3.38197
3.88038
3.88038
3.3759
3.3759
2.48067
2.48067
2.59263
2.59263
2.25677
2.25677
2.11903
2.11903
3.53628
3.53628
2.9961
2.9961
3.03288
3.03288
3.67888
3.67888
1.10678
1.10678
1.32896
1.32896
1.4412
1.4412
2.41404
2.41404
1.91331
1.91331
1.97921
1.97921
15.1826
15.1826
14.8267
14.8267
14.9603
14.9603
14.2395
14.2395
14.307
14.307
14.2481
14.2481
13.8725
13.8725
15.24
15.24
14.962
14.962
15.0614
15.0614
13.7099
13.7099
13.7967
13.7967
13.6099
13.6099
13.9053
13.9053
14.3213
14.3213
14.6205
14.6205
15.4523
15.4523
15.1735
15.1735
14.4125
14.4125
14.5635
14.5635
14.2144
14.2144
14.1427
14.1427
13.4647
13.4647
12.9017
12.9017
12.8412
12.8412
1.11265
1.11265
0.824776
0.824776
0.984177
0.984177
0.910932
0.910932
0.60623
0.60623
0.79853
0.79853
2.18342
2.18342
1.57299
1.57299
1.97064
1.97064
1.72671
1.72671
1.95998
1.95998
1.40347
1.40347
1.30244
1.30244
4.25326
4.25326
5.064
5.064
3.96397
3.96397
3.36543
3.36543
3.06248
3.06248
8.89881
8.89881
9.01034
9.01034
8.15901
8.15901
7.85694
7.85694
8.19849
8.19849
8.42723
8.42723
8.37697
8.37697
7.13476
7.13476
7.56187
7.56187
7.3749
7.3749
9.91567
9.91567
9.58
9.58
17.5867
17.5867
17.5308
17.5308
17.202
17.202
17.0431
17.0431
17.2696
17.2696
5.76248
5.76248
7.66533
7.66533
6.79922
6.79922
7.91538
7.91538
10.2067
10.2067
10.5024
10.5024
9.31098
9.31098
8.70516
8.70516
9.45651
9.45651
9.53443
9.53443
14.047
14.047
14.1232
14.1232
13.5641
13.5641
14.0499
14.0499
14.0784
14.0784
11.8351
11.8351
12.8824
12.8824
13.4972
13.4972
13.3117
13.3117
13.8315
13.8315
13.9124
13.9124
12.9734
12.9734
13.5621
13.5621
13.4775
13.4775
12.7601
12.7601
12.8131
12.8131
12.1279
12.1279
12.4664
12.4664
11.9945
11.9945
11.7936
11.7936
14.0561
14.0561
13.9508
13.9508
14.2206
14.2206
13.7714
13.7714
14.1507
14.1507
13.715
13.715
14.0303
14.0303
14.0282
14.0282
14.3088
14.3088
13.4108
13.4108
12.8321
12.8321
12.8505
12.8505
13.2768
13.2768
12.977
12.977
13.3229
13.3229
13.487
13.487
9.30856
9.30856
9.94867
9.94867
10.3874
10.3874
10.9231
10.9231
10.6304
10.6304
10.4124
10.4124
10.2797
10.2797
10.5814
10.5814
10.5582
10.5582
10.8295
10.8295
10.7489
10.7489
10.5998
10.5998
11.5606
11.5606
13.416
13.416
13.701
13.701
13.8024
13.8024
13.5995
13.5995
13.6456
13.6456
13.3382
13.3382
13.6111
13.6111
13.5404
13.5404
13.9197
13.9197
14.0075
14.0075
14.0572
14.0572
13.1379
13.1379
13.2939
13.2939
13.4887
13.4887
13.3725
13.3725
11.6752
11.6752
10.097
10.097
9.94926
9.94926
9.50927
9.50927
7.57691
7.57691
8.04661
8.04661
11.0255
11.0255
9.90234
9.90234
8.91757
8.91757
8.98951
8.98951
12.1686
12.1686
10.806
10.806
11.6194
11.6194
12.0425
12.0425
10.6941
10.6941
10.3061
10.3061
12.9713
12.9713
13.7593
13.7593
13.9792
13.9792
13.7035
13.7035
12.0603
12.0603
12.1861
12.1861
12.6357
12.6357
13.079
13.079
13.2683
13.2683
13.7239
13.7239
15.8603
15.8603
16.436
16.436
16.5138
16.5138
16.2379
16.2379
16.0999
16.0999
16.1998
16.1998
15.9499
15.9499
16.0529
16.0529
16.527
16.527
16.6536
16.6536
16.4848
16.4848
2.88019
2.88019
2.99387
2.99387
2.92392
2.92392
2.84926
2.84926
3.08588
3.08588
2.86141
2.86141
3.95647
3.95647
3.94733
3.94733
3.15673
3.15673
3.33703
3.33703
3.35701
3.35701
3.46246
3.46246
2.93136
2.93136
2.97447
2.97447
4.82649
4.82649
5.06216
5.06216
5.33383
5.33383
4.83234
4.83234
6.1755
6.1755
6.81662
6.81662
7.39797
7.39797
7.0834
7.0834
5.78988
5.78988
5.86925
5.86925
6.18461
6.18461
3.50748
3.50748
3.53355
3.53355
3.25186
3.25186
3.70935
3.70935
3.76202
3.76202
2.61159
2.61159
2.23905
2.23905
2.04423
2.04423
2.56511
2.56511
2.66648
2.66648
2.05124
2.05124
1.7683
1.7683
1.81747
1.81747
2.33194
2.33194
2.05071
2.05071
1.80475
1.80475
14.9751
14.9751
14.7334
14.7334
14.7547
14.7547
14.5346
14.5346
14.5892
14.5892
14.984
14.984
15.2048
15.2048
15.0149
15.0149
15.1533
15.1533
15.2043
15.2043
14.8035
14.8035
14.6924
14.6924
14.8635
14.8635
1.81863
1.81863
1.49371
1.49371
1.62269
1.62269
1.58081
1.58081
1.64362
1.64362
1.5498
1.5498
1.73791
1.73791
7.60589
7.60589
6.41587
6.41587
6.80334
6.80334
5.97878
5.97878
4.12083
4.12083
4.64172
4.64172
9.53902
9.53902
9.96047
9.96047
9.99894
9.99894
9.71012
9.71012
9.50004
9.50004
9.86581
9.86581
9.7166
9.7166
9.70935
9.70935
8.26347
8.26347
9.33225
9.33225
8.86811
8.86811
9.26104
9.26104
9.28242
9.28242
9.35016
9.35016
9.06475
9.06475
9.08083
9.08083
10.5845
10.5845
10.6181
10.6181
9.48305
9.48305
10.1227
10.1227
9.33143
9.33143
7.93223
7.93223
8.09923
8.09923
9.11289
9.11289
10.0865
10.0865
10.4047
10.4047
10.2498
10.2498
9.97989
9.97989
9.75128
9.75128
10.1144
10.1144
10.1691
10.1691
10.2292
10.2292
10.2184
10.2184
8.75184
8.75184
8.71173
8.71173
8.31119
8.31119
13.9687
13.9687
13.8753
13.8753
14.0218
14.0218
14.027
14.027
14.1539
14.1539
13.9788
13.9788
13.8159
13.8159
14.093
14.093
14.1473
14.1473
13.9316
13.9316
11.0776
11.0776
11.1365
11.1365
11.3824
11.3824
12.1291
12.1291
12.1811
12.1811
12.0919
12.0919
11.3366
11.3366
13.1008
13.1008
12.7564
12.7564
13.3943
13.3943
13.3411
13.3411
13.4135
13.4135
13.0037
13.0037
12.8269
12.8269
13.0973
13.0973
10.0809
10.0809
11.4538
11.4538
10.9867
10.9867
11.2499
11.2499
10.0633
10.0633
9.30689
9.30689
13.2235
13.2235
13.2776
13.2776
13.343
13.343
13.616
13.616
13.574
13.574
14.1574
14.1574
15.8302
15.8302
15.7002
15.7002
15.7475
15.7475
15.7905
15.7905
15.4022
15.4022
15.4394
15.4394
4.1756
4.1756
3.82947
3.82947
4.551
4.551
4.50658
4.50658
4.0648
4.0648
3.76487
3.76487
2.28669
2.28669
1.96877
1.96877
1.78083
1.78083
1.65602
1.65602
1.88946
1.88946
1.95061
1.95061
8.1626
8.1626
8.1897
8.1897
6.33407
6.33407
7.35563
7.35563
5.87644
5.87644
4.9347
4.9347
4.79013
4.79013
5.95571
5.95571
7.13697
7.13697
7.19587
7.19587
8.51351
8.51351
9.18967
9.18967
8.7488
8.7488
8.57407
8.57407
7.91835
7.91835
8.24795
8.24795
10.1162
10.1162
10.2106
10.2106
10.1111
10.1111
10.43
10.43
9.96277
9.96277
11.7124
11.7124
11.2946
11.2946
11.6435
11.6435
13.2574
13.2574
12.9671
12.9671
12.369
12.369
12.2556
12.2556
12.2204
12.2204
12.8134
12.8134
11.9476
11.9476
11.1793
11.1793
11.8918
11.8918
12.5472
12.5472
12.5055
12.5055
11.1181
11.1181
10.8731
10.8731
11.2998
11.2998
11.2838
11.2838
10.1979
10.1979
10.7181
10.7181
10.48
10.48
10.8325
10.8325
10.5479
10.5479
))
(300 (2 1 3 0 0 1 918)(
2.47629 -0.138943 0 
0.108704 0.722546 0 
0.171745 1.05369 0 
2.31834 0.153728 0 
-0.0597662 1.27086 -1.22292e-19 
-0.0924034 0.643931 -5.31387e-18 
0.53003 0.849637 -2.9538e-19 
0.274317 0.15287 -2.98846e-20 
3.00615 -0.0195607 0 
-0.00825587 0.476928 0 
-0.0172122 0.589479 0 
0.605212 0.00676622 0 
0.0107054 0.439105 0 
-0.00288245 0.421689 0 
0.0134381 0.340817 -1.30514e-18 
-0.00470255 0.768933 -9.20692e-20 
0.312399 0.0742688 2.15213e-18 
0.0797449 0.642483 -2.22978e-19 
1.52884 0.128628 0 
-0.0267107 0.685305 0 
0.194586 0.157719 -1.26555e-18 
3.08302 -0.397373 0 
2.92445 -0.50598 0 
1.86116 -0.1811 0 
0.511383 0.0400858 0 
-0.0253685 0.52155 0 
-0.00135313 0.494038 1.86241e-18 
-0.0224736 1.40025 0 
0.0746825 2.88357 0 
0.168187 1.73635 0 
-0.0384646 3.16565 0 
0.0272142 1.64037 9.40314e-20 
0.0233081 0.686722 0 
-0.147425 0.775094 -2.03088e-22 
-0.193914 1.0291 4.42128e-18 
-0.0415772 1.04471 0 
0.744578 -0.00600501 0 
0.161005 0.246309 6.65546e-19 
0.993517 1.51307 6.52871e-19 
0.649952 0.784385 -5.16028e-19 
0.798616 1.57522 6.20033e-20 
0.416818 0.851414 -3.20132e-19 
0.552311 0.306558 2.93911e-20 
0.296963 0.153642 0 
0.963005 0.566574 0 
0.532591 0.303941 1.32015e-19 
0.25797 0.162787 -1.35466e-19 
0.871596 -0.0554787 0 
3.02784 -0.00170479 0 
3.00685 0.0178656 0 
3.20086 -0.417733 0 
3.04288 -0.0742117 0 
3.03116 -0.0388406 0 
0.0186151 0.903161 -1.14632e-18 
-0.0542554 0.974255 0 
0.00283796 0.455071 0 
-0.0291407 0.981324 0 
-0.0113974 0.481289 0 
-0.00133898 0.870064 0 
-0.0520941 1.1109 0 
-0.0125533 0.541795 0 
-0.0253464 1.16224 0 
-0.00591756 0.621729 0 
0.790478 0.0116243 0 
1.16942 -0.00156183 0 
0.618248 0.0123697 0 
1.12578 0.0175986 0 
0.569759 0.00867936 0 
0.225406 0.921982 1.95978e-18 
0.0985379 1.2081 0 
0.176302 1.06604 0 
0.0331901 0.755774 2.19931e-23 
0.0372233 0.498055 -2.93101e-18 
0.0194616 0.747943 0 
0.00595421 0.422033 0 
-0.000695315 0.734548 4.51739e-24 
0.000702479 0.414825 0 
-0.0169204 0.74318 0 
-0.0129373 0.42798 0 
0.0494365 0.64998 0 
0.0484394 0.458226 0 
0.00800602 0.621952 1.23399e-18 
0.000745124 0.344904 0 
-0.0682038 4.69208 0 
0.0089341 1.45851 9.14056e-20 
-0.0104702 0.785629 -1.17673e-19 
0.636087 0.152147 -7.50944e-19 
0.321615 0.0656847 -7.28705e-19 
0.644793 0.169722 -2.25465e-18 
0.317533 0.0955712 -1.45155e-18 
0.0785406 0.618446 0 
0.178532 1.31372 1.84902e-19 
0.179697 0.730205 -2.95015e-19 
2.06031 0.260946 0 
1.10704 0.11845 0 
3.03313 0.103887 0 
3.10392 0.446059 0 
2.83919 0.377459 -1.01278e-17 
2.5781 0.361309 7.77125e-18 
-0.0706584 1.2628 0 
-0.0113401 0.623089 0 
-0.0139237 1.89998 0 
-0.0506954 1.34624 0 
-0.0480073 0.678877 0 
0.440315 0.295631 4.0067e-19 
0.225465 0.16336 0 
2.2961 -0.266393 0 
1.32372 -0.119273 0 
1.07632 0.0126687 0 
1.01199 0.0187648 0 
0.540923 0.010851 0 
1.01986 0.056399 0 
0.821217 0.0703258 0 
0.343623 0.0286957 3.36298e-18 
-0.00543502 0.451601 1.77349e-18 
-0.0270313 0.784628 0 
-0.0473177 0.847508 0 
-0.015274 0.460436 0 
0.000132484 0.839725 1.81596e-18 
7.30035e-05 0.48753 0 
-0.0054789 0.845554 -5.59028e-18 
-0.00488634 0.496761 1.88632e-18 
0.0543881 3.56547 0 
0.0429482 4.02473 0 
-0.016262 1.41112 -2.05213e-21 
-0.013079 1.3636 0 
-0.00980455 0.741661 0 
1.41018 0.0348843 0 
0.760549 0.0154387 0 
0.709514 0.0142643 0 
1.41618 -0.0328482 0 
0.773515 -0.00873975 0 
0.322066 0.480362 -8.35617e-19 
0.15681 0.232725 0 
0.324968 0.50918 9.36484e-20 
0.163365 0.26844 0 
1.24075 1.38682 1.66462e-19 
0.778662 0.740825 -3.92459e-19 
0.411566 1.42201 0 
0.60714 1.53391 0 
0.303523 0.814727 0 
0.145336 0.353392 -4.42849e-19 
0.607309 0.28072 0 
0.313512 0.13464 3.98822e-19 
1.42728 1.30669 0 
1.58665 1.16851 0 
0.874888 0.663897 4.6175e-19 
1.73389 0.953079 0 
1.06858 0.438768 2.32216e-20 
1.47298 0.00813846 0 
1.501 -0.0292391 0 
0.801896 -0.0044162 0 
1.95042 -0.199779 0 
1.65082 -0.14818 0 
1.05215 -0.0889697 0 
3.06126 0.164853 0 
3.03105 0.0687875 0 
3.01022 0.0531594 0 
0.0357249 1.60586 6.0824e-19 
0.0178778 0.827127 0 
0.0179697 1.69659 1.07982e-18 
0.00304476 0.939061 -9.70792e-19 
0.0646816 1.15221 1.87821e-19 
0.0477047 0.989082 0 
0.0401853 0.528643 0 
-0.0286617 1.00534 0 
-0.00698197 0.51743 0 
0.018137 1.61605 -4.43322e-21 
-0.0180753 0.865821 0 
-0.0539496 1.58465 -2.25804e-19 
-0.016143 0.821024 4.37324e-19 
-0.00177851 1.02958 0 
0.0102712 1.04378 0 
5.56759e-05 0.531477 0 
0.0106732 1.17069 0 
0.000910073 0.612224 0 
1.46831 -0.00370377 0 
0.789217 0.00805968 0 
1.44055 0.033166 0 
0.761792 -0.000557589 0 
0.675383 0.00534453 0 
1.26196 0.0166821 0 
1.20239 0.0473082 0 
0.659691 0.015556 0 
-0.00580052 1.42077 -1.70206e-20 
0.000184321 1.37708 0 
0.00482012 0.732923 0 
0.00172892 0.417221 0 
0.284444 0.828768 0 
0.253622 0.399741 -2.87134e-19 
-0.00223186 0.63541 0 
-0.00889694 0.367611 0 
0.0113009 4.3374 0 
-0.0490698 4.6643 0 
-0.018505 4.56585 0 
-0.0721827 3.36831 2.04319e-20 
-0.0582078 4.60342 0 
-0.052053 4.18069 0 
0.00484061 0.819369 1.08077e-20 
0.0142222 1.56293 1.65404e-19 
-0.0358745 1.50342 1.20898e-19 
-0.007449 0.826179 0 
0.664431 0.105709 1.15329e-18 
0.325686 0.0441635 -1.13024e-18 
0.149683 1.13346 0 
0.100955 0.573443 -2.69244e-19 
0.118147 1.23332 -8.74328e-19 
0.0518651 0.687191 8.69827e-19 
0.809201 0.0240635 0 
1.55677 0.0476795 0 
1.7097 0.127652 0 
0.919845 0.0445228 0 
0.00792469 1.18184 0 
0.0258382 1.18989 0 
0.00450112 0.627674 0 
0.482112 0.315082 1.20361e-18 
0.436847 0.309083 -1.38668e-18 
0.234768 0.164175 0 
1.9355 0.153 1.15239e-19 
1.13642 0.0932507 0 
1.72436 0.118443 0 
0.883728 0.0226949 0 
0.678174 0.0857389 0 
0.699716 0.0460599 -5.40755e-18 
0.346729 0.0325964 1.99903e-18 
0.00914734 0.807284 1.69366e-18 
0.00222279 0.46251 4.08166e-20 
-0.0108777 1.40842 -3.58001e-20 
0.00613616 1.38675 1.36585e-18 
-0.0149832 0.848955 6.29432e-20 
-0.0119261 0.524486 -2.52904e-22 
-0.107514 1.00068 -1.16487e-18 
-0.0529602 1.3532 8.33986e-19 
-0.0175323 1.35275 -1.35775e-18 
1.42273 -0.0170847 0 
1.44236 0.0203184 0 
0.769872 -0.000177654 0 
1.45218 0.0253833 0 
1.36319 0.0462297 0 
0.761541 0.020307 0 
1.30062 -0.00215363 0 
1.31867 -0.00584873 0 
0.695055 -0.000986465 0 
0.304861 0.473411 -9.15225e-19 
0.16136 0.242683 0 
0.157159 0.308437 1.36939e-19 
0.309598 0.585907 1.12216e-18 
0.307411 0.54859 -6.6433e-19 
0.156824 0.281905 1.2982e-18 
0.278491 0.71772 2.18157e-18 
0.148267 0.380863 3.93634e-19 
0.636092 0.213094 1.53746e-18 
0.625995 0.253605 3.9932e-19 
0.316621 0.115046 7.49271e-19 
1.92129 0.714622 -5.99685e-19 
1.16769 0.336101 -7.01908e-19 
-0.0351078 1.70361 4.64142e-19 
-0.0114031 0.925075 0 
1.6039 0.0239524 0 
1.5219 0.0653723 0 
0.852932 0.0268585 0 
-0.00355882 1.38473 0 
0.00507422 0.729574 2.4951e-18 
0.00465033 0.731252 0 
0.00207079 0.415097 -2.44213e-18 
-0.0102751 1.38627 5.95649e-19 
-0.00947265 1.4225 0 
0.336553 0.488144 2.57958e-19 
0.360042 0.546407 -8.63003e-19 
0.171837 0.25782 7.81146e-19 
-0.0256693 0.767468 -1.6626e-18 
-0.0261517 0.689734 0 
-0.0154343 0.412938 0 
0.0302012 1.54852 -1.27128e-20 
0.0314069 1.58119 -3.64905e-19 
0.0179007 0.822854 -1.55916e-20 
0.213362 1.04407 8.90002e-19 
0.119651 0.509021 -5.9225e-19 
0.0118783 1.48495 7.30581e-19 
0.0558334 1.35088 -8.15406e-19 
0.026818 0.760426 3.53061e-20 
0.00751357 1.36614 -3.80751e-18 
-0.000214835 1.39326 4.40932e-18 
0.00377339 0.829776 1.73289e-18 
-0.0138288 0.805094 -1.72536e-18 
-0.00430906 0.481399 -1.73853e-18 
-0.0106511 1.41685 -4.49972e-18 
-0.0152178 1.40032 4.58891e-18 
0.286364 0.674793 0 
0.299773 0.634629 -2.28769e-18 
0.151938 0.331719 9.9034e-19 
0.281212 0.795958 1.18501e-18 
0.138803 0.427509 -1.82846e-18 
2.05699 0.322581 4.15838e-19 
2.05155 0.547724 0 
1.21865 0.220981 -4.01791e-19 
-0.0738669 1.63567 -4.80165e-21 
-0.0141155 1.69101 0 
-0.0157104 0.922135 0 
0.227077 0.944469 -3.22774e-19 
0.24822 0.866474 -7.06869e-19 
0.1288 0.46326 1.32472e-18 
3.16442 -0.442872 0 
3.34728 -0.414685 1.81283e-18 
0.0620636 3.48365 0 
0.0486964 2.80747 0 
3.15925 0.249915 1.4192e-20 
3.12355 0.506296 3.71217e-18 
0.0231254 3.43312 -2.74206e-20 
0.00914772 2.66486 0 
-0.0416461 1.19604 1.55497e-18 
0.190067 1.31639 0 
3.47259 1.62509 -3.2475e-19 
3.17427 0.272573 -2.96098e-20 
3.14838 -0.118696 0 
3.10047 -0.000404016 3.73115e-22 
0.0439472 2.58988 0 
0.157574 3.30119 0 
-0.0548622 2.53364 0 
-0.0229581 3.48924 3.15773e-19 
-0.024836 3.57028 1.99252e-19 
2.63343 0.0488312 -1.36492e-20 
3.04751 0.0311524 0 
3.15792 0.0868398 0 
-0.0513007 4.61742 0 
-0.04577 3.08424 0 
-0.0718519 2.93504 0 
0.65253 3.10568 2.65685e-19 
3.33884 -0.422458 0 
3.0114 -0.34581 0 
3.1699 -0.0530368 2.27723e-18 
3.2927 -0.3287 -2.74204e-18 
3.1038 -0.125776 0 
-0.0570696 4.51546 0 
0.0164873 3.93471 0 
0.00833308 4.26556 0 
-0.026621 3.09554 0 
-0.0130114 2.85094 0 
-0.0305046 2.42382 0 
2.97422 -0.00316957 0 
2.85043 0.0486285 -1.805e-20 
2.24685 3.04928 -3.2155e-19 
3.15695 0.0444553 -2.2783e-18 
3.19037 0.278179 2.76939e-18 
3.0828 0.117338 0 
3.3954 0.328926 2.08732e-18 
3.35695 0.484366 -2.70659e-18 
3.07111 0.418429 0 
-0.0549108 3.34764 0 
0.00554558 3.27759 8.52155e-20 
-0.0303659 2.57648 -6.03803e-20 
3.70789 0.555314 2.2655e-18 
3.47098 0.208497 0 
-0.151982 1.27126 -2.16589e-18 
-0.0624314 0.882159 -1.35032e-19 
-0.0848352 1.33672 2.98554e-18 
-0.0352347 1.27045 -8.996e-19 
-0.000494146 1.08841 0 
-0.0266646 1.23955 6.94844e-19 
-0.115053 1.38786 2.14651e-18 
-0.0590494 1.34056 -1.31411e-18 
-0.076737 1.32063 0 
1.2893 0.59722 0 
1.17728 0.682387 0 
3.55662 2.02947 9.53542e-19 
3.04984 1.93596 -1.19061e-18 
3.83772 1.70659 0 
3.38424 1.15685 0 
3.34934 0.280496 -3.91688e-18 
2.89884 0.17312 4.83984e-18 
3.35145 -0.155478 0 
2.85479 -0.0761357 0 
3.43642 0.0430263 0 
3.5938 0.145057 0 
3.28683 0.119875 0 
3.55033 0.298581 0 
3.40841 0.293059 0 
3.32755 0.218074 0 
0.0973644 2.79136 0 
0.0343802 2.07994 0 
0.126638 3.05219 0 
0.092749 2.20606 0 
0.214892 3.59424 0 
0.14016 2.67428 -5.58589e-19 
0.0534191 3.61063 0 
0.0113817 3.01427 4.0563e-19 
-0.0243588 3.20343 -5.17041e-19 
-0.0589263 2.79822 0 
-0.0227924 2.20086 0 
-0.0718166 2.90592 0 
-0.0554861 2.04898 0 
-0.106529 4.7496 -2.45554e-19 
-0.0790148 3.9413 2.77271e-19 
-0.074222 3.80211 3.09088e-19 
-0.0526479 3.01645 0 
-0.10434 3.80367 -4.58696e-19 
-0.0370505 3.2151 -2.95075e-19 
-0.0806383 4.78198 1.9256e-19 
-0.0932241 4.46548 -3.50465e-19 
-0.0684381 4.33519 -3.78946e-19 
3.03133 0.0883876 3.35864e-18 
2.2896 0.0321826 -4.22983e-18 
2.89132 0.132846 -3.32757e-18 
2.20957 0.0734896 4.15633e-18 
3.36858 0.0277277 0 
2.64306 -0.0026506 0 
3.45416 0.0913581 0 
3.32024 0.019291 0 
2.70665 0.00922818 0 
3.6803 0.239646 0 
3.43883 0.096005 0 
2.86369 0.0565193 0 
-0.0214643 4.33602 -1.20301e-20 
-0.0542548 4.65359 0 
-0.0595987 4.54961 0 
-0.0747512 3.50519 8.77358e-20 
-0.037356 2.77861 -3.46592e-21 
-0.079386 4.67006 1.13454e-19 
-0.0935219 4.45832 -1.14652e-19 
-0.0772405 3.95577 0 
-0.0554125 3.87592 0 
-0.0189611 3.99268 0 
-0.0707869 3.25588 0 
-0.0425452 2.30075 0 
0.948791 3.66211 -6.08728e-19 
0.921273 2.85356 -1.76317e-19 
0.430199 2.05263 -2.28172e-19 
0.252183 2.29896 6.96908e-19 
1.02352 4.1999 2.63805e-19 
3.43308 -0.167422 0 
3.32213 -0.256546 0 
2.88327 -0.189515 0 
3.47032 -0.0643457 0 
3.34581 -0.147864 0 
3.44893 -0.261022 0 
3.5195 -0.283601 0 
3.57949 -0.281129 0 
3.22413 0.0933882 3.61894e-18 
2.55519 0.0645186 -4.57609e-18 
3.09649 0.106579 -3.56239e-18 
2.50909 0.0566753 4.43261e-18 
2.23997 3.41715 0 
1.73976 2.9486 -4.45546e-19 
2.56696 3.34905 -4.03164e-19 
2.36964 2.5297 5.35847e-19 
0.774453 1.21296 2.72212e-18 
1.44676 0.216477 1.34316e-18 
3.72257 0.304257 0 
3.89315 0.572831 -1.84598e-18 
3.29901 0.243962 -8.23394e-20 
3.7208 0.440153 0 
0.23659 1.31233 1.796e-18 
-0.0166586 1.20198 -2.87622e-18 
0.0587986 0.769959 1.61445e-18 
0.275927 0.464896 -7.47806e-19 
0.187234 1.38374 8.70954e-19 
0.0506384 1.23716 0 
0.0577311 1.08616 -1.13223e-18 
0.191699 1.44297 -4.09194e-18 
0.328981 1.55695 0 
0.00867315 1.2902 1.19581e-19 
-0.00971752 1.45729 -1.34017e-18 
-0.0410145 1.30282 1.94833e-18 
-0.0574435 1.41766 0 
-0.0204759 1.38228 0 
0.681055 1.04984 0 
2.45671 2.45511 -1.06616e-18 
2.64415 2.17385 3.95204e-19 
2.79261 2.88268 0 
3.21304 3.06776 -3.94547e-19 
3.16602 2.41187 2.84639e-20 
0.803646 0.589309 -1.82229e-18 
1.55581 0.691431 -1.62183e-20 
1.23285 0.450983 8.72115e-19 
1.27494 0.84358 5.95025e-20 
0.938737 0.633782 -2.36937e-18 
1.46414 0.714111 0 
1.98971 1.09966 1.45587e-18 
2.03187 1.01562 0 
1.41169 0.790637 0 
1.06188 0.549639 0 
3.37541 2.18023 1.00846e-18 
3.94758 0.760943 -1.86331e-18 
3.84792 1.21613 0 
3.53387 0.757818 0 
1.39131 0.364751 1.33244e-18 
3.25794 1.84223 -8.5147e-19 
2.83425 1.65438 1.54678e-18 
3.75523 1.3771 -1.83582e-18 
3.09793 0.114761 2.46393e-18 
3.16856 0.180818 -2.57889e-18 
2.66183 0.0916428 0 
3.30731 -0.0394955 0 
3.20141 -0.084256 -2.36647e-18 
2.63244 -0.0321094 2.34563e-18 
3.9563 0.0932071 0 
3.75968 0.145655 0 
3.69369 0.155373 0 
3.5883 0.204748 0 
3.83261 0.0590324 0 
3.72611 0.0522535 0 
-0.0400744 2.51344 0 
-0.0376997 2.01242 0 
0.357134 3.98968 -4.11336e-19 
0.662933 3.33492 -1.59992e-19 
0.259722 3.02895 -3.57963e-19 
0.343872 2.54911 5.73376e-19 
0.458388 4.01568 0 
0.47006 4.67192 -5.09886e-19 
0.383308 4.73031 0 
0.911133 4.37519 -3.7949e-19 
0.673141 3.81409 9.68787e-19 
0.597393 4.65354 4.46944e-19 
0.740911 4.20202 -1.87505e-19 
0.602793 4.32737 1.50862e-19 
0.916577 4.6577 -6.63753e-19 
0.749963 4.66205 0 
0.85867 4.58984 5.04531e-19 
0.00725439 4.57194 -1.81146e-19 
-0.0184401 3.64645 0 
0.101709 4.2869 5.49632e-19 
-0.00262876 4.38972 0 
-0.00352918 3.45811 -4.51052e-19 
-0.0152 2.91157 0 
-0.0997825 4.3089 -2.89131e-19 
-0.105378 4.6818 0 
-0.0527781 3.8066 0 
-0.0396186 3.72871 3.25193e-19 
-0.0467735 3.88751 1.03861e-20 
-0.0345179 3.70864 6.25919e-19 
-0.0410253 2.94891 4.06878e-21 
-0.113369 4.71042 1.80192e-19 
-0.102229 4.74206 1.03221e-19 
-0.0165605 2.62334 0 
0.00135617 2.13554 0 
-0.0411629 4.78949 4.86248e-19 
-0.0479595 4.30951 4.23904e-19 
-0.0825738 4.58545 -5.54151e-19 
0.016731 4.75849 0 
-0.0775455 4.53524 -3.09015e-19 
-0.116916 4.16875 1.27708e-19 
-0.0841308 4.24929 -4.12913e-20 
-0.0695444 4.72935 -2.18904e-19 
-0.0848342 4.27034 -6.85626e-20 
-0.0832542 4.21519 3.0668e-19 
2.87142 0.0610247 -2.36356e-18 
2.85887 0.0497076 2.27303e-18 
2.3386 0.0345584 0 
3.51009 0.192038 3.04653e-18 
2.70367 0.126546 -3.30478e-18 
2.25449 0.0644872 3.60959e-18 
3.68248 0.335343 -4.01643e-19 
3.20989 -0.0485199 0 
3.17213 -0.0135471 2.23702e-18 
2.69091 -0.0123741 -2.21939e-18 
3.87877 0.122253 -1.25239e-19 
3.77177 0.101864 1.07834e-18 
4.15977 0.173502 0 
4.22847 0.181161 -3.75135e-19 
4.0137 0.145244 0 
3.69489 0.155412 0 
4.0323 0.0950913 0 
3.71179 0.0873361 0 
4.18472 0.113895 7.85506e-19 
4.1372 0.0791449 -1.74792e-18 
4.14067 0.113897 -8.48015e-19 
4.1864 0.116539 -9.24494e-19 
4.2157 0.229028 1.77408e-18 
3.85475 0.18864 0 
4.06128 0.301934 0 
-0.0713916 4.5806 -1.35723e-19 
-0.0318077 4.64474 -1.16774e-20 
-0.0647 4.66115 0 
-0.0542229 4.19698 1.38101e-19 
-0.0525451 4.22468 2.25331e-20 
-0.0574173 4.09278 -2.1839e-20 
-0.0798304 3.52736 2.61177e-19 
-0.142822 4.00723 -1.45165e-20 
-0.101615 4.13456 7.4761e-20 
-0.0737555 3.4033 -1.32283e-19 
-0.0245434 2.92581 1.58422e-19 
-0.0745777 4.42844 5.20614e-21 
-0.0874897 4.6425 1.72229e-19 
1.24343 4.35989 3.47425e-19 
1.15961 4.52878 7.26063e-19 
1.73677 3.46654 4.30833e-19 
1.30877 3.56088 1.69494e-19 
1.2865 2.88977 0 
0.5484 2.3185 2.74874e-19 
0.463492 1.74135 3.3067e-19 
0.345017 2.56703 1.50923e-20 
0.492016 3.17285 -1.16124e-18 
0.631518 3.13182 8.76468e-19 
0.432669 2.40417 0 
0.29352 1.97171 -5.57239e-19 
0.259771 3.07729 1.39465e-18 
0.273278 2.71913 -3.13828e-20 
0.157869 2.27588 -1.74793e-18 
0.591355 1.41095 1.4633e-18 
0.576296 1.61669 0 
3.58364 -0.0751495 8.64342e-20 
3.61861 -0.254101 -7.25974e-20 
3.72135 -0.217712 -1.26656e-18 
3.75927 -0.126019 1.28244e-18 
3.67616 -0.0488555 0 
2.44633 3.87155 0 
2.61786 3.91467 0 
2.88948 3.62555 0 
2.73618 3.64268 0 
0.854133 1.39433 -3.33956e-21 
0.611458 1.03902 0 
1.7089 3.38405 1.5021e-20 
1.4208 3.46307 0 
1.3264 2.95026 -1.28369e-18 
1.4069 2.89296 8.24394e-19 
1.79127 0.310397 0 
1.43044 0.262017 3.52064e-19 
2.41165 0.358827 2.19178e-18 
1.78606 0.284835 -7.85427e-19 
1.42631 0.112198 -2.49498e-18 
4.26631 0.790096 -2.56548e-18 
3.85197 0.995206 -3.67208e-20 
3.29691 0.844634 2.06784e-18 
3.87579 0.745468 1.81328e-18 
3.12306 0.465687 -3.04504e-18 
2.91022 0.45216 3.74989e-19 
3.19249 0.682314 -8.18719e-19 
2.97609 0.683403 0 
3.75867 0.563991 1.53765e-18 
4.09566 0.629402 0 
4.09118 0.776476 0 
4.04577 0.415924 8.23675e-19 
4.29665 0.642589 -3.02469e-20 
4.24946 0.71591 -4.5288e-19 
4.17659 0.643293 0 
3.61567 0.130418 1.71819e-18 
4.19 0.183603 2.14421e-18 
4.09069 0.151662 -1.67942e-18 
4.13651 0.240881 -1.44286e-18 
3.74573 0.238218 -2.15639e-18 
3.30289 0.375968 0 
3.40343 0.302411 0 
2.55812 0.190651 -1.26606e-18 
2.10846 0.119115 4.76768e-19 
4.03722 0.35263 1.94035e-18 
4.28774 0.432854 -2.3465e-18 
4.28489 0.489483 2.06891e-18 
4.15713 0.493539 0 
4.25664 0.33731 0 
4.26651 0.322399 -9.81944e-19 
4.2143 0.316168 -1.59653e-18 
2.22671 3.48717 6.20479e-19 
1.93748 3.2308 -6.83357e-19 
1.44564 2.35538 -1.03188e-18 
1.18633 1.99623 2.66842e-19 
0.883739 1.37811 -2.62865e-18 
0.793642 1.2154 9.2212e-19 
0.600753 0.903912 -1.97147e-21 
1.11451 1.78468 -1.13785e-18 
1.14183 1.88177 1.69858e-18 
0.974332 1.70008 5.06069e-19 
0.785925 1.28861 -5.12685e-19 
0.635398 1.07438 0 
2.44557 2.60676 -1.15435e-19 
0.705161 1.14419 8.57227e-19 
0.927734 0.889701 1.15618e-18 
0.755261 0.813603 1.33774e-18 
1.08308 0.746513 1.34115e-18 
1.46689 1.0443 -2.27027e-18 
1.38292 1.0712 1.83942e-18 
1.00179 0.765504 -6.76749e-19 
0.817024 0.568003 1.49463e-18 
1.61549 0.490752 -7.78113e-19 
1.55896 0.508326 0 
1.23954 0.407334 4.60593e-21 
2.50918 1.51588 7.7556e-19 
2.07979 1.27014 -2.80859e-18 
1.68663 1.18439 9.08751e-21 
1.66069 1.09233 0 
2.86206 2.59508 8.73799e-19 
3.44677 2.75288 1.03747e-18 
3.25579 2.93077 -1.19596e-18 
3.55421 2.76342 -4.28383e-19 
3.48428 2.6037 -1.34892e-19 
3.51245 2.79515 1.38785e-19 
3.67424 2.26704 -1.67942e-18 
3.70518 2.49209 4.00742e-19 
3.78367 2.43586 0 
3.78445 2.19161 -5.79708e-19 
4.04896 1.07333 5.8056e-19 
4.27596 0.993175 1.00216e-18 
4.30041 0.966884 1.01167e-18 
4.05503 1.32935 -1.14962e-18 
4.10287 1.34978 0 
4.15252 1.23373 0 
3.32768 1.23573 -1.56062e-20 
2.41772 0.66649 0 
2.72185 0.744043 9.30653e-19 
3.23826 0.885949 -2.64563e-20 
3.77288 1.53468 5.10745e-18 
3.5698 1.7619 1.31113e-18 
3.48093 1.54047 -1.34066e-18 
3.03734 1.36977 1.43743e-18 
2.76064 1.36965 8.23763e-19 
2.30655 1.15589 -7.97797e-19 
3.67221 -0.085543 1.98463e-18 
3.8947 -0.0289325 0 
3.85894 -0.066549 1.34207e-18 
3.74291 -0.0594086 -2.98775e-18 
3.98056 0.0373774 1.46197e-18 
3.90444 0.113427 -3.08295e-18 
3.73986 0.128036 0 
3.55625 0.173471 -6.28548e-19 
3.81197 0.122981 1.60528e-18 
3.69195 0.191384 -8.2256e-19 
3.6003 0.171079 5.90717e-19 
-0.0800935 2.59173 0 
-0.0466366 3.3989 0 
-0.0318256 2.46272 0 
-0.0215279 1.97132 0 
0.0464616 3.9416 6.70717e-19 
0.140297 3.72302 -1.72961e-19 
0.317474 4.64464 -2.29752e-19 
0.253211 4.46182 2.42651e-19 
-0.0245429 4.29447 -4.97584e-19 
0.0124841 4.32654 3.73646e-19 
0.096041 3.87031 2.22685e-20 
0.0100869 3.5577 -4.67129e-19 
-0.0121781 3.30941 -6.22706e-20 
-0.0389144 3.67168 -5.6743e-20 
0.153485 4.47478 -5.87004e-19 
0.178659 4.28823 0 
0.27597 4.63496 2.96428e-19 
0.269173 4.70956 2.53e-19 
0.596076 4.44437 -2.26031e-19 
0.408226 3.7803 0 
0.457366 3.62808 -1.11488e-18 
0.560065 3.99694 7.89983e-19 
0.480304 4.56187 -6.14832e-19 
0.370693 4.43233 3.30786e-19 
0.299643 4.15398 0 
-0.0339968 4.76199 -5.53263e-19 
-0.0738102 4.5269 -6.41497e-19 
-0.0749187 4.7399 0 
-0.0282549 4.35976 -6.24872e-21 
-0.0182768 4.64137 2.74274e-19 
-0.117848 3.8822 4.47099e-20 
-0.0548072 3.48674 -6.53841e-19 
-0.0948643 3.92491 1.74202e-19 
-0.13462 4.51802 2.32388e-19 
-0.0752747 4.32838 0 
-0.0590993 3.8868 0 
-0.0818213 2.89847 2.00868e-19 
-0.0471111 3.63202 -6.26786e-20 
-0.0722638 3.61953 0 
-0.0879174 2.68753 1.58154e-19 
-0.0461946 2.19407 -3.06434e-19 
3.76103 0.0323484 0 
3.7319 0.00775049 -2.03279e-19 
4.1795 0.0679704 -1.43997e-18 
4.08911 0.0463207 0 
3.87634 0.0178315 0 
4.14973 0.0370657 -1.25249e-20 
4.1003 0.0349592 2.37896e-18 
4.0001 0.0802216 2.84571e-18 
3.75586 0.118677 0 
3.55802 0.110062 0 
4.01332 0.093973 1.4175e-18 
3.70324 0.116149 0 
3.4721 0.128885 0 
-0.080647 4.69998 0 
-0.106225 4.66836 1.06692e-20 
-0.0766108 4.72006 6.2986e-20 
-0.0603316 3.83245 0 
-0.111794 4.53609 1.11261e-19 
-0.0675042 4.24091 -6.33739e-20 
-0.0536418 3.92973 0 
1.41025 4.18562 0 
1.20944 4.58044 -1.2981e-18 
1.22476 4.48827 0 
1.57404 4.48715 1.48451e-18 
1.59331 4.12119 0 
1.5017 4.37155 -6.06584e-19 
1.01139 2.2425 -3.39475e-20 
0.709109 1.64531 -1.74463e-18 
0.590635 1.22743 2.12861e-18 
0.708679 1.83486 3.96803e-19 
0.974967 2.42401 0 
1.03634 2.37909 0 
0.718324 1.68723 0 
0.532294 1.33004 -1.3952e-18 
1.20873 3.77473 -9.83464e-19 
1.12874 2.98876 -2.35498e-19 
1.32686 3.40481 1.92597e-19 
0.59923 2.04076 0 
0.620173 1.94252 0 
0.462202 1.57104 -3.9271e-19 
0.957607 2.72031 0 
2.68717 3.57098 0 
2.38121 3.0085 -1.45459e-18 
2.54585 3.02688 -8.58765e-20 
2.41971 3.40429 0 
2.2856 3.14931 2.22114e-18 
3.27801 3.0868 -3.8971e-19 
3.13407 3.32501 0 
3.11646 3.15138 6.30462e-19 
2.87045 3.41268 0 
2.88196 3.20076 0 
1.20916 2.00616 -9.30427e-19 
1.41395 2.40316 -6.99531e-19 
1.75346 2.9816 1.206e-18 
1.69565 2.9596 -3.62248e-19 
1.06233 1.82209 0 
1.20676 2.20832 4.71113e-19 
0.718376 1.2886 -7.15206e-19 
0.581586 1.0434 -5.60894e-22 
1.9372 3.69556 0 
2.19903 3.74288 -5.42615e-19 
2.33824 3.98623 0 
2.28409 0.529021 0 
1.61736 0.341912 0 
1.20903 0.276589 0 
2.20914 0.554269 -1.46525e-18 
1.63529 0.402199 8.17241e-19 
2.14562 0.129124 -9.85164e-19 
2.62661 0.297532 0 
2.46567 0.301649 4.13487e-19 
1.76988 0.13572 1.63299e-18 
1.53026 0.0812684 -1.03704e-18 
0.745518 1.55586 8.58041e-19 
0.959744 1.82033 0 
0.537634 1.43999 1.56087e-18 
0.523828 1.61479 -1.42522e-18 
0.757148 1.81443 -9.88339e-19 
2.07333 2.46258 1.3377e-18 
2.09667 2.71197 0 
1.58342 1.67806 -2.76345e-19 
2.00963 1.98939 1.74506e-18 
1.35981 1.29255 -4.23577e-19 
1.58861 1.31341 4.50684e-19 
2.10955 1.5132 1.02317e-18 
2.44269 1.67095 0 
2.27598 1.85607 0 
2.00988 1.606 0 
3.95681 2.07989 3.84505e-19 
3.75981 1.88978 -1.26355e-18 
3.81722 2.0281 1.04677e-18 
3.90107 1.77149 -1.00832e-18 
4.15788 1.67391 0 
4.11696 1.84111 -2.97837e-19 
2.84046 1.16333 -1.89729e-18 
2.97082 1.16344 -2.413e-18 
2.33197 1.04357 1.45642e-18 
2.13825 0.934438 -1.41983e-18 
2.46349 0.846179 -1.17811e-18 
2.17856 0.776951 1.44883e-18 
4.00845 0.0334771 -1.52889e-18 
4.05276 0.0406913 3.13021e-18 
3.76797 -0.0658796 1.9009e-18 
3.79119 -0.0737703 -2.28678e-18 
3.95955 0.0105758 0 
4.05604 0.0228804 -3.72982e-18 
0.0968094 4.7616 1.06556e-19 
0.0676362 4.7321 0 
0.189679 4.73157 9.53555e-19 
0.211243 4.74927 -8.67512e-19 
0.231144 4.71888 4.28468e-19 
0.122153 4.65888 0 
-0.100603 4.77137 0 
-0.10642 4.40406 -6.18487e-20 
-0.105349 4.33305 5.54366e-20 
-0.114087 4.48223 7.17866e-21 
-0.104768 4.72166 -1.01161e-19 
-0.0818488 4.70928 5.50908e-20 
1.87545 4.00961 -1.64327e-18 
1.81641 4.01613 1.74021e-18 
1.68406 4.40654 -8.54266e-19 
1.69282 4.27734 7.6126e-20 
2.25272 4.08653 0 
1.8546 4.22007 -6.35523e-19 
1.98183 3.95989 6.16364e-19 
1.82394 4.381 8.34459e-19 
2.07667 4.21936 0 
2.22812 4.10033 0 
1.13828 3.63077 1.49503e-18 
0.826566 2.81124 2.02328e-18 
0.954284 2.9896 -1.38958e-18 
0.746498 2.97127 -2.31895e-19 
0.90239 3.73037 4.66306e-19 
0.722077 3.36288 -1.13401e-18 
0.745671 1.46558 -1.21474e-18 
0.746143 1.31679 0 
0.60249 1.11438 -1.33518e-18 
1.1108 2.0638 0 
1.08777 2.15074 0 
1.35844 2.19071 -1.09055e-18 
1.06435 2.01406 -1.03597e-18 
1.01672 2.03495 1.09865e-18 
1.03099 1.51909 0 
1.4102 1.76166 -6.01205e-19 
1.62711 2.11886 -8.55415e-19 
1.41065 2.08246 0 
0.867706 1.81832 7.12429e-19 
0.77962 1.6794 0 
2.90591 2.28882 -1.84707e-18 
3.3188 2.47055 2.6093e-18 
3.2775 2.19305 -2.59339e-18 
2.61018 2.02078 -2.31178e-19 
2.72478 1.94026 -9.74153e-19 
1.26173 2.1896 7.96136e-19 
1.31586 2.24441 -1.35986e-18 
1.45389 2.32937 1.79272e-18 
1.79009 2.55936 -1.16519e-18 
1.88868 2.93208 -1.56717e-18 
1.56294 2.48844 -1.18798e-19 
1.63267 2.62797 1.37121e-18 
1.80977 2.69283 9.66134e-20 
2.01766 2.99854 6.49977e-19 
))
(300 (2 10 3 0 0 919 1018)(
0 0 0 
0 0 0 
0 0 0 
0 0 0 
0 0 0 
0 0 0 
0 0 0 
0 0 0 
0 0 0 
0 0 0 
0 0 0 
0 0 0 
0 0 0 
0 0 0 
0 0 0 
0 0 0 
0 0 0 
0 0 0 
0 0 0 
0 0 0 
0 0 0 
0 0 0 
0 0 0 
0 0 0 
0 0 0 
0 0 0 
0 0 0 
0 0 0 
0 0 0 
0 0 0 
0 0 0 
0 0 0 
0 0 0 
0 0 0 
0 0 0 
0 0 0 
0 0 0 
0 0 0 
0 0 0 
0 0 0 
0 0 0 
0 0 0 
0 0 0 
0 0 0 
0 0 0 
0 0 0 
0 0 0 
0 0 0 
0 0 0 
0 0 0 
0 0 0 
0 0 0 
0 0 0 
0 0 0 
0 0 0 
0 0 0 
0 0 0 
0 0 0 
0 0 0 
0 0 0 
0 0 0 
0 0 0 
0 0 0 
0 0 0 
0 0 0 
0 0 0 
0 0 0 
0 0 0 
0 0 0 
0 0 0 
0 0 0 
0 0 0 
0 0 0 
0 0 0 
0 0 0 
0 0 0 
0 0 0 
0 0 0 
0 0 0 
0 0 0 
0 0 0 
0 0 0 
0 0 0 
0 0 0 
0 0 0 
0 0 0 
0 0 0 
0 0 0 
0 0 0 
0 0 0 
0 0 0 
0 0 0 
0 0 0 
0 0 0 
0 0 0 
0 0 0 
0 0 0 
0 0 0 
0 0 0 
0 0 0 
))
(300 (2 11 3 0 0 1019 1026)(
3 0 0 
3 0 0 
3 0 0 
3 0 0 
3 0 0 
3 0 0 
3 0 0 
3 0 0 
))
(300 (2 12 3 0 0 1027 1030)(
0 1 0 
0 1 0 
0 1 0 
0 1 0 
))
(300 (2 13 3 0 0 1031 1038)(
0.171745 1.05369 0 
-0.0597662 1.27086 -1.22292e-19 
0.0746825 2.88357 0 
-0.0384646 3.16565 0 
-0.0682038 4.69208 0 
0.0429482 4.02473 0 
-0.018505 4.56585 0 
-0.052053 4.18069 0 
))
(300 (2 14 3 0 0 1039 1072)(
0 0 0 
0 0 0 
0 0 0 
0 0 0 
0 0 0 
0 0 0 
0 0 0 
0 0 0 
0 0 0 
0 0 0 
0 0 0 
0 0 0 
0 0 0 
0 0 0 
0 0 0 
0 0 0 
0 0 0 
0 0 0 
0 0 0 
0 0 0 
0 0 0 
0 0 0 
0 0 0 
0 0 0 
0 0 0 
0 0 0 
0 0 0 
0 0 0 
0 0 0 
0 0 0 
0 0 0 
0 0 0 
0 0 0 
0 0 0 
))
(300 (2 15 3 0 0 1073 1072)(
))
