(0 "FOAM to Fluent data File")

(33 (918 3444 1074))
(300 (1 1 1 0 0 1 918)(
23.4684
23.5751
0.953377
22.8858
1.01732
23.0916
3.27153
13.7842
19.2416
2.9337
2.6254
14.4077
20.6345
16.8759
12.9921
0.924739
14.0512
2.24553
18.4593
1.39845
12.9913
20.4471
21.5358
19.2834
14.1205
14.3711
18.5969
1.14577
0.107824
0.255193
0.979239
0.411063
0.147516
21.6285
22.3051
22.2434
15.4942
10.4017
3.59676
3.80133
2.982
2.80497
13.8268
13.9268
5.86635
13.763
13.7587
16.6431
19.1097
19.2533
19.5465
19.3355
19.7218
5.97325
2.78486
2.60477
2.87583
2.95025
2.98274
2.69774
2.6792
2.4831
2.3372
13.887
14.4807
14.5359
14.2671
14.2148
22.4511
21.6942
22.0289
21.1353
21.2807
20.2106
19.825
17.2516
17.6041
16.4778
16.097
12.7825
12.7437
13.212
13.4619
0.145608
1.07568
1.2228
14.0582
14.0947
14.0947
14.1091
8.28188
2.18739
2.19012
17.8996
17.4761
20.481
20.7482
20.1952
20.0097
1.53036
1.52635
1.15114
1.18174
0.950939
13.3327
13.4868
19.2348
18.4017
14.154
14.054
14.129
11.4992
13.9094
13.9827
15.3207
15.7762
14.9655
15.4019
18.1668
17.7488
19.0334
19.4707
0.393318
0.154595
0.687399
0.318168
0.516447
15.3625
15.1571
15.6101
15.6609
15.8921
10.4066
10.3372
10.3806
10.3004
4.14866
4.46327
2.25433
2.56889
2.41976
9.86506
13.9431
13.9898
4.81023
5.5146
5.17791
6.3491
6.72349
16.0088
16.4454
16.1841
17.7305
16.9354
17.2835
19.8127
19.3019
19.6023
6.36773
6.60213
5.60742
5.24873
2.23763
2.48725
2.42926
2.98167
2.95975
3.21736
3.34577
2.69816
2.55474
2.8932
2.77666
2.82872
2.16646
2.03662
13.6111
13.3972
14.1501
14.3286
15.0958
14.9475
14.6541
14.8229
19.0201
19.4236
19.4571
19.0729
11.5443
10.1548
13.7164
13.9919
0.302185
0.264722
0.138266
0.380694
0.400833
0.142794
2.01536
1.82679
1.40518
1.68049
14.0557
14.0155
8.52247
8.7421
8.11834
7.86219
16.3138
16.464
17.0981
16.6979
1.96299
1.67677
1.80659
13.6499
13.5223
13.6292
10.9342
10.3676
11.9769
12.2467
13.9908
14.0346
14.0305
15.6803
15.9988
19.8215
20.0922
19.919
20.3048
21.3676
21.0189
20.6341
14.5384
14.9468
14.7852
16.1274
15.7611
15.9806
15.1884
15.4931
15.351
10.3689
10.4152
10.1187
10.1965
10.2451
10.1922
9.80227
9.6753
14.0765
14.0315
14.0556
7.25158
7.74964
4.86855
4.53977
12.543
13.2162
12.8917
18.6499
17.9722
18.7052
18.3343
17.8843
18.2079
10.426
10.3876
10.421
14.9162
14.2541
14.606
2.44086
2.07671
2.23987
8.93807
9.03149
6.97015
7.58672
7.24985
16.3004
16.6408
17.3209
16.4327
16.9003
17.4076
17.1857
9.93831
10.0711
9.98802
9.65871
9.55226
9.73439
8.3349
8.94822
3.61234
4.26866
3.96471
9.19948
9.42945
9.27671
18.6294
19.1642
0.766037
1.15361
19.5942
19.3179
0.138852
0.24159
14.2526
12.5502
7.26182
17.1966
16.6292
18.969
3.19189
6.10207
2.8101
3.38048
2.68626
14.6148
14.2487
13.3399
0.453062
1.25622
1.70981
2.8953
18.4098
17.7346
18.8507
19.1709
19.2252
0.687604
0.913066
0.584212
1.243
1.03157
1.27652
15.5502
15.6484
4.32276
18.8577
19.162
19.1798
17.6565
18.6092
17.6667
0.93525
0.642101
0.707201
10.0799
12.1208
14.2128
13.7654
13.9624
13.9845
13.7354
14.8687
14.5382
14.5032
14.988
13.9656
13.8202
7.73364
6.38252
8.06809
7.70845
17.0979
16.6858
16.4927
16.2384
18.0842
17.6102
18.4606
17.849
18.3109
18.5977
2.94306
3.13275
3.01137
2.51997
6.14288
6.60536
5.48766
5.63303
4.25893
2.42927
2.52767
2.75354
2.58426
2.93112
2.6789
2.94274
2.57908
2.32345
2.32168
2.93093
2.73896
2.60441
14.5932
14.5316
14.3325
14.3706
14.353
14.4687
13.5343
13.9391
13.5668
12.3979
12.9791
12.5063
0.825325
0.662697
0.524885
1.32374
1.35075
1.1112
0.8349
1.17405
1.20211
0.814821
1.54562
1.44565
3.15478
2.64324
8.83937
7.96708
6.9006
16.7998
17.6016
16.7713
18.012
18.429
18.5344
18.1548
17.6466
15.7291
15.7242
15.3843
15.3377
4.77019
3.73079
4.96624
4.53532
10.4771
14.0646
11.8419
10.8031
11.0994
13.4235
13.928
13.5804
13.7173
13.2924
12.8205
13.5124
13.0462
13.1475
12.9266
15.717
16.1921
15.7986
15.2191
15.2391
10.5981
12.0148
5.46478
5.63877
7.24338
6.53719
13.509
13.932
13.9167
13.5551
13.7429
13.7441
13.6049
13.779
13.8589
13.7535
11.8238
10.1432
9.04444
9.03803
14.076
12.3454
12.9296
12.413
16.1197
16.6362
16.2509
15.6453
16.1304
15.6022
15.6294
15.8426
17.2008
16.9504
16.7201
17.107
3.05455
3.00331
3.64683
3.13268
3.0359
2.81884
3.48326
4.7578
4.41554
6.71781
7.2686
4.57955
3.37217
3.79242
4.8075
5.54082
5.51057
3.96899
4.50074
4.92979
4.44025
5.22374
4.72831
2.71771
3.02522
2.86326
2.83705
3.38172
3.87995
3.37555
2.48072
2.59289
2.25717
2.11945
3.53612
2.9962
3.03314
3.67862
1.10606
1.32847
1.4409
2.41402
1.91315
1.97884
15.1818
14.8259
14.9595
14.2387
14.3062
14.2473
13.8718
15.2392
14.9612
15.0607
13.7091
13.7959
13.6092
13.9045
14.3205
14.6197
15.4516
15.1727
14.4118
14.5628
14.2137
14.142
13.4639
12.901
12.8404
1.11225
0.82427
0.984035
0.911186
0.606328
0.798762
2.18307
1.57265
1.97059
1.72617
1.9595
1.40397
1.30234
4.25254
5.06355
3.96303
3.3645
3.06137
8.89782
9.00932
8.158
7.85609
8.19762
8.42622
8.37595
7.13387
7.56083
7.37388
9.91474
9.57902
17.586
17.5301
17.2013
17.0424
17.2688
5.7618
7.66463
6.79845
7.91459
10.2059
10.5015
9.31024
8.70439
9.45567
9.53363
14.0463
14.1224
13.5633
14.0492
14.0777
11.8343
12.8816
13.4965
13.3109
13.8308
13.9117
12.9727
13.5614
13.4767
12.7594
12.8123
12.1271
12.4657
11.9938
11.7928
14.0554
13.9501
14.2198
13.7707
14.15
13.7142
14.0295
14.0275
14.3081
13.4101
12.8314
12.8498
13.2761
12.9762
13.3221
13.4862
9.30785
9.94792
10.3866
10.9223
10.6296
10.4116
10.2789
10.5806
10.5574
10.8287
10.7481
10.599
11.5599
13.4151
13.7002
13.8016
13.5987
13.6448
13.3374
13.6103
13.5396
13.9189
14.0068
14.0564
13.1371
13.2931
13.4879
13.3717
11.6745
10.0963
9.94854
9.50855
7.57615
8.04584
11.0248
9.90159
8.91679
8.98874
12.1679
10.8052
11.6186
12.0418
10.6934
10.3053
12.9705
13.7586
13.9784
13.7027
12.0595
12.1853
12.635
13.0782
13.2675
13.7232
15.8595
16.4352
16.5131
16.2372
16.0992
16.199
15.9491
16.0522
16.5263
16.6528
16.4841
2.88009
2.99376
2.92371
2.84907
3.0854
2.86101
3.95617
3.94713
3.15651
3.33674
3.3566
3.46203
2.93116
2.97424
4.82615
5.06176
5.33342
4.83187
6.17507
6.81584
7.39711
7.08278
5.78946
5.86871
6.18393
3.50744
3.53322
3.25155
3.70917
3.76182
2.61172
2.23921
2.04427
2.56565
2.66662
2.05155
1.76871
1.81798
2.33222
2.05117
1.8051
14.9743
14.7326
14.754
14.5338
14.5884
14.9832
15.2041
15.0142
15.1526
15.2036
14.8027
14.6916
14.8627
1.81875
1.49321
1.62284
1.58105
1.64324
1.54982
1.73804
7.6051
6.41528
6.80274
5.97812
4.12005
4.64098
9.53813
9.95955
9.99803
9.70916
9.49912
9.86489
9.71567
9.7084
8.26276
9.33137
8.86734
9.26003
9.28145
9.34915
9.06385
9.0801
10.5838
10.6173
9.48233
10.1219
9.33068
7.93148
8.09848
9.11216
10.0858
10.4039
10.249
9.97912
9.75052
10.1136
10.1683
10.2283
10.2175
8.75113
8.71104
8.31047
13.968
13.8745
14.021
14.0262
14.1531
13.978
13.8151
14.0923
14.1466
13.9308
11.0768
11.1357
11.3816
12.1282
12.1802
12.0911
11.3359
13.0999
12.7556
13.3935
13.3403
13.4127
13.003
12.8261
13.0965
10.0801
11.4531
10.9859
11.2491
10.0626
9.30612
13.2227
13.2769
13.3422
13.6152
13.5732
14.1566
15.8295
15.6994
15.7467
15.7897
15.4014
15.4387
4.17525
3.82914
4.55086
4.5063
4.06439
3.76447
2.28655
1.96868
1.78096
1.6562
1.88937
1.95045
8.16199
8.189
6.33344
7.35493
5.87568
4.93388
4.78926
5.95507
7.13633
7.19517
8.51274
9.18876
8.74792
8.57316
7.91754
8.24708
10.1153
10.2097
10.1102
10.4292
9.96189
11.7116
11.2937
11.6426
13.2566
12.9663
12.3682
12.2547
12.2196
12.8126
11.9469
11.1786
11.8911
12.5465
12.5047
11.1172
10.8723
11.299
11.283
10.1971
10.7172
10.4792
10.8317
10.5471
))
(300 (1 10 1 0 0 919 1018)(
23.4684
23.5751
0.953377
22.8858
23.0916
3.27153
13.7842
2.9337
2.6254
14.4077
20.6345
16.8759
12.9921
14.0512
2.24553
18.4593
1.39845
12.9913
19.2834
14.1205
14.3711
18.5969
1.14577
21.6285
15.4942
3.80133
2.80497
13.9268
5.86635
13.7587
16.6431
2.60477
2.95025
2.6792
2.3372
13.887
14.5359
14.2148
21.2807
19.825
17.6041
16.097
12.7437
13.4619
14.0947
14.1091
2.19012
17.4761
20.0097
1.52635
0.950939
13.4868
18.4017
14.129
11.4992
13.9827
15.3207
15.4019
17.7488
19.4707
15.1571
15.6101
15.8921
4.46327
2.41976
13.9898
5.17791
6.72349
16.1841
17.2835
2.42926
2.95975
2.82872
2.03662
13.3972
14.3286
15.0958
14.8229
19.0729
13.9919
14.0155
16.3138
16.6979
1.80659
13.6292
10.3676
12.2467
14.0305
15.9988
20.3048
14.7852
15.9806
15.351
14.0556
7.74964
12.8917
18.3343
14.606
16.9003
8.94822
))
(300 (1 11 1 0 0 919 926)(
23.4684
22.8858
19.2416
20.4471
19.2533
19.7218
20.481
19.6023
))
(300 (1 12 1 0 0 919 922)(
23.5751
23.0916
22.2434
22.0289
))
(300 (1 13 1 0 0 919 926)(
0
0
0
0
0
0
0
0
))
(300 (1 14 1 0 0 919 952)(
1.01732
0.924739
0.147516
10.4017
5.97325
2.98274
1.2228
8.28188
0.516447
10.3372
10.3004
9.86506
6.60213
5.24873
3.34577
2.55474
10.1548
2.01536
1.68049
8.7421
7.86219
10.4152
10.1187
10.1922
9.6753
4.53977
10.421
2.23987
9.03149
7.24985
9.98802
9.55226
3.96471
9.27671
))
(300 (1 15 1 0 0 919 2754)(
23.4684
23.4684
23.5751
23.5751
0.953377
0.953377
22.8858
22.8858
1.01732
1.01732
23.0916
23.0916
3.27153
3.27153
13.7842
13.7842
19.2416
19.2416
2.9337
2.9337
2.6254
2.6254
14.4077
14.4077
20.6345
20.6345
16.8759
16.8759
12.9921
12.9921
0.924739
0.924739
14.0512
14.0512
2.24553
2.24553
18.4593
18.4593
1.39845
1.39845
12.9913
12.9913
20.4471
20.4471
21.5358
21.5358
19.2834
19.2834
14.1205
14.1205
14.3711
14.3711
18.5969
18.5969
1.14577
1.14577
0.107824
0.107824
0.255193
0.255193
0.979239
0.979239
0.411063
0.411063
0.147516
0.147516
21.6285
21.6285
22.3051
22.3051
22.2434
22.2434
15.4942
15.4942
10.4017
10.4017
3.59676
3.59676
3.80133
3.80133
2.982
2.982
2.80497
2.80497
13.8268
13.8268
13.9268
13.9268
5.86635
5.86635
13.763
13.763
13.7587
13.7587
16.6431
16.6431
19.1097
19.1097
19.2533
19.2533
19.5465
19.5465
19.3355
19.3355
19.7218
19.7218
5.97325
5.97325
2.78486
2.78486
2.60477
2.60477
2.87583
2.87583
2.95025
2.95025
2.98274
2.98274
2.69774
2.69774
2.6792
2.6792
2.4831
2.4831
2.3372
2.3372
13.887
13.887
14.4807
14.4807
14.5359
14.5359
14.2671
14.2671
14.2148
14.2148
22.4511
22.4511
21.6942
21.6942
22.0289
22.0289
21.1353
21.1353
21.2807
21.2807
20.2106
20.2106
19.825
19.825
17.2516
17.2516
17.6041
17.6041
16.4778
16.4778
16.097
16.097
12.7825
12.7825
12.7437
12.7437
13.212
13.212
13.4619
13.4619
0.145608
0.145608
1.07568
1.07568
1.2228
1.2228
14.0582
14.0582
14.0947
14.0947
14.0947
14.0947
14.1091
14.1091
8.28188
8.28188
2.18739
2.18739
2.19012
2.19012
17.8996
17.8996
17.4761
17.4761
20.481
20.481
20.7482
20.7482
20.1952
20.1952
20.0097
20.0097
1.53036
1.53036
1.52635
1.52635
1.15114
1.15114
1.18174
1.18174
0.950939
0.950939
13.3327
13.3327
13.4868
13.4868
19.2348
19.2348
18.4017
18.4017
14.154
14.154
14.054
14.054
14.129
14.129
11.4992
11.4992
13.9094
13.9094
13.9827
13.9827
15.3207
15.3207
15.7762
15.7762
14.9655
14.9655
15.4019
15.4019
18.1668
18.1668
17.7488
17.7488
19.0334
19.0334
19.4707
19.4707
0.393318
0.393318
0.154595
0.154595
0.687399
0.687399
0.318168
0.318168
0.516447
0.516447
15.3625
15.3625
15.1571
15.1571
15.6101
15.6101
15.6609
15.6609
15.8921
15.8921
10.4066
10.4066
10.3372
10.3372
10.3806
10.3806
10.3004
10.3004
4.14866
4.14866
4.46327
4.46327
2.25433
2.25433
2.56889
2.56889
2.41976
2.41976
9.86506
9.86506
13.9431
13.9431
13.9898
13.9898
4.81023
4.81023
5.5146
5.5146
5.17791
5.17791
6.3491
6.3491
6.72349
6.72349
16.0088
16.0088
16.4454
16.4454
16.1841
16.1841
17.7305
17.7305
16.9354
16.9354
17.2835
17.2835
19.8127
19.8127
19.3019
19.3019
19.6023
19.6023
6.36773
6.36773
6.60213
6.60213
5.60742
5.60742
5.24873
5.24873
2.23763
2.23763
2.48725
2.48725
2.42926
2.42926
2.98167
2.98167
2.95975
2.95975
3.21736
3.21736
3.34577
3.34577
2.69816
2.69816
2.55474
2.55474
2.8932
2.8932
2.77666
2.77666
2.82872
2.82872
2.16646
2.16646
2.03662
2.03662
13.6111
13.6111
13.3972
13.3972
14.1501
14.1501
14.3286
14.3286
15.0958
15.0958
14.9475
14.9475
14.6541
14.6541
14.8229
14.8229
19.0201
19.0201
19.4236
19.4236
19.4571
19.4571
19.0729
19.0729
11.5443
11.5443
10.1548
10.1548
13.7164
13.7164
13.9919
13.9919
0.302185
0.302185
0.264722
0.264722
0.138266
0.138266
0.380694
0.380694
0.400833
0.400833
0.142794
0.142794
2.01536
2.01536
1.82679
1.82679
1.40518
1.40518
1.68049
1.68049
14.0557
14.0557
14.0155
14.0155
8.52247
8.52247
8.7421
8.7421
8.11834
8.11834
7.86219
7.86219
16.3138
16.3138
16.464
16.464
17.0981
17.0981
16.6979
16.6979
1.96299
1.96299
1.67677
1.67677
1.80659
1.80659
13.6499
13.6499
13.5223
13.5223
13.6292
13.6292
10.9342
10.9342
10.3676
10.3676
11.9769
11.9769
12.2467
12.2467
13.9908
13.9908
14.0346
14.0346
14.0305
14.0305
15.6803
15.6803
15.9988
15.9988
19.8215
19.8215
20.0922
20.0922
19.919
19.919
20.3048
20.3048
21.3676
21.3676
21.0189
21.0189
20.6341
20.6341
14.5384
14.5384
14.9468
14.9468
14.7852
14.7852
16.1274
16.1274
15.7611
15.7611
15.9806
15.9806
15.1884
15.1884
15.4931
15.4931
15.351
15.351
10.3689
10.3689
10.4152
10.4152
10.1187
10.1187
10.1965
10.1965
10.2451
10.2451
10.1922
10.1922
9.80227
9.80227
9.6753
9.6753
14.0765
14.0765
14.0315
14.0315
14.0556
14.0556
7.25158
7.25158
7.74964
7.74964
4.86855
4.86855
4.53977
4.53977
12.543
12.543
13.2162
13.2162
12.8917
12.8917
18.6499
18.6499
17.9722
17.9722
18.7052
18.7052
18.3343
18.3343
17.8843
17.8843
18.2079
18.2079
10.426
10.426
10.3876
10.3876
10.421
10.421
14.9162
14.9162
14.2541
14.2541
14.606
14.606
2.44086
2.44086
2.07671
2.07671
2.23987
2.23987
8.93807
8.93807
9.03149
9.03149
6.97015
6.97015
7.58672
7.58672
7.24985
7.24985
16.3004
16.3004
16.6408
16.6408
17.3209
17.3209
16.4327
16.4327
16.9003
16.9003
17.4076
17.4076
17.1857
17.1857
9.93831
9.93831
10.0711
10.0711
9.98802
9.98802
9.65871
9.65871
9.55226
9.55226
9.73439
9.73439
8.3349
8.3349
8.94822
8.94822
3.61234
3.61234
4.26866
4.26866
3.96471
3.96471
9.19948
9.19948
9.42945
9.42945
9.27671
9.27671
18.6294
18.6294
19.1642
19.1642
0.766037
0.766037
1.15361
1.15361
19.5942
19.5942
19.3179
19.3179
0.138852
0.138852
0.24159
0.24159
14.2526
14.2526
12.5502
12.5502
7.26182
7.26182
17.1966
17.1966
16.6292
16.6292
18.969
18.969
3.19189
3.19189
6.10207
6.10207
2.8101
2.8101
3.38048
3.38048
2.68626
2.68626
14.6148
14.6148
14.2487
14.2487
13.3399
13.3399
0.453062
0.453062
1.25622
1.25622
1.70981
1.70981
2.8953
2.8953
18.4098
18.4098
17.7346
17.7346
18.8507
18.8507
19.1709
19.1709
19.2252
19.2252
0.687604
0.687604
0.913066
0.913066
0.584212
0.584212
1.243
1.243
1.03157
1.03157
1.27652
1.27652
15.5502
15.5502
15.6484
15.6484
4.32276
4.32276
18.8577
18.8577
19.162
19.162
19.1798
19.1798
17.6565
17.6565
18.6092
18.6092
17.6667
17.6667
0.93525
0.93525
0.642101
0.642101
0.707201
0.707201
10.0799
10.0799
12.1208
12.1208
14.2128
14.2128
13.7654
13.7654
13.9624
13.9624
13.9845
13.9845
13.7354
13.7354
14.8687
14.8687
14.5382
14.5382
14.5032
14.5032
14.988
14.988
13.9656
13.9656
13.8202
13.8202
7.73364
7.73364
6.38252
6.38252
8.06809
8.06809
7.70845
7.70845
17.0979
17.0979
16.6858
16.6858
16.4927
16.4927
16.2384
16.2384
18.0842
18.0842
17.6102
17.6102
18.4606
18.4606
17.849
17.849
18.3109
18.3109
18.5977
18.5977
2.94306
2.94306
3.13275
3.13275
3.01137
3.01137
2.51997
2.51997
6.14288
6.14288
6.60536
6.60536
5.48766
5.48766
5.63303
5.63303
4.25893
4.25893
2.42927
2.42927
2.52767
2.52767
2.75354
2.75354
2.58426
2.58426
2.93112
2.93112
2.6789
2.6789
2.94274
2.94274
2.57908
2.57908
2.32345
2.32345
2.32168
2.32168
2.93093
2.93093
2.73896
2.73896
2.60441
2.60441
14.5932
14.5932
14.5316
14.5316
14.3325
14.3325
14.3706
14.3706
14.353
14.353
14.4687
14.4687
13.5343
13.5343
13.9391
13.9391
13.5668
13.5668
12.3979
12.3979
12.9791
12.9791
12.5063
12.5063
0.825325
0.825325
0.662697
0.662697
0.524885
0.524885
1.32374
1.32374
1.35075
1.35075
1.1112
1.1112
0.8349
0.8349
1.17405
1.17405
1.20211
1.20211
0.814821
0.814821
1.54562
1.54562
1.44565
1.44565
3.15478
3.15478
2.64324
2.64324
8.83937
8.83937
7.96708
7.96708
6.9006
6.9006
16.7998
16.7998
17.6016
17.6016
16.7713
16.7713
18.012
18.012
18.429
18.429
18.5344
18.5344
18.1548
18.1548
17.6466
17.6466
15.7291
15.7291
15.7242
15.7242
15.3843
15.3843
15.3377
15.3377
4.77019
4.77019
3.73079
3.73079
4.96624
4.96624
4.53532
4.53532
10.4771
10.4771
14.0646
14.0646
11.8419
11.8419
10.8031
10.8031
11.0994
11.0994
13.4235
13.4235
13.928
13.928
13.5804
13.5804
13.7173
13.7173
13.2924
13.2924
12.8205
12.8205
13.5124
13.5124
13.0462
13.0462
13.1475
13.1475
12.9266
12.9266
15.717
15.717
16.1921
16.1921
15.7986
15.7986
15.2191
15.2191
15.2391
15.2391
10.5981
10.5981
12.0148
12.0148
5.46478
5.46478
5.63877
5.63877
7.24338
7.24338
6.53719
6.53719
13.509
13.509
13.932
13.932
13.9167
13.9167
13.5551
13.5551
13.7429
13.7429
13.7441
13.7441
13.6049
13.6049
13.779
13.779
13.8589
13.8589
13.7535
13.7535
11.8238
11.8238
10.1432
10.1432
9.04444
9.04444
9.03803
9.03803
14.076
14.076
12.3454
12.3454
12.9296
12.9296
12.413
12.413
16.1197
16.1197
16.6362
16.6362
16.2509
16.2509
15.6453
15.6453
16.1304
16.1304
15.6022
15.6022
15.6294
15.6294
15.8426
15.8426
17.2008
17.2008
16.9504
16.9504
16.7201
16.7201
17.107
17.107
3.05455
3.05455
3.00331
3.00331
3.64683
3.64683
3.13268
3.13268
3.0359
3.0359
2.81884
2.81884
3.48326
3.48326
4.7578
4.7578
4.41554
4.41554
6.71781
6.71781
7.2686
7.2686
4.57955
4.57955
3.37217
3.37217
3.79242
3.79242
4.8075
4.8075
5.54082
5.54082
5.51057
5.51057
3.96899
3.96899
4.50074
4.50074
4.92979
4.92979
4.44025
4.44025
5.22374
5.22374
4.72831
4.72831
2.71771
2.71771
3.02522
3.02522
2.86326
2.86326
2.83705
2.83705
3.38172
3.38172
3.87995
3.87995
3.37555
3.37555
2.48072
2.48072
2.59289
2.59289
2.25717
2.25717
2.11945
2.11945
3.53612
3.53612
2.9962
2.9962
3.03314
3.03314
3.67862
3.67862
1.10606
1.10606
1.32847
1.32847
1.4409
1.4409
2.41402
2.41402
1.91315
1.91315
1.97884
1.97884
15.1818
15.1818
14.8259
14.8259
14.9595
14.9595
14.2387
14.2387
14.3062
14.3062
14.2473
14.2473
13.8718
13.8718
15.2392
15.2392
14.9612
14.9612
15.0607
15.0607
13.7091
13.7091
13.7959
13.7959
13.6092
13.6092
13.9045
13.9045
14.3205
14.3205
14.6197
14.6197
15.4516
15.4516
15.1727
15.1727
14.4118
14.4118
14.5628
14.5628
14.2137
14.2137
14.142
14.142
13.4639
13.4639
12.901
12.901
12.8404
12.8404
1.11225
1.11225
0.82427
0.82427
0.984035
0.984035
0.911186
0.911186
0.606328
0.606328
0.798762
0.798762
2.18307
2.18307
1.57265
1.57265
1.97059
1.97059
1.72617
1.72617
1.9595
1.9595
1.40397
1.40397
1.30234
1.30234
4.25254
4.25254
5.06355
5.06355
3.96303
3.96303
3.3645
3.3645
3.06137
3.06137
8.89782
8.89782
9.00932
9.00932
8.158
8.158
7.85609
7.85609
8.19762
8.19762
8.42622
8.42622
8.37595
8.37595
7.13387
7.13387
7.56083
7.56083
7.37388
7.37388
9.91474
9.91474
9.57902
9.57902
17.586
17.586
17.5301
17.5301
17.2013
17.2013
17.0424
17.0424
17.2688
17.2688
5.7618
5.7618
7.66463
7.66463
6.79845
6.79845
7.91459
7.91459
10.2059
10.2059
10.5015
10.5015
9.31024
9.31024
8.70439
8.70439
9.45567
9.45567
9.53363
9.53363
14.0463
14.0463
14.1224
14.1224
13.5633
13.5633
14.0492
14.0492
14.0777
14.0777
11.8343
11.8343
12.8816
12.8816
13.4965
13.4965
13.3109
13.3109
13.8308
13.8308
13.9117
13.9117
12.9727
12.9727
13.5614
13.5614
13.4767
13.4767
12.7594
12.7594
12.8123
12.8123
12.1271
12.1271
12.4657
12.4657
11.9938
11.9938
11.7928
11.7928
14.0554
14.0554
13.9501
13.9501
14.2198
14.2198
13.7707
13.7707
14.15
14.15
13.7142
13.7142
14.0295
14.0295
14.0275
14.0275
14.3081
14.3081
13.4101
13.4101
12.8314
12.8314
12.8498
12.8498
13.2761
13.2761
12.9762
12.9762
13.3221
13.3221
13.4862
13.4862
9.30785
9.30785
9.94792
9.94792
10.3866
10.3866
10.9223
10.9223
10.6296
10.6296
10.4116
10.4116
10.2789
10.2789
10.5806
10.5806
10.5574
10.5574
10.8287
10.8287
10.7481
10.7481
10.599
10.599
11.5599
11.5599
13.4151
13.4151
13.7002
13.7002
13.8016
13.8016
13.5987
13.5987
13.6448
13.6448
13.3374
13.3374
13.6103
13.6103
13.5396
13.5396
13.9189
13.9189
14.0068
14.0068
14.0564
14.0564
13.1371
13.1371
13.2931
13.2931
13.4879
13.4879
13.3717
13.3717
11.6745
11.6745
10.0963
10.0963
9.94854
9.94854
9.50855
9.50855
7.57615
7.57615
8.04584
8.04584
11.0248
11.0248
9.90159
9.90159
8.91679
8.91679
8.98874
8.98874
12.1679
12.1679
10.8052
10.8052
11.6186
11.6186
12.0418
12.0418
10.6934
10.6934
10.3053
10.3053
12.9705
12.9705
13.7586
13.7586
13.9784
13.9784
13.7027
13.7027
12.0595
12.0595
12.1853
12.1853
12.635
12.635
13.0782
13.0782
13.2675
13.2675
13.7232
13.7232
15.8595
15.8595
16.4352
16.4352
16.5131
16.5131
16.2372
16.2372
16.0992
16.0992
16.199
16.199
15.9491
15.9491
16.0522
16.0522
16.5263
16.5263
16.6528
16.6528
16.4841
16.4841
2.88009
2.88009
2.99376
2.99376
2.92371
2.92371
2.84907
2.84907
3.0854
3.0854
2.86101
2.86101
3.95617
3.95617
3.94713
3.94713
3.15651
3.15651
3.33674
3.33674
3.3566
3.3566
3.46203
3.46203
2.93116
2.93116
2.97424
2.97424
4.82615
4.82615
5.06176
5.06176
5.33342
5.33342
4.83187
4.83187
6.17507
6.17507
6.81584
6.81584
7.39711
7.39711
7.08278
7.08278
5.78946
5.78946
5.86871
5.86871
6.18393
6.18393
3.50744
3.50744
3.53322
3.53322
3.25155
3.25155
3.70917
3.70917
3.76182
3.76182
2.61172
2.61172
2.23921
2.23921
2.04427
2.04427
2.56565
2.56565
2.66662
2.66662
2.05155
2.05155
1.76871
1.76871
1.81798
1.81798
2.33222
2.33222
2.05117
2.05117
1.8051
1.8051
14.9743
14.9743
14.7326
14.7326
14.754
14.754
14.5338
14.5338
14.5884
14.5884
14.9832
14.9832
15.2041
15.2041
15.0142
15.0142
15.1526
15.1526
15.2036
15.2036
14.8027
14.8027
14.6916
14.6916
14.8627
14.8627
1.81875
1.81875
1.49321
1.49321
1.62284
1.62284
1.58105
1.58105
1.64324
1.64324
1.54982
1.54982
1.73804
1.73804
7.6051
7.6051
6.41528
6.41528
6.80274
6.80274
5.97812
5.97812
4.12005
4.12005
4.64098
4.64098
9.53813
9.53813
9.95955
9.95955
9.99803
9.99803
9.70916
9.70916
9.49912
9.49912
9.86489
9.86489
9.71567
9.71567
9.7084
9.7084
8.26276
8.26276
9.33137
9.33137
8.86734
8.86734
9.26003
9.26003
9.28145
9.28145
9.34915
9.34915
9.06385
9.06385
9.0801
9.0801
10.5838
10.5838
10.6173
10.6173
9.48233
9.48233
10.1219
10.1219
9.33068
9.33068
7.93148
7.93148
8.09848
8.09848
9.11216
9.11216
10.0858
10.0858
10.4039
10.4039
10.249
10.249
9.97912
9.97912
9.75052
9.75052
10.1136
10.1136
10.1683
10.1683
10.2283
10.2283
10.2175
10.2175
8.75113
8.75113
8.71104
8.71104
8.31047
8.31047
13.968
13.968
13.8745
13.8745
14.021
14.021
14.0262
14.0262
14.1531
14.1531
13.978
13.978
13.8151
13.8151
14.0923
14.0923
14.1466
14.1466
13.9308
13.9308
11.0768
11.0768
11.1357
11.1357
11.3816
11.3816
12.1282
12.1282
12.1802
12.1802
12.0911
12.0911
11.3359
11.3359
13.0999
13.0999
12.7556
12.7556
13.3935
13.3935
13.3403
13.3403
13.4127
13.4127
13.003
13.003
12.8261
12.8261
13.0965
13.0965
10.0801
10.0801
11.4531
11.4531
10.9859
10.9859
11.2491
11.2491
10.0626
10.0626
9.30612
9.30612
13.2227
13.2227
13.2769
13.2769
13.3422
13.3422
13.6152
13.6152
13.5732
13.5732
14.1566
14.1566
15.8295
15.8295
15.6994
15.6994
15.7467
15.7467
15.7897
15.7897
15.4014
15.4014
15.4387
15.4387
4.17525
4.17525
3.82914
3.82914
4.55086
4.55086
4.5063
4.5063
4.06439
4.06439
3.76447
3.76447
2.28655
2.28655
1.96868
1.96868
1.78096
1.78096
1.6562
1.6562
1.88937
1.88937
1.95045
1.95045
8.16199
8.16199
8.189
8.189
6.33344
6.33344
7.35493
7.35493
5.87568
5.87568
4.93388
4.93388
4.78926
4.78926
5.95507
5.95507
7.13633
7.13633
7.19517
7.19517
8.51274
8.51274
9.18876
9.18876
8.74792
8.74792
8.57316
8.57316
7.91754
7.91754
8.24708
8.24708
10.1153
10.1153
10.2097
10.2097
10.1102
10.1102
10.4292
10.4292
9.96189
9.96189
11.7116
11.7116
11.2937
11.2937
11.6426
11.6426
13.2566
13.2566
12.9663
12.9663
12.3682
12.3682
12.2547
12.2547
12.2196
12.2196
12.8126
12.8126
11.9469
11.9469
11.1786
11.1786
11.8911
11.8911
12.5465
12.5465
12.5047
12.5047
11.1172
11.1172
10.8723
10.8723
11.299
11.299
11.283
11.283
10.1971
10.1971
10.7172
10.7172
10.4792
10.4792
10.8317
10.8317
10.5471
10.5471
))
(300 (2 1 3 0 0 1 918)(
2.47629 -0.138943 0 
0.108704 0.722546 0 
0.171819 1.05423 0 
2.31834 0.153728 0 
-0.0596608 1.27057 -1.22311e-19 
-0.0924034 0.643931 -5.31367e-18 
0.530077 0.849729 -2.95284e-19 
0.274313 0.152868 -2.98829e-20 
3.00615 -0.0195607 0 
-0.00827574 0.477072 0 
-0.0172448 0.589786 0 
0.60521 0.0067664 0 
0.0107054 0.439105 0 
-0.00288244 0.421689 0 
0.0134369 0.340813 -1.30506e-18 
-0.00469361 0.768454 -9.20414e-20 
0.312396 0.0742683 2.15201e-18 
0.0797495 0.64263 -2.22871e-19 
1.52884 0.128628 0 
-0.0267313 0.685721 0 
0.194582 0.157717 -1.26547e-18 
3.08302 -0.397373 0 
2.92445 -0.50598 0 
1.86116 -0.1811 0 
0.51138 0.0400857 0 
-0.0253686 0.52155 0 
-0.00135314 0.494038 1.86233e-18 
-0.0223915 1.40107 0 
0.0749828 2.88471 0 
0.168324 1.73721 0 
-0.0381952 3.16446 0 
0.027356 1.63979 9.40458e-20 
0.0233419 0.686375 0 
-0.147424 0.775093 -2.03079e-22 
-0.193914 1.0291 4.42111e-18 
-0.0415771 1.04471 0 
0.744579 -0.00600496 0 
0.160997 0.246298 6.65491e-19 
0.993596 1.51321 6.52702e-19 
0.650002 0.784455 -5.15898e-19 
0.798686 1.57541 6.19799e-20 
0.416864 0.851534 -3.20006e-19 
0.552302 0.306553 2.93894e-20 
0.296959 0.15364 0 
0.963036 0.566596 0 
0.53258 0.303935 1.32007e-19 
0.257965 0.162784 -1.35458e-19 
0.871596 -0.0554787 0 
3.02784 -0.00170478 0 
3.00685 0.0178656 0 
3.20086 -0.417733 0 
3.04288 -0.0742117 0 
3.03116 -0.0388406 0 
0.0185898 0.90287 -1.14615e-18 
-0.0542677 0.974554 0 
0.00283709 0.455193 0 
-0.0291749 0.981686 0 
-0.0114161 0.481472 0 
-0.0013638 0.869593 0 
-0.0521431 1.11148 0 
-0.012563 0.542052 0 
-0.0253929 1.16294 0 
-0.00593587 0.622104 0 
0.79048 0.0116245 0 
1.16942 -0.00156161 0 
0.618247 0.0123698 0 
1.12578 0.0175987 0 
0.569758 0.00867948 0 
0.225406 0.921982 1.9597e-18 
0.0985378 1.2081 0 
0.176302 1.06604 0 
0.0331901 0.755774 2.19922e-23 
0.0372233 0.498055 -2.9309e-18 
0.0194616 0.747943 0 
0.0059542 0.422033 0 
-0.000695378 0.734548 4.51717e-24 
0.000702447 0.414825 0 
-0.0169204 0.74318 0 
-0.0129373 0.42798 0 
0.0494333 0.649971 0 
0.0484365 0.458217 0 
0.00800449 0.621948 1.23391e-18 
0.000744369 0.344903 0 
-0.0675934 4.69158 0 
0.00895604 1.45761 9.1378e-20 
-0.0104488 0.785125 -1.17635e-19 
0.636081 0.152145 -7.50903e-19 
0.321612 0.0656843 -7.28665e-19 
0.644786 0.169721 -2.25452e-18 
0.317529 0.0955703 -1.45147e-18 
0.0785168 0.618334 0 
0.178561 1.31399 1.84808e-19 
0.179721 0.730344 -2.94864e-19 
2.06031 0.260946 0 
1.10704 0.11845 0 
3.03313 0.103887 0 
3.10392 0.446059 0 
2.83919 0.377459 -1.01274e-17 
2.5781 0.361309 7.77095e-18 
-0.070664 1.26361 0 
-0.0113335 0.623519 0 
-0.0138143 1.9011 0 
-0.0507426 1.34713 0 
-0.0480184 0.679296 0 
0.440307 0.295624 4.00644e-19 
0.225461 0.163358 0 
2.2961 -0.266393 0 
1.32372 -0.119273 0 
1.07632 0.012669 0 
1.01198 0.018765 0 
0.540921 0.0108513 0 
1.01987 0.0563999 0 
0.821213 0.0703254 0 
0.343621 0.0286956 3.3628e-18 
-0.00543498 0.451601 1.77338e-18 
-0.0270312 0.784627 0 
-0.0473173 0.847507 0 
-0.0152739 0.460435 0 
0.000132397 0.839725 1.81587e-18 
7.29699e-05 0.48753 0 
-0.00547892 0.845554 -5.59002e-18 
-0.00488634 0.496761 1.88623e-18 
0.0547454 3.56691 0 
0.0434626 4.02585 0 
-0.0162251 1.41027 -2.05145e-21 
-0.013061 1.36291 0 
-0.00977402 0.741242 0 
1.41018 0.0348844 0 
0.76055 0.0154388 0 
0.709514 0.0142644 0 
1.41618 -0.0328481 0 
0.773515 -0.00873969 0 
0.32205 0.48034 -8.35548e-19 
0.156803 0.232716 0 
0.324951 0.509154 9.36406e-20 
0.163356 0.268426 0 
1.24083 1.38693 1.66421e-19 
0.778703 0.740876 -3.92377e-19 
0.411613 1.42225 0 
0.607215 1.53413 0 
0.303562 0.814856 0 
0.145324 0.353365 -4.42805e-19 
0.607299 0.280716 0 
0.313508 0.134638 3.988e-19 
1.42735 1.30677 0 
1.5867 1.16856 0 
0.874923 0.663932 4.6167e-19 
1.73393 0.953112 0 
1.06861 0.438782 2.32223e-20 
1.47298 0.00813855 0 
1.501 -0.029239 0 
0.801896 -0.00441616 0 
1.95042 -0.199779 0 
1.65082 -0.14818 0 
1.05215 -0.0889696 0 
3.06126 0.164853 0 
3.03105 0.0687875 0 
3.01022 0.0531594 0 
0.035703 1.60536 6.0815e-19 
0.0178635 0.82689 0 
0.0179195 1.69596 1.07966e-18 
0.00301876 0.938695 -9.70639e-19 
0.0646794 1.1525 1.87731e-19 
0.0477106 0.989363 0 
0.0401841 0.528785 0 
-0.0286881 1.00577 0 
-0.00699477 0.517647 0 
0.0181281 1.61522 -4.43267e-21 
-0.018061 0.865374 0 
-0.053957 1.58371 -2.25769e-19 
-0.016124 0.820526 4.37255e-19 
-0.00179201 1.03007 0 
0.0102734 1.0443 0 
4.90064e-05 0.531724 0 
0.0106528 1.17145 0 
0.000904141 0.612631 0 
1.46831 -0.00370318 0 
0.789219 0.00805998 0 
1.44055 0.0331663 0 
0.761793 -0.000557469 0 
0.675382 0.00534462 0 
1.26195 0.0166822 0 
1.20239 0.0473083 0 
0.65969 0.0155561 0 
-0.00580053 1.42077 -1.70199e-20 
0.000184303 1.37708 0 
0.00482008 0.732923 0 
0.00172892 0.417221 0 
0.284433 0.828747 0 
0.253613 0.399729 -2.87111e-19 
-0.00223283 0.635408 0 
-0.00889724 0.367611 0 
0.0118104 4.3383 0 
-0.0484517 4.66412 0 
-0.0178958 4.56619 0 
-0.0718472 3.36696 2.04061e-20 
-0.057745 4.60253 0 
-0.0515503 4.17953 0 
0.00483321 0.818871 1.08129e-20 
0.0141996 1.56193 1.65372e-19 
-0.0358523 1.50245 1.20859e-19 
-0.00745188 0.825663 0 
0.664425 0.105708 1.15323e-18 
0.325684 0.0441634 -1.13018e-18 
0.149646 1.13325 0 
0.100931 0.573355 -2.6921e-19 
0.118095 1.23306 -8.74205e-19 
0.0518368 0.687038 8.69705e-19 
0.809201 0.0240635 0 
1.55677 0.0476796 0 
1.7097 0.127652 0 
0.919845 0.0445228 0 
0.00792956 1.18263 0 
0.0258253 1.1907 0 
0.00449703 0.628083 0 
0.482102 0.315076 1.20354e-18 
0.436838 0.309076 -1.3866e-18 
0.234763 0.164172 0 
1.93551 0.153004 1.15231e-19 
1.13643 0.0932528 0 
1.72437 0.118445 0 
0.883732 0.0226955 0 
0.67817 0.0857386 0 
0.699712 0.0460597 -5.40726e-18 
0.346727 0.0325964 1.99892e-18 
0.00914743 0.807284 1.69356e-18 
0.00222282 0.46251 4.08165e-20 
-0.0108777 1.40842 -3.57986e-20 
0.00613613 1.38675 1.3658e-18 
-0.0149832 0.848955 6.29405e-20 
-0.0119261 0.524486 -2.52893e-22 
-0.107514 1.00068 -1.16482e-18 
-0.0529602 1.3532 8.33952e-19 
-0.0175323 1.35275 -1.35769e-18 
1.42274 -0.0170845 0 
1.44236 0.0203187 0 
0.769872 -0.000177511 0 
1.45218 0.0253834 0 
1.36319 0.0462298 0 
0.761541 0.0203071 0 
1.30062 -0.00215351 0 
1.31867 -0.00584861 0 
0.695054 -0.000986377 0 
0.304847 0.473391 -9.15152e-19 
0.161353 0.242674 0 
0.157148 0.308419 1.36926e-19 
0.309577 0.585871 1.12206e-18 
0.307393 0.548559 -6.64272e-19 
0.156815 0.28189 1.29808e-18 
0.278465 0.717656 2.18135e-18 
0.148252 0.380831 3.93592e-19 
0.636084 0.213091 1.53738e-18 
0.625987 0.253602 3.99297e-19 
0.316618 0.115045 7.49229e-19 
1.92133 0.714644 -5.99614e-19 
1.1677 0.33611 -7.01834e-19 
-0.035129 1.70289 4.6407e-19 
-0.0114113 0.924668 0 
1.6039 0.0239538 0 
1.52191 0.065373 0 
0.852935 0.026859 0 
-0.00355877 1.38473 0 
0.00507421 0.729574 2.49498e-18 
0.0046504 0.731252 0 
0.0020708 0.415097 -2.44202e-18 
-0.0102751 1.38626 5.9562e-19 
-0.00947266 1.4225 0 
0.336539 0.488125 2.57938e-19 
0.360028 0.546388 -8.62935e-19 
0.17183 0.257811 7.81085e-19 
-0.0256692 0.767468 -1.66251e-18 
-0.0261519 0.689734 0 
-0.0154343 0.412938 0 
0.0302148 1.54762 -1.27012e-20 
0.0313956 1.58021 -3.64858e-19 
0.0178848 0.822366 -1.55884e-20 
0.213317 1.04391 8.89894e-19 
0.11963 0.508955 -5.92178e-19 
0.0118589 1.48453 7.30475e-19 
0.0557929 1.35054 -8.15289e-19 
0.0267967 0.76023 3.53023e-20 
0.00751368 1.36614 -3.80731e-18 
-0.000214798 1.39326 4.40909e-18 
0.00377347 0.829776 1.7328e-18 
-0.0138288 0.805094 -1.72527e-18 
-0.00430901 0.481399 -1.73844e-18 
-0.0106511 1.41685 -4.4995e-18 
-0.0152178 1.40032 4.58869e-18 
0.286339 0.674739 0 
0.29975 0.634584 -2.28747e-18 
0.151926 0.331696 9.90247e-19 
0.281179 0.795879 1.18488e-18 
0.138786 0.427466 -1.82827e-18 
2.05701 0.322588 4.15805e-19 
2.05157 0.547737 0 
1.21866 0.220986 -4.01755e-19 
-0.0738473 1.63484 -4.80108e-21 
-0.0141399 1.69024 0 
-0.0157273 0.921681 0 
0.227041 0.944346 -3.22737e-19 
0.248188 0.866375 -7.06789e-19 
0.128781 0.463209 1.32457e-18 
3.16442 -0.442872 0 
3.34728 -0.414685 1.81276e-18 
0.0623659 3.48509 0 
0.0488391 2.80905 0 
3.15925 0.249915 1.4192e-20 
3.12355 0.506296 3.71202e-18 
0.0234376 3.43177 -2.7386e-20 
0.00931382 2.66347 0 
-0.0416469 1.19604 1.55488e-18 
0.190057 1.31637 0 
3.47264 1.62513 -3.24714e-19 
3.17427 0.272573 -2.96098e-20 
3.14838 -0.118696 0 
3.10047 -0.000403965 3.7312e-22 
0.0438944 2.59061 0 
0.15741 3.30033 0 
-0.0549721 2.53488 0 
-0.0230615 3.48779 3.15749e-19 
-0.0248859 3.56868 1.99231e-19 
2.63343 0.0488322 -1.36492e-20 
3.04751 0.0311536 0 
3.15793 0.0868419 0 
-0.0508016 4.6173 0 
-0.0457367 3.08244 0 
-0.0718399 2.93674 0 
0.652567 3.10619 2.65591e-19 
3.33884 -0.422458 0 
3.0114 -0.345809 0 
3.1699 -0.0530367 2.27714e-18 
3.2927 -0.3287 -2.74193e-18 
3.1038 -0.125776 0 
-0.0566903 4.51588 0 
0.0167949 3.9361 0 
0.00875662 4.26645 0 
-0.0265677 3.09727 0 
-0.0129053 2.85254 0 
-0.0305312 2.42557 0 
2.97423 -0.00316917 0 
2.85043 0.0486289 -1.805e-20 
2.24694 3.04947 -3.21466e-19 
3.15695 0.0444553 -2.27821e-18 
3.19037 0.278179 2.76928e-18 
3.0828 0.117338 0 
3.3954 0.328926 2.08723e-18 
3.35695 0.484366 -2.70648e-18 
3.07111 0.418429 0 
-0.0547378 3.34583 0 
0.00584223 3.27593 8.51761e-20 
-0.0302754 2.5748 -6.03459e-20 
3.70792 0.555325 2.26533e-18 
3.47099 0.208502 0 
-0.151984 1.27126 -2.16576e-18 
-0.062434 0.88216 -1.35024e-19 
-0.0848398 1.33672 2.98536e-18 
-0.0352375 1.27045 -8.99546e-19 
-0.000496721 1.08841 0 
-0.0266646 1.23955 6.94803e-19 
-0.115054 1.38786 2.14638e-18 
-0.0590501 1.34056 -1.31404e-18 
-0.0767368 1.32063 0 
1.28928 0.597212 0 
1.17725 0.682375 0 
3.55666 2.02952 9.53433e-19 
3.04991 1.93602 -1.19047e-18 
3.83775 1.70663 0 
3.38429 1.15687 0 
3.34934 0.280496 -3.91671e-18 
2.89884 0.173121 4.83962e-18 
3.35145 -0.155478 0 
2.85479 -0.0761355 0 
3.43642 0.0430265 0 
3.5938 0.145057 0 
3.28683 0.119875 0 
3.55033 0.298581 0 
3.40841 0.293059 0 
3.32755 0.218074 0 
0.0972585 2.79222 0 
0.0343155 2.08071 0 
0.126551 3.05299 0 
0.0927627 2.20669 0 
0.214698 3.59347 0 
0.14008 2.67359 -5.58518e-19 
0.0532585 3.60973 0 
0.0112585 3.01323 4.05574e-19 
-0.0244473 3.20222 -5.16978e-19 
-0.0590147 2.79965 0 
-0.0228885 2.2022 0 
-0.0719381 2.90728 0 
-0.0555261 2.04998 0 
-0.106834 4.7491 -2.45531e-19 
-0.0791188 3.93976 2.77268e-19 
-0.0743274 3.80063 3.09063e-19 
-0.0526795 3.01471 0 
-0.104443 3.80205 -4.58638e-19 
-0.0371063 3.21317 -2.95042e-19 
-0.0809354 4.78144 1.9253e-19 
-0.0934378 4.46432 -3.50461e-19 
-0.0686472 4.33409 -3.78916e-19 
3.03133 0.0883891 3.35847e-18 
2.28959 0.0321831 -4.22961e-18 
2.89131 0.132847 -3.3274e-18 
2.20957 0.0734902 4.15611e-18 
3.36858 0.0277293 0 
2.64307 -0.00265016 0 
3.45416 0.0913608 0 
3.32025 0.0192926 0 
2.70666 0.00922913 0 
3.68031 0.239652 0 
3.43884 0.0960083 0 
2.8637 0.0565213 0 
-0.0210802 4.33472 -1.20277e-20 
-0.053867 4.65316 0 
-0.0592102 4.54865 0 
-0.0747026 3.50332 8.77094e-20 
-0.0373322 2.77677 -3.46493e-21 
-0.0792021 4.66996 1.13489e-19 
-0.0932336 4.45875 -1.14687e-19 
-0.0770819 3.95706 0 
-0.0552346 3.87729 0 
-0.0187705 3.99397 0 
-0.0707541 3.25768 0 
-0.0425892 2.30229 0 
0.948797 3.66264 -6.08555e-19 
0.921368 2.85398 -1.76258e-19 
0.430099 2.05233 -2.28144e-19 
0.252088 2.29851 6.96812e-19 
1.02328 4.19963 2.6378e-19 
3.43308 -0.167421 0 
3.32213 -0.256546 0 
2.88327 -0.189515 0 
3.47032 -0.0643455 0 
3.34581 -0.147864 0 
3.44893 -0.261022 0 
3.5195 -0.283601 0 
3.57949 -0.281129 0 
3.22413 0.0933887 3.61876e-18 
2.55519 0.0645188 -4.57587e-18 
3.09649 0.106579 -3.56222e-18 
2.50909 0.0566757 4.43239e-18 
2.24001 3.41735 0 
1.73986 2.94887 -4.45434e-19 
2.56699 3.34918 -4.03087e-19 
2.36975 2.52984 5.35746e-19 
0.774408 1.2129 2.7219e-18 
1.44675 0.216477 1.34308e-18 
3.72258 0.304264 0 
3.89316 0.572842 -1.84584e-18 
3.29902 0.243967 -8.23336e-20 
3.72079 0.44016 0 
0.23657 1.31232 1.79588e-18 
-0.0166677 1.20198 -2.87604e-18 
0.0587894 0.769956 1.61435e-18 
0.275914 0.46489 -7.47759e-19 
0.187223 1.38373 8.70896e-19 
0.0506325 1.23715 0 
0.0577267 1.08615 -1.13215e-18 
0.191685 1.44296 -4.09167e-18 
0.32896 1.55694 0 
0.00867328 1.2902 1.19575e-19 
-0.0097174 1.45729 -1.3401e-18 
-0.0410143 1.30282 1.94822e-18 
-0.0574433 1.41766 0 
-0.0204757 1.38228 0 
0.681025 1.0498 0 
2.45662 2.45508 -1.06609e-18 
2.64423 2.17395 3.95148e-19 
2.79266 2.88279 0 
3.21305 3.06785 -3.94508e-19 
3.16607 2.41195 2.84649e-20 
0.803622 0.589292 -1.82218e-18 
1.55578 0.691423 -1.6218e-20 
1.23283 0.450977 8.72065e-19 
1.27491 0.843562 5.9499e-20 
0.938714 0.633767 -2.36923e-18 
1.46412 0.7141 0 
1.98967 1.09965 1.45578e-18 
2.03182 1.0156 0 
1.41166 0.790623 0 
1.06186 0.549629 0 
3.37537 2.18024 1.00839e-18 
3.94759 0.760958 -1.86317e-18 
3.84795 1.21615 0 
3.5339 0.757834 0 
1.3913 0.364748 1.33236e-18 
3.25789 1.84223 -8.5142e-19 
2.83419 1.65438 1.54669e-18 
3.75521 1.37711 -1.83571e-18 
3.09793 0.114762 2.46382e-18 
3.16856 0.180818 -2.57877e-18 
2.66183 0.0916429 0 
3.30731 -0.039495 0 
3.20141 -0.0842556 -2.36636e-18 
2.63244 -0.0321093 2.34552e-18 
3.95629 0.0932081 0 
3.75968 0.145656 0 
3.69369 0.155374 0 
3.5883 0.204749 0 
3.83261 0.0590328 0 
3.72611 0.0522539 0 
-0.0401545 2.51436 0 
-0.037762 2.01324 0 
0.356985 3.99035 -4.113e-19 
0.662942 3.33555 -1.59942e-19 
0.259709 3.02967 -3.57856e-19 
0.3439 2.54969 5.73202e-19 
0.458306 4.01626 0 
0.469791 4.672 -5.09821e-19 
0.382963 4.73044 0 
0.910873 4.37496 -3.79455e-19 
0.67287 3.81358 9.68699e-19 
0.597135 4.65377 4.46892e-19 
0.740812 4.20246 -1.87471e-19 
0.602662 4.32785 1.50835e-19 
0.916397 4.65789 -6.63675e-19 
0.749816 4.66205 0 
0.858419 4.5899 5.04469e-19 
0.00697069 4.57123 -1.8113e-19 
-0.0185695 3.64528 0 
0.101483 4.28618 5.49591e-19 
-0.00287134 4.38886 0 
-0.00364437 3.4571 -4.50991e-19 
-0.0152673 2.91044 0 
-0.100071 4.30984 -2.89105e-19 
-0.105689 4.6819 0 
-0.0530555 3.80767 0 
-0.0398698 3.73014 3.25166e-19 
-0.046919 3.88612 1.03824e-20 
-0.0346035 3.7074 6.25849e-19 
-0.0410294 2.94753 4.06831e-21 
-0.113612 4.71013 1.80193e-19 
-0.102491 4.74193 1.0322e-19 
-0.0166302 2.62485 0 
0.00132153 2.13686 0 
-0.0415021 4.78932 4.8624e-19 
-0.0483299 4.31033 4.23925e-19 
-0.0829 4.58589 -5.5417e-19 
0.0163962 4.75858 0 
-0.0774481 4.53432 -3.08907e-19 
-0.116868 4.16717 1.27638e-19 
-0.0840521 4.248 -4.12793e-20 
-0.0697498 4.72903 -2.18905e-19 
-0.0849479 4.26912 -6.85569e-20 
-0.0833554 4.21404 3.06631e-19 
2.87141 0.0610253 -2.36344e-18 
2.85887 0.0497085 2.27291e-18 
2.33859 0.0345588 0 
3.51008 0.192041 3.04637e-18 
2.70366 0.126547 -3.3046e-18 
2.25448 0.0644882 3.6094e-18 
3.68247 0.335347 -4.0162e-19 
3.2099 -0.0485193 0 
3.17213 -0.0135462 2.23691e-18 
2.69091 -0.0123738 -2.21927e-18 
3.87877 0.122256 -1.25232e-19 
3.77177 0.101866 1.07828e-18 
4.15977 0.173506 0 
4.22847 0.181166 -3.75114e-19 
4.01369 0.145247 0 
3.69489 0.155415 0 
4.0323 0.0950925 0 
3.71179 0.0873371 0 
4.18472 0.113898 7.85465e-19 
4.1372 0.0791472 -1.74783e-18 
4.14067 0.1139 -8.47969e-19 
4.1864 0.116542 -9.24445e-19 
4.2157 0.229033 1.77398e-18 
3.85475 0.188643 0 
4.06129 0.301941 0 
-0.0713169 4.57963 -1.35715e-19 
-0.0312969 4.6441 -1.16769e-20 
-0.0645154 4.66071 0 
-0.0540982 4.19564 1.38098e-19 
-0.0522803 4.22335 2.25276e-20 
-0.0571533 4.09117 -2.18338e-20 
-0.0798503 3.5255 2.61145e-19 
-0.142838 4.0056 -1.45126e-20 
-0.101689 4.13313 7.47536e-20 
-0.0737479 3.40145 -1.32247e-19 
-0.024553 2.92392 1.58379e-19 
-0.0744449 4.42939 5.20858e-21 
-0.0874329 4.64258 1.72189e-19 
1.24331 4.36023 3.47344e-19 
1.15946 4.52897 7.25996e-19 
1.73682 3.46683 4.30724e-19 
1.30883 3.5613 1.69438e-19 
1.28661 2.89011 0 
0.548278 2.31818 2.74844e-19 
0.463413 1.74112 3.30633e-19 
0.344903 2.56656 1.50874e-20 
0.491847 3.1723 -1.16114e-18 
0.631292 3.13137 8.76374e-19 
0.432549 2.40379 0 
0.293433 1.97136 -5.57171e-19 
0.259625 3.07664 1.39447e-18 
0.273168 2.7186 -3.13785e-20 
0.157789 2.27535 -1.7477e-18 
0.591296 1.41083 1.46316e-18 
0.576221 1.61653 0 
3.58364 -0.0751493 8.64305e-20 
3.61861 -0.254101 -7.25943e-20 
3.72135 -0.217712 -1.26651e-18 
3.75927 -0.126018 1.28238e-18 
3.67616 -0.0488552 0 
2.4463 3.87168 0 
2.6178 3.91475 0 
2.88945 3.62564 0 
2.73611 3.64273 0 
0.854081 1.39426 -3.3397e-21 
0.611421 1.03896 0 
1.70873 3.38389 1.50198e-20 
1.42061 3.46286 0 
1.32625 2.95005 -1.28358e-18 
1.40675 2.89278 8.24322e-19 
1.79125 0.310396 0 
1.43043 0.262015 3.52045e-19 
2.41163 0.358828 2.19166e-18 
1.78605 0.284835 -7.85383e-19 
1.4263 0.112198 -2.49485e-18 
4.26631 0.79011 -2.56532e-18 
3.85195 0.995216 -3.67211e-20 
3.29688 0.844639 2.06772e-18 
3.87577 0.745476 1.81318e-18 
3.12305 0.465689 -3.04487e-18 
2.91021 0.452162 3.74968e-19 
3.19247 0.682316 -8.18672e-19 
2.97607 0.683406 0 
3.75865 0.563997 1.53757e-18 
4.09565 0.629412 0 
4.09117 0.776488 0 
4.04578 0.415932 8.23625e-19 
4.29665 0.6426 -3.02466e-20 
4.24947 0.715924 -4.52853e-19 
4.1766 0.643307 0 
3.61567 0.130421 1.7181e-18 
4.19 0.183608 2.14409e-18 
4.09068 0.151666 -1.67933e-18 
4.13651 0.240886 -1.44278e-18 
3.74573 0.238222 -2.15627e-18 
3.30287 0.375971 0 
3.40342 0.302415 0 
2.55811 0.190652 -1.26599e-18 
2.10845 0.119116 4.76743e-19 
4.03722 0.352635 1.94024e-18 
4.28774 0.432862 -2.34636e-18 
4.28488 0.489492 2.06879e-18 
4.15712 0.493549 0 
4.25664 0.337318 0 
4.26651 0.322403 -9.81891e-19 
4.2143 0.316174 -1.59644e-18 
2.22658 3.48711 6.20431e-19 
1.93733 3.2307 -6.83305e-19 
1.44555 2.35528 -1.0318e-18 
1.18627 1.99615 2.66822e-19 
0.883687 1.37804 -2.62845e-18 
0.793603 1.21535 9.22046e-19 
0.600723 0.903872 -1.9721e-21 
1.11445 1.7846 -1.13776e-18 
1.14176 1.88169 1.69845e-18 
0.974283 1.70003 5.06031e-19 
0.785889 1.28856 -5.12646e-19 
0.635373 1.07435 0 
2.44548 2.60672 -1.15427e-19 
0.705125 1.14417 8.57173e-19 
0.927701 0.889675 1.15611e-18 
0.755232 0.813583 1.33765e-18 
1.08305 0.746495 1.34107e-18 
1.46685 1.04428 -2.27013e-18 
1.38288 1.07117 1.8393e-18 
1.00176 0.765483 -6.76707e-19 
0.817002 0.567989 1.49454e-18 
1.61547 0.490747 -7.7807e-19 
1.55893 0.50832 0 
1.23952 0.407329 4.60571e-21 
2.50912 1.51586 7.75513e-19 
2.07974 1.27012 -2.80843e-18 
1.68659 1.18436 9.08662e-21 
1.66064 1.09231 0 
2.86198 2.59507 8.73744e-19 
3.44674 2.75291 1.03739e-18 
3.25575 2.9308 -1.19587e-18 
3.5542 2.76347 -4.28351e-19 
3.4843 2.60378 -1.34879e-19 
3.51246 2.79522 1.38771e-19 
3.6742 2.26707 -1.67931e-18 
3.70518 2.49212 4.0071e-19 
3.78367 2.43591 0 
3.78446 2.19166 -5.79662e-19 
4.04895 1.07334 5.80523e-19 
4.27597 0.993192 1.00208e-18 
4.30041 0.966901 1.0116e-18 
4.05502 1.32937 -1.14955e-18 
4.10288 1.3498 0 
4.15253 1.23376 0 
3.32765 1.23573 -1.56067e-20 
2.41769 0.666488 0 
2.72182 0.744042 9.30602e-19 
3.23823 0.885954 -2.64568e-20 
3.77285 1.53469 5.10714e-18 
3.56976 1.76191 1.31104e-18 
3.48089 1.54048 -1.34058e-18 
3.0373 1.36977 1.43734e-18 
2.76059 1.36964 8.23716e-19 
2.3065 1.15588 -7.97751e-19 
3.67221 -0.0855425 1.98454e-18 
3.8947 -0.028932 0 
3.85894 -0.0665485 1.34201e-18 
3.74291 -0.0594081 -2.98762e-18 
3.98056 0.0373781 1.4619e-18 
3.90444 0.113428 -3.08281e-18 
3.73986 0.128037 0 
3.55625 0.173471 -6.28519e-19 
3.81197 0.122982 1.60521e-18 
3.69195 0.191385 -8.22523e-19 
3.6003 0.171079 5.9069e-19 
-0.0801903 2.59292 0 
-0.0467781 3.40013 0 
-0.0319319 2.46375 0 
-0.0215866 1.97222 0 
0.0462486 3.94241 6.70621e-19 
0.140125 3.72388 -1.72923e-19 
0.317196 4.64496 -2.29732e-19 
0.252974 4.46245 2.42631e-19 
-0.0248023 4.29518 -4.97548e-19 
0.0121841 4.32722 3.73616e-19 
0.0958225 3.87122 2.22708e-20 
0.00992386 3.55872 -4.6707e-19 
-0.0123176 3.31051 -6.22645e-20 
-0.0391038 3.67271 -5.67388e-20 
0.153212 4.47416 -5.86961e-19 
0.178415 4.28754 0 
0.275707 4.63461 2.96407e-19 
0.268933 4.70946 2.52973e-19 
0.595842 4.44407 -2.26016e-19 
0.407994 3.77963 0 
0.457145 3.6275 -1.11476e-18 
0.55978 3.99637 7.899e-19 
0.480013 4.5616 -6.14779e-19 
0.370419 4.4318 3.30759e-19 
0.299362 4.15322 0 
-0.0342758 4.76161 -5.53261e-19 
-0.0740867 4.52576 -6.41445e-19 
-0.0752326 4.73917 0 
-0.0284729 4.35872 -6.24735e-21 
-0.0185726 4.64064 2.74267e-19 
-0.118078 3.88341 4.47126e-20 
-0.0549296 3.48818 -6.53875e-19 
-0.0951121 3.92625 1.74194e-19 
-0.135011 4.51888 2.32418e-19 
-0.0756009 4.32931 0 
-0.0593484 3.88835 0 
-0.0819008 2.90023 2.00913e-19 
-0.0472451 3.63389 -6.26943e-20 
-0.0724186 3.62131 0 
-0.0879585 2.68914 1.58187e-19 
-0.0462168 2.19544 -3.06497e-19 
3.76103 0.0323496 0 
3.7319 0.00775176 -2.03269e-19 
4.1795 0.0679726 -1.43989e-18 
4.08911 0.0463228 0 
3.87634 0.0178335 0 
4.14973 0.0370673 -1.2525e-20 
4.1003 0.0349606 2.37884e-18 
4.0001 0.0802233 2.84557e-18 
3.75586 0.118678 0 
3.55801 0.110064 0 
4.01332 0.0939753 1.41742e-18 
3.70324 0.116151 0 
3.47209 0.128887 0 
-0.080729 4.69936 0 
-0.106132 4.66796 1.06728e-20 
-0.0766116 4.7195 6.29635e-20 
-0.0604156 3.83406 0 
-0.111772 4.53643 1.11254e-19 
-0.0674904 4.24209 -6.33841e-20 
-0.0536586 3.93151 0 
1.41001 4.18543 0 
1.20927 4.58053 -1.29798e-18 
1.22457 4.48824 0 
1.57389 4.48727 1.48434e-18 
1.59328 4.12151 0 
1.50163 4.37176 -6.06504e-19 
1.01129 2.24234 -3.39444e-20 
0.709035 1.64518 -1.74447e-18 
0.590583 1.22734 2.12841e-18 
0.708589 1.83468 3.96764e-19 
0.974842 2.42379 0 
1.03622 2.37889 0 
0.718248 1.68709 0 
0.532237 1.32992 -1.39506e-18 
1.20848 3.77448 -9.83377e-19 
1.12858 2.9885 -2.35476e-19 
1.32667 3.40456 1.92579e-19 
0.59913 2.04051 0 
0.620084 1.94231 0 
0.462134 1.57086 -3.92668e-19 
0.957465 2.72004 0 
2.68709 3.57099 0 
2.38111 3.00845 -1.45449e-18 
2.54575 3.02685 -8.58702e-20 
2.41959 3.40425 0 
2.28548 3.14924 2.22098e-18 
3.27797 3.08683 -3.89677e-19 
3.13405 3.32509 0 
3.11645 3.15146 6.30403e-19 
2.8704 3.4127 0 
2.88188 3.20076 0 
1.20908 2.00605 -9.30351e-19 
1.41385 2.40304 -6.99476e-19 
1.75333 2.98148 1.20591e-18 
1.69551 2.95946 -3.6222e-19 
1.06225 1.82198 0 
1.20666 2.20819 4.71074e-19 
0.718329 1.28853 -7.15145e-19 
0.581548 1.04333 -5.60137e-22 
1.93702 3.69544 0 
2.19887 3.74283 -5.42573e-19 
2.33811 3.98622 0 
2.28407 0.529021 0 
1.61734 0.34191 0 
1.20901 0.276587 0 
2.20912 0.554268 -1.46517e-18 
1.63527 0.402197 8.17196e-19 
2.14561 0.129125 -9.85111e-19 
2.62659 0.297533 0 
2.46566 0.30165 4.13464e-19 
1.76987 0.13572 1.6329e-18 
1.53025 0.0812685 -1.03698e-18 
0.745486 1.55581 8.57978e-19 
0.959698 1.82027 0 
0.537612 1.43995 1.56076e-18 
0.523801 1.61476 -1.42512e-18 
0.757109 1.8144 -9.8827e-19 
2.07323 2.46253 1.33761e-18 
2.09657 2.71191 0 
1.58335 1.67801 -2.76327e-19 
2.00955 1.98935 1.74495e-18 
1.35976 1.29252 -4.23551e-19 
1.58856 1.31337 4.50656e-19 
2.10949 1.51317 1.02311e-18 
2.44262 1.67093 0 
2.27591 1.85603 0 
2.00981 1.60596 0 
3.9568 2.07993 3.84467e-19 
3.75979 1.8898 -1.26347e-18 
3.8172 2.02813 1.0467e-18 
3.90105 1.77152 -1.00825e-18 
4.15789 1.67394 0 
4.11697 1.84114 -2.97814e-19 
2.84042 1.16333 -1.89718e-18 
2.97078 1.16344 -2.41286e-18 
2.33193 1.04356 1.45634e-18 
2.13822 0.93443 -1.41975e-18 
2.46346 0.846176 -1.17805e-18 
2.17853 0.776945 1.44875e-18 
4.00845 0.0334779 -1.52882e-18 
4.05276 0.0406922 3.13006e-18 
3.76797 -0.0658789 1.90081e-18 
3.79119 -0.0737696 -2.28667e-18 
3.95955 0.010577 0 
4.05604 0.0228816 -3.72963e-18 
0.0965085 4.76147 1.06541e-19 
0.0673278 4.73216 0 
0.189369 4.73146 9.53509e-19 
0.210949 4.74924 -8.6747e-19 
0.230843 4.71912 4.28428e-19 
0.121835 4.65924 0 
-0.100794 4.77111 0 
-0.106586 4.40462 -6.18474e-20 
-0.105489 4.33396 5.54358e-20 
-0.114219 4.48267 7.18824e-21 
-0.104897 4.72116 -1.01163e-19 
-0.0820277 4.7088 5.50863e-20 
1.87526 4.00953 -1.64314e-18 
1.81622 4.01601 1.74007e-18 
1.68393 4.40662 -8.54177e-19 
1.69261 4.27726 7.6119e-20 
2.25267 4.08667 0 
1.85455 4.22028 -6.35413e-19 
1.98181 3.96012 6.16257e-19 
1.82383 4.38117 8.34373e-19 
2.07656 4.21941 0 
2.22801 4.10041 0 
1.13804 3.63048 1.4949e-18 
0.826401 2.81092 2.02308e-18 
0.954112 2.98929 -1.38944e-18 
0.746324 2.9709 -2.3187e-19 
0.902142 3.72997 4.66258e-19 
0.721857 3.36245 -1.13389e-18 
0.745607 1.46548 -1.21463e-18 
0.746089 1.31671 0 
0.602445 1.11431 -1.33506e-18 
1.11071 2.06367 0 
1.08768 2.1506 0 
1.35836 2.19065 -1.09047e-18 
1.0643 2.01401 -1.03589e-18 
1.01667 2.0349 1.09857e-18 
1.03094 1.51905 0 
1.41013 1.76162 -6.01165e-19 
1.62703 2.1188 -8.55358e-19 
1.41057 2.08241 0 
0.867659 1.81829 7.1238e-19 
0.779576 1.67937 0 
2.90583 2.2888 -1.84695e-18 
3.31875 2.47056 2.60913e-18 
3.27745 2.19306 -2.59322e-18 
2.61011 2.02076 -2.31164e-19 
2.72471 1.94024 -9.74093e-19 
1.26166 2.18953 7.96077e-19 
1.31579 2.24434 -1.35976e-18 
1.45381 2.3293 1.79259e-18 
1.78999 2.55929 -1.16511e-18 
1.88855 2.93198 -1.56705e-18 
1.56284 2.48836 -1.18788e-19 
1.63257 2.62787 1.37111e-18 
1.80966 2.69275 9.66062e-20 
2.01753 2.99846 6.49928e-19 
))
(300 (2 10 3 0 0 919 1018)(
0 0 0 
0 0 0 
0 0 0 
0 0 0 
0 0 0 
0 0 0 
0 0 0 
0 0 0 
0 0 0 
0 0 0 
0 0 0 
0 0 0 
0 0 0 
0 0 0 
0 0 0 
0 0 0 
0 0 0 
0 0 0 
0 0 0 
0 0 0 
0 0 0 
0 0 0 
0 0 0 
0 0 0 
0 0 0 
0 0 0 
0 0 0 
0 0 0 
0 0 0 
0 0 0 
0 0 0 
0 0 0 
0 0 0 
0 0 0 
0 0 0 
0 0 0 
0 0 0 
0 0 0 
0 0 0 
0 0 0 
0 0 0 
0 0 0 
0 0 0 
0 0 0 
0 0 0 
0 0 0 
0 0 0 
0 0 0 
0 0 0 
0 0 0 
0 0 0 
0 0 0 
0 0 0 
0 0 0 
0 0 0 
0 0 0 
0 0 0 
0 0 0 
0 0 0 
0 0 0 
0 0 0 
0 0 0 
0 0 0 
0 0 0 
0 0 0 
0 0 0 
0 0 0 
0 0 0 
0 0 0 
0 0 0 
0 0 0 
0 0 0 
0 0 0 
0 0 0 
0 0 0 
0 0 0 
0 0 0 
0 0 0 
0 0 0 
0 0 0 
0 0 0 
0 0 0 
0 0 0 
0 0 0 
0 0 0 
0 0 0 
0 0 0 
0 0 0 
0 0 0 
0 0 0 
0 0 0 
0 0 0 
0 0 0 
0 0 0 
0 0 0 
0 0 0 
0 0 0 
0 0 0 
0 0 0 
0 0 0 
))
(300 (2 11 3 0 0 1019 1026)(
3 0 0 
3 0 0 
3 0 0 
3 0 0 
3 0 0 
3 0 0 
3 0 0 
3 0 0 
))
(300 (2 12 3 0 0 1027 1030)(
0 1 0 
0 1 0 
0 1 0 
0 1 0 
))
(300 (2 13 3 0 0 1031 1038)(
0.171819 1.05423 0 
-0.0596608 1.27057 -1.22311e-19 
0.0749828 2.88471 0 
-0.0381952 3.16446 0 
-0.0675934 4.69158 0 
0.0434626 4.02585 0 
-0.0178958 4.56619 0 
-0.0515503 4.17953 0 
))
(300 (2 14 3 0 0 1039 1072)(
0 0 0 
0 0 0 
0 0 0 
0 0 0 
0 0 0 
0 0 0 
0 0 0 
0 0 0 
0 0 0 
0 0 0 
0 0 0 
0 0 0 
0 0 0 
0 0 0 
0 0 0 
0 0 0 
0 0 0 
0 0 0 
0 0 0 
0 0 0 
0 0 0 
0 0 0 
0 0 0 
0 0 0 
0 0 0 
0 0 0 
0 0 0 
0 0 0 
0 0 0 
0 0 0 
0 0 0 
0 0 0 
0 0 0 
0 0 0 
))
(300 (2 15 3 0 0 1073 1072)(
))
