(0 "FOAM to Fluent data File")

(33 (918 3444 1074))
(300 (1 1 1 0 0 1 918)(
23.4687
23.5755
0.953091
22.8861
1.01747
23.0919
3.27196
13.7845
19.2419
2.93398
2.62538
14.408
20.6349
16.8763
12.9925
0.924808
14.0515
2.24598
18.4596
1.39836
12.9917
20.4474
21.5361
19.2837
14.1208
14.3715
18.5972
1.14532
0.107782
0.255012
0.97933
0.411046
0.147491
21.6288
22.3055
22.2438
15.4945
10.4021
3.59717
3.80173
2.98243
2.80541
13.8272
13.9271
5.86671
13.7634
13.7591
16.6435
19.11
19.2536
19.5468
19.3358
19.7222
5.9736
2.78516
2.60512
2.87605
2.95046
2.98288
2.69773
2.67925
2.48304
2.33711
13.8874
14.4811
14.5363
14.2675
14.2151
22.4515
21.6946
22.0293
21.1357
21.2811
20.211
19.8254
17.252
17.6044
16.4782
16.0974
12.7829
12.744
13.2124
13.4622
0.145523
1.07582
1.22295
14.0585
14.095
14.095
14.1095
8.28231
2.18783
2.19058
17.9
17.4764
20.4814
20.7486
20.1956
20.0101
1.53023
1.52621
1.15088
1.18157
0.950774
13.333
13.4872
19.2351
18.402
14.1544
14.0544
14.1294
11.4995
13.9097
13.983
15.321
15.7765
14.9658
15.4023
18.1672
17.7492
19.0338
19.471
0.393176
0.154554
0.68745
0.318198
0.516518
15.3629
15.1574
15.6105
15.6613
15.8925
10.4069
10.3375
10.3809
10.3008
4.14905
4.46366
2.25478
2.56935
2.42022
9.86546
13.9434
13.9902
4.81061
5.51497
5.17829
6.34946
6.72385
16.0091
16.4457
16.1845
17.7308
16.9357
17.2839
19.813
19.3022
19.6027
6.36811
6.60251
5.60776
5.24906
2.23805
2.48763
2.42967
2.98185
2.95989
3.21756
3.34596
2.69831
2.55492
2.89331
2.77673
2.82882
2.16636
2.03653
13.6114
13.3975
14.1504
14.329
15.0962
14.9479
14.6545
14.8232
19.0205
19.424
19.4575
19.0733
11.5446
10.1551
13.7167
13.9922
0.302164
0.264646
0.13829
0.380783
0.400807
0.142773
2.01548
1.82694
1.40532
1.68065
14.0561
14.0159
8.52291
8.74254
8.11878
7.86262
16.3141
16.4644
17.0985
16.6983
1.96289
1.67664
1.80649
13.6502
13.5227
13.6295
10.9346
10.368
11.9772
12.247
13.9911
14.0349
14.0309
15.6807
15.9991
19.8219
20.0925
19.9194
20.3052
21.368
21.0193
20.6345
14.5387
14.9471
14.7855
16.1278
15.7614
15.9809
15.1888
15.4935
15.3514
10.3692
10.4155
10.119
10.1969
10.2455
10.1925
9.80267
9.6757
14.0768
14.0319
14.0559
7.25193
7.74999
4.86885
4.54006
12.5433
13.2165
12.8921
18.6502
17.9726
18.7056
18.3347
17.8847
18.2082
10.4263
10.388
10.4213
14.9166
14.2544
14.6064
2.44101
2.07682
2.23994
8.93851
9.03191
6.97055
7.58714
7.25026
16.3008
16.6411
17.3213
16.433
16.9007
17.408
17.1861
9.9387
10.0715
9.9884
9.65912
9.55267
9.73473
8.33525
8.94857
3.61254
4.26893
3.96493
9.1999
9.42986
9.27712
18.6297
19.1645
0.765856
1.15325
19.5946
19.3183
0.138929
0.241772
14.253
12.5506
7.26218
17.1969
16.6295
18.9693
3.19223
6.10233
2.81014
3.38059
2.68632
14.6152
14.2491
13.3402
0.452933
1.25631
1.70969
2.89575
18.4101
17.7349
18.8511
19.1712
19.2256
0.687542
0.912856
0.584167
1.24278
1.03138
1.27637
15.5506
15.6487
4.32316
18.8581
19.1624
19.1801
17.6569
18.6095
17.667
0.935344
0.642264
0.707251
10.0802
12.1212
14.2132
13.7658
13.9628
13.9849
13.7358
14.8691
14.5386
14.5035
14.9883
13.9659
13.8206
7.73399
6.38287
8.06844
7.7088
17.0983
16.6862
16.4931
16.2387
18.0845
17.6106
18.4609
17.8494
18.3112
18.598
2.94331
3.133
3.01174
2.52035
6.14312
6.60571
5.48791
5.63334
4.25915
2.42918
2.52765
2.75366
2.58438
2.93129
2.67892
2.94286
2.5792
2.32354
2.32173
2.93106
2.73896
2.6045
14.5935
14.532
14.3329
14.3709
14.3533
14.4691
13.5347
13.9394
13.5672
12.3983
12.9794
12.5067
0.825438
0.663003
0.524869
1.3238
1.35085
1.11111
0.834762
1.17391
1.20205
0.814551
1.54567
1.44555
3.15519
2.64367
8.83978
7.9675
6.90088
16.8001
17.6019
16.7716
18.0123
18.4293
18.5347
18.1551
17.6469
15.7294
15.7245
15.3847
15.3381
4.77056
3.7312
4.96662
4.5357
10.4774
14.0649
11.8422
10.8034
11.0997
13.4238
13.9284
13.5807
13.7177
13.2928
12.8209
13.5128
13.0466
13.1479
12.9269
15.7173
16.1925
15.799
15.2195
15.2395
10.5984
12.0151
5.46514
5.63914
7.24372
6.53754
13.5093
13.9323
13.9171
13.5555
13.7433
13.7444
13.6052
13.7794
13.8592
13.7538
11.8241
10.1435
9.04479
9.03837
14.0763
12.3457
12.93
12.4134
16.1201
16.6365
16.2512
15.6457
16.1307
15.6025
15.6298
15.8429
17.2011
16.9507
16.7205
17.1073
3.05475
3.00351
3.64707
3.13305
3.03624
2.81924
3.48357
4.75808
4.41581
6.71811
7.26885
4.57982
3.37247
3.7927
4.80776
5.54111
5.5109
3.96919
4.50096
4.92997
4.44045
5.22404
4.72858
2.7179
3.02532
2.86343
2.83719
3.38182
3.88013
3.3757
2.48074
2.59285
2.25711
2.11937
3.53624
2.99624
3.03311
3.67878
1.10634
1.32863
1.44097
2.41406
1.91321
1.97899
15.1821
14.8262
14.9599
14.2391
14.3065
14.2477
13.8721
15.2396
14.9616
15.061
13.7095
13.7963
13.6095
13.9048
14.3208
14.6201
15.4519
15.173
14.4121
14.5631
14.214
14.1423
13.4643
12.9013
12.8408
1.11239
0.824515
0.984104
0.911016
0.60622
0.798594
2.18319
1.57276
1.97059
1.72634
1.95965
1.4038
1.30242
4.25286
5.06379
3.96342
3.36489
3.06181
8.89821
9.00973
8.1584
7.85644
8.19798
8.42663
8.37635
7.13423
7.56124
7.37428
9.91512
9.57942
17.5863
17.5304
17.2016
17.0427
17.2692
5.76211
7.66494
6.79879
7.91494
10.2063
10.5019
9.31056
8.70473
9.45603
9.53397
14.0466
14.1227
13.5637
14.0495
14.078
11.8347
12.8819
13.4968
13.3113
13.8311
13.912
12.973
13.5617
13.477
12.7597
12.8126
12.1275
12.466
11.9941
11.7931
14.0557
13.9504
14.2202
13.771
14.1503
13.7146
14.0299
14.0278
14.3084
13.4104
12.8317
12.8501
13.2764
12.9765
13.3224
13.4866
9.30816
9.94825
10.3869
10.9227
10.6299
10.412
10.2792
10.581
10.5578
10.8291
10.7484
10.5993
11.5602
13.4155
13.7005
13.8019
13.599
13.6452
13.3378
13.6106
13.5399
13.9192
14.0071
14.0568
13.1375
13.2935
13.4883
13.3721
11.6748
10.0967
9.94886
9.50887
7.57648
8.04618
11.0251
9.90192
8.91713
8.98908
12.1682
10.8056
11.6189
12.0421
10.6937
10.3057
12.9708
13.7589
13.9788
13.703
12.0599
12.1856
12.6353
13.0786
13.2678
13.7235
15.8599
16.4355
16.5134
16.2375
16.0995
16.1994
15.9495
16.0525
16.5266
16.6532
16.4844
2.88022
2.99389
2.92387
2.84923
3.08565
2.86123
3.95635
3.94728
3.15667
3.33692
3.35683
3.46227
2.93132
2.97441
4.82632
5.06195
5.33362
4.8321
6.17529
6.81617
7.39746
7.08306
5.78967
5.86896
6.18422
3.50751
3.53337
3.2517
3.70927
3.76194
2.61176
2.23923
2.04434
2.56552
2.66665
2.05153
1.76863
1.81785
2.33221
2.05107
1.80504
14.9746
14.733
14.7543
14.5341
14.5887
14.9836
15.2044
15.0145
15.1529
15.2039
14.803
14.6919
14.863
1.81872
1.49346
1.6228
1.58104
1.64346
1.5499
1.7381
7.60544
6.41556
6.80302
5.97842
4.12039
4.64131
9.5385
9.95993
9.9984
9.70955
9.4995
9.86527
9.71605
9.70878
8.26307
9.33173
8.86767
9.26044
9.28184
9.34956
9.06422
9.08042
10.5841
10.6177
9.48265
10.1223
9.33101
7.93181
8.09882
9.11248
10.0861
10.4042
10.2494
9.97946
9.75085
10.1139
10.1686
10.2287
10.2179
8.75145
8.71135
8.31079
13.9683
13.8748
14.0214
14.0265
14.1534
13.9784
13.8154
14.0926
14.1469
13.9312
11.0772
11.1361
11.3819
12.1286
12.1806
12.0915
11.3362
13.1003
12.7559
13.3938
13.3406
13.413
13.0033
12.8265
13.0968
10.0804
11.4534
10.9863
11.2495
10.0629
9.30646
13.2231
13.2772
13.3425
13.6155
13.5735
14.1569
15.8298
15.6997
15.747
15.7901
15.4018
15.439
4.17543
3.82933
4.55097
4.50647
4.06461
3.76468
2.28665
1.96876
1.78093
1.65616
1.88945
1.95055
8.16227
8.18931
6.33373
7.35524
5.87601
4.93424
4.78963
5.95537
7.13663
7.19548
8.51307
9.18913
8.74829
8.57353
7.91788
8.24744
10.1157
10.2101
10.1106
10.4295
9.96226
11.7119
11.2941
11.643
13.2569
12.9666
12.3685
12.2551
12.2199
12.8129
11.9472
11.1789
11.8914
12.5468
12.505
11.1176
10.8726
11.2993
11.2833
10.1975
10.7176
10.4796
10.8321
10.5474
))
(300 (1 10 1 0 0 919 1018)(
23.4687
23.5755
0.953091
22.8861
23.0919
3.27196
13.7845
2.93398
2.62538
14.408
20.6349
16.8763
12.9925
14.0515
2.24598
18.4596
1.39836
12.9917
19.2837
14.1208
14.3715
18.5972
1.14532
21.6288
15.4945
3.80173
2.80541
13.9271
5.86671
13.7591
16.6435
2.60512
2.95046
2.67925
2.33711
13.8874
14.5363
14.2151
21.2811
19.8254
17.6044
16.0974
12.744
13.4622
14.095
14.1095
2.19058
17.4764
20.0101
1.52621
0.950774
13.4872
18.402
14.1294
11.4995
13.983
15.321
15.4023
17.7492
19.471
15.1574
15.6105
15.8925
4.46366
2.42022
13.9902
5.17829
6.72385
16.1845
17.2839
2.42967
2.95989
2.82882
2.03653
13.3975
14.329
15.0962
14.8232
19.0733
13.9922
14.0159
16.3141
16.6983
1.80649
13.6295
10.368
12.247
14.0309
15.9991
20.3052
14.7855
15.9809
15.3514
14.0559
7.74999
12.8921
18.3347
14.6064
16.9007
8.94857
))
(300 (1 11 1 0 0 919 926)(
23.4687
22.8861
19.2419
20.4474
19.2536
19.7222
20.4814
19.6027
))
(300 (1 12 1 0 0 919 922)(
23.5755
23.0919
22.2438
22.0293
))
(300 (1 13 1 0 0 919 926)(
0
0
0
0
0
0
0
0
))
(300 (1 14 1 0 0 919 952)(
1.01747
0.924808
0.147491
10.4021
5.9736
2.98288
1.22295
8.28231
0.516518
10.3375
10.3008
9.86546
6.60251
5.24906
3.34596
2.55492
10.1551
2.01548
1.68065
8.74254
7.86262
10.4155
10.119
10.1925
9.6757
4.54006
10.4213
2.23994
9.03191
7.25026
9.9884
9.55267
3.96493
9.27712
))
(300 (1 15 1 0 0 919 2754)(
23.4687
23.4687
23.5755
23.5755
0.953091
0.953091
22.8861
22.8861
1.01747
1.01747
23.0919
23.0919
3.27196
3.27196
13.7845
13.7845
19.2419
19.2419
2.93398
2.93398
2.62538
2.62538
14.408
14.408
20.6349
20.6349
16.8763
16.8763
12.9925
12.9925
0.924808
0.924808
14.0515
14.0515
2.24598
2.24598
18.4596
18.4596
1.39836
1.39836
12.9917
12.9917
20.4474
20.4474
21.5361
21.5361
19.2837
19.2837
14.1208
14.1208
14.3715
14.3715
18.5972
18.5972
1.14532
1.14532
0.107782
0.107782
0.255012
0.255012
0.97933
0.97933
0.411046
0.411046
0.147491
0.147491
21.6288
21.6288
22.3055
22.3055
22.2438
22.2438
15.4945
15.4945
10.4021
10.4021
3.59717
3.59717
3.80173
3.80173
2.98243
2.98243
2.80541
2.80541
13.8272
13.8272
13.9271
13.9271
5.86671
5.86671
13.7634
13.7634
13.7591
13.7591
16.6435
16.6435
19.11
19.11
19.2536
19.2536
19.5468
19.5468
19.3358
19.3358
19.7222
19.7222
5.9736
5.9736
2.78516
2.78516
2.60512
2.60512
2.87605
2.87605
2.95046
2.95046
2.98288
2.98288
2.69773
2.69773
2.67925
2.67925
2.48304
2.48304
2.33711
2.33711
13.8874
13.8874
14.4811
14.4811
14.5363
14.5363
14.2675
14.2675
14.2151
14.2151
22.4515
22.4515
21.6946
21.6946
22.0293
22.0293
21.1357
21.1357
21.2811
21.2811
20.211
20.211
19.8254
19.8254
17.252
17.252
17.6044
17.6044
16.4782
16.4782
16.0974
16.0974
12.7829
12.7829
12.744
12.744
13.2124
13.2124
13.4622
13.4622
0.145523
0.145523
1.07582
1.07582
1.22295
1.22295
14.0585
14.0585
14.095
14.095
14.095
14.095
14.1095
14.1095
8.28231
8.28231
2.18783
2.18783
2.19058
2.19058
17.9
17.9
17.4764
17.4764
20.4814
20.4814
20.7486
20.7486
20.1956
20.1956
20.0101
20.0101
1.53023
1.53023
1.52621
1.52621
1.15088
1.15088
1.18157
1.18157
0.950774
0.950774
13.333
13.333
13.4872
13.4872
19.2351
19.2351
18.402
18.402
14.1544
14.1544
14.0544
14.0544
14.1294
14.1294
11.4995
11.4995
13.9097
13.9097
13.983
13.983
15.321
15.321
15.7765
15.7765
14.9658
14.9658
15.4023
15.4023
18.1672
18.1672
17.7492
17.7492
19.0338
19.0338
19.471
19.471
0.393176
0.393176
0.154554
0.154554
0.68745
0.68745
0.318198
0.318198
0.516518
0.516518
15.3629
15.3629
15.1574
15.1574
15.6105
15.6105
15.6613
15.6613
15.8925
15.8925
10.4069
10.4069
10.3375
10.3375
10.3809
10.3809
10.3008
10.3008
4.14905
4.14905
4.46366
4.46366
2.25478
2.25478
2.56935
2.56935
2.42022
2.42022
9.86546
9.86546
13.9434
13.9434
13.9902
13.9902
4.81061
4.81061
5.51497
5.51497
5.17829
5.17829
6.34946
6.34946
6.72385
6.72385
16.0091
16.0091
16.4457
16.4457
16.1845
16.1845
17.7308
17.7308
16.9357
16.9357
17.2839
17.2839
19.813
19.813
19.3022
19.3022
19.6027
19.6027
6.36811
6.36811
6.60251
6.60251
5.60776
5.60776
5.24906
5.24906
2.23805
2.23805
2.48763
2.48763
2.42967
2.42967
2.98185
2.98185
2.95989
2.95989
3.21756
3.21756
3.34596
3.34596
2.69831
2.69831
2.55492
2.55492
2.89331
2.89331
2.77673
2.77673
2.82882
2.82882
2.16636
2.16636
2.03653
2.03653
13.6114
13.6114
13.3975
13.3975
14.1504
14.1504
14.329
14.329
15.0962
15.0962
14.9479
14.9479
14.6545
14.6545
14.8232
14.8232
19.0205
19.0205
19.424
19.424
19.4575
19.4575
19.0733
19.0733
11.5446
11.5446
10.1551
10.1551
13.7167
13.7167
13.9922
13.9922
0.302164
0.302164
0.264646
0.264646
0.13829
0.13829
0.380783
0.380783
0.400807
0.400807
0.142773
0.142773
2.01548
2.01548
1.82694
1.82694
1.40532
1.40532
1.68065
1.68065
14.0561
14.0561
14.0159
14.0159
8.52291
8.52291
8.74254
8.74254
8.11878
8.11878
7.86262
7.86262
16.3141
16.3141
16.4644
16.4644
17.0985
17.0985
16.6983
16.6983
1.96289
1.96289
1.67664
1.67664
1.80649
1.80649
13.6502
13.6502
13.5227
13.5227
13.6295
13.6295
10.9346
10.9346
10.368
10.368
11.9772
11.9772
12.247
12.247
13.9911
13.9911
14.0349
14.0349
14.0309
14.0309
15.6807
15.6807
15.9991
15.9991
19.8219
19.8219
20.0925
20.0925
19.9194
19.9194
20.3052
20.3052
21.368
21.368
21.0193
21.0193
20.6345
20.6345
14.5387
14.5387
14.9471
14.9471
14.7855
14.7855
16.1278
16.1278
15.7614
15.7614
15.9809
15.9809
15.1888
15.1888
15.4935
15.4935
15.3514
15.3514
10.3692
10.3692
10.4155
10.4155
10.119
10.119
10.1969
10.1969
10.2455
10.2455
10.1925
10.1925
9.80267
9.80267
9.6757
9.6757
14.0768
14.0768
14.0319
14.0319
14.0559
14.0559
7.25193
7.25193
7.74999
7.74999
4.86885
4.86885
4.54006
4.54006
12.5433
12.5433
13.2165
13.2165
12.8921
12.8921
18.6502
18.6502
17.9726
17.9726
18.7056
18.7056
18.3347
18.3347
17.8847
17.8847
18.2082
18.2082
10.4263
10.4263
10.388
10.388
10.4213
10.4213
14.9166
14.9166
14.2544
14.2544
14.6064
14.6064
2.44101
2.44101
2.07682
2.07682
2.23994
2.23994
8.93851
8.93851
9.03191
9.03191
6.97055
6.97055
7.58714
7.58714
7.25026
7.25026
16.3008
16.3008
16.6411
16.6411
17.3213
17.3213
16.433
16.433
16.9007
16.9007
17.408
17.408
17.1861
17.1861
9.9387
9.9387
10.0715
10.0715
9.9884
9.9884
9.65912
9.65912
9.55267
9.55267
9.73473
9.73473
8.33525
8.33525
8.94857
8.94857
3.61254
3.61254
4.26893
4.26893
3.96493
3.96493
9.1999
9.1999
9.42986
9.42986
9.27712
9.27712
18.6297
18.6297
19.1645
19.1645
0.765856
0.765856
1.15325
1.15325
19.5946
19.5946
19.3183
19.3183
0.138929
0.138929
0.241772
0.241772
14.253
14.253
12.5506
12.5506
7.26218
7.26218
17.1969
17.1969
16.6295
16.6295
18.9693
18.9693
3.19223
3.19223
6.10233
6.10233
2.81014
2.81014
3.38059
3.38059
2.68632
2.68632
14.6152
14.6152
14.2491
14.2491
13.3402
13.3402
0.452933
0.452933
1.25631
1.25631
1.70969
1.70969
2.89575
2.89575
18.4101
18.4101
17.7349
17.7349
18.8511
18.8511
19.1712
19.1712
19.2256
19.2256
0.687542
0.687542
0.912856
0.912856
0.584167
0.584167
1.24278
1.24278
1.03138
1.03138
1.27637
1.27637
15.5506
15.5506
15.6487
15.6487
4.32316
4.32316
18.8581
18.8581
19.1624
19.1624
19.1801
19.1801
17.6569
17.6569
18.6095
18.6095
17.667
17.667
0.935344
0.935344
0.642264
0.642264
0.707251
0.707251
10.0802
10.0802
12.1212
12.1212
14.2132
14.2132
13.7658
13.7658
13.9628
13.9628
13.9849
13.9849
13.7358
13.7358
14.8691
14.8691
14.5386
14.5386
14.5035
14.5035
14.9883
14.9883
13.9659
13.9659
13.8206
13.8206
7.73399
7.73399
6.38287
6.38287
8.06844
8.06844
7.7088
7.7088
17.0983
17.0983
16.6862
16.6862
16.4931
16.4931
16.2387
16.2387
18.0845
18.0845
17.6106
17.6106
18.4609
18.4609
17.8494
17.8494
18.3112
18.3112
18.598
18.598
2.94331
2.94331
3.133
3.133
3.01174
3.01174
2.52035
2.52035
6.14312
6.14312
6.60571
6.60571
5.48791
5.48791
5.63334
5.63334
4.25915
4.25915
2.42918
2.42918
2.52765
2.52765
2.75366
2.75366
2.58438
2.58438
2.93129
2.93129
2.67892
2.67892
2.94286
2.94286
2.5792
2.5792
2.32354
2.32354
2.32173
2.32173
2.93106
2.93106
2.73896
2.73896
2.6045
2.6045
14.5935
14.5935
14.532
14.532
14.3329
14.3329
14.3709
14.3709
14.3533
14.3533
14.4691
14.4691
13.5347
13.5347
13.9394
13.9394
13.5672
13.5672
12.3983
12.3983
12.9794
12.9794
12.5067
12.5067
0.825438
0.825438
0.663003
0.663003
0.524869
0.524869
1.3238
1.3238
1.35085
1.35085
1.11111
1.11111
0.834762
0.834762
1.17391
1.17391
1.20205
1.20205
0.814551
0.814551
1.54567
1.54567
1.44555
1.44555
3.15519
3.15519
2.64367
2.64367
8.83978
8.83978
7.9675
7.9675
6.90088
6.90088
16.8001
16.8001
17.6019
17.6019
16.7716
16.7716
18.0123
18.0123
18.4293
18.4293
18.5347
18.5347
18.1551
18.1551
17.6469
17.6469
15.7294
15.7294
15.7245
15.7245
15.3847
15.3847
15.3381
15.3381
4.77056
4.77056
3.7312
3.7312
4.96662
4.96662
4.5357
4.5357
10.4774
10.4774
14.0649
14.0649
11.8422
11.8422
10.8034
10.8034
11.0997
11.0997
13.4238
13.4238
13.9284
13.9284
13.5807
13.5807
13.7177
13.7177
13.2928
13.2928
12.8209
12.8209
13.5128
13.5128
13.0466
13.0466
13.1479
13.1479
12.9269
12.9269
15.7173
15.7173
16.1925
16.1925
15.799
15.799
15.2195
15.2195
15.2395
15.2395
10.5984
10.5984
12.0151
12.0151
5.46514
5.46514
5.63914
5.63914
7.24372
7.24372
6.53754
6.53754
13.5093
13.5093
13.9323
13.9323
13.9171
13.9171
13.5555
13.5555
13.7433
13.7433
13.7444
13.7444
13.6052
13.6052
13.7794
13.7794
13.8592
13.8592
13.7538
13.7538
11.8241
11.8241
10.1435
10.1435
9.04479
9.04479
9.03837
9.03837
14.0763
14.0763
12.3457
12.3457
12.93
12.93
12.4134
12.4134
16.1201
16.1201
16.6365
16.6365
16.2512
16.2512
15.6457
15.6457
16.1307
16.1307
15.6025
15.6025
15.6298
15.6298
15.8429
15.8429
17.2011
17.2011
16.9507
16.9507
16.7205
16.7205
17.1073
17.1073
3.05475
3.05475
3.00351
3.00351
3.64707
3.64707
3.13305
3.13305
3.03624
3.03624
2.81924
2.81924
3.48357
3.48357
4.75808
4.75808
4.41581
4.41581
6.71811
6.71811
7.26885
7.26885
4.57982
4.57982
3.37247
3.37247
3.7927
3.7927
4.80776
4.80776
5.54111
5.54111
5.5109
5.5109
3.96919
3.96919
4.50096
4.50096
4.92997
4.92997
4.44045
4.44045
5.22404
5.22404
4.72858
4.72858
2.7179
2.7179
3.02532
3.02532
2.86343
2.86343
2.83719
2.83719
3.38182
3.38182
3.88013
3.88013
3.3757
3.3757
2.48074
2.48074
2.59285
2.59285
2.25711
2.25711
2.11937
2.11937
3.53624
3.53624
2.99624
2.99624
3.03311
3.03311
3.67878
3.67878
1.10634
1.10634
1.32863
1.32863
1.44097
1.44097
2.41406
2.41406
1.91321
1.91321
1.97899
1.97899
15.1821
15.1821
14.8262
14.8262
14.9599
14.9599
14.2391
14.2391
14.3065
14.3065
14.2477
14.2477
13.8721
13.8721
15.2396
15.2396
14.9616
14.9616
15.061
15.061
13.7095
13.7095
13.7963
13.7963
13.6095
13.6095
13.9048
13.9048
14.3208
14.3208
14.6201
14.6201
15.4519
15.4519
15.173
15.173
14.4121
14.4121
14.5631
14.5631
14.214
14.214
14.1423
14.1423
13.4643
13.4643
12.9013
12.9013
12.8408
12.8408
1.11239
1.11239
0.824515
0.824515
0.984104
0.984104
0.911016
0.911016
0.60622
0.60622
0.798594
0.798594
2.18319
2.18319
1.57276
1.57276
1.97059
1.97059
1.72634
1.72634
1.95965
1.95965
1.4038
1.4038
1.30242
1.30242
4.25286
4.25286
5.06379
5.06379
3.96342
3.96342
3.36489
3.36489
3.06181
3.06181
8.89821
8.89821
9.00973
9.00973
8.1584
8.1584
7.85644
7.85644
8.19798
8.19798
8.42663
8.42663
8.37635
8.37635
7.13423
7.13423
7.56124
7.56124
7.37428
7.37428
9.91512
9.91512
9.57942
9.57942
17.5863
17.5863
17.5304
17.5304
17.2016
17.2016
17.0427
17.0427
17.2692
17.2692
5.76211
5.76211
7.66494
7.66494
6.79879
6.79879
7.91494
7.91494
10.2063
10.2063
10.5019
10.5019
9.31056
9.31056
8.70473
8.70473
9.45603
9.45603
9.53397
9.53397
14.0466
14.0466
14.1227
14.1227
13.5637
13.5637
14.0495
14.0495
14.078
14.078
11.8347
11.8347
12.8819
12.8819
13.4968
13.4968
13.3113
13.3113
13.8311
13.8311
13.912
13.912
12.973
12.973
13.5617
13.5617
13.477
13.477
12.7597
12.7597
12.8126
12.8126
12.1275
12.1275
12.466
12.466
11.9941
11.9941
11.7931
11.7931
14.0557
14.0557
13.9504
13.9504
14.2202
14.2202
13.771
13.771
14.1503
14.1503
13.7146
13.7146
14.0299
14.0299
14.0278
14.0278
14.3084
14.3084
13.4104
13.4104
12.8317
12.8317
12.8501
12.8501
13.2764
13.2764
12.9765
12.9765
13.3224
13.3224
13.4866
13.4866
9.30816
9.30816
9.94825
9.94825
10.3869
10.3869
10.9227
10.9227
10.6299
10.6299
10.412
10.412
10.2792
10.2792
10.581
10.581
10.5578
10.5578
10.8291
10.8291
10.7484
10.7484
10.5993
10.5993
11.5602
11.5602
13.4155
13.4155
13.7005
13.7005
13.8019
13.8019
13.599
13.599
13.6452
13.6452
13.3378
13.3378
13.6106
13.6106
13.5399
13.5399
13.9192
13.9192
14.0071
14.0071
14.0568
14.0568
13.1375
13.1375
13.2935
13.2935
13.4883
13.4883
13.3721
13.3721
11.6748
11.6748
10.0967
10.0967
9.94886
9.94886
9.50887
9.50887
7.57648
7.57648
8.04618
8.04618
11.0251
11.0251
9.90192
9.90192
8.91713
8.91713
8.98908
8.98908
12.1682
12.1682
10.8056
10.8056
11.6189
11.6189
12.0421
12.0421
10.6937
10.6937
10.3057
10.3057
12.9708
12.9708
13.7589
13.7589
13.9788
13.9788
13.703
13.703
12.0599
12.0599
12.1856
12.1856
12.6353
12.6353
13.0786
13.0786
13.2678
13.2678
13.7235
13.7235
15.8599
15.8599
16.4355
16.4355
16.5134
16.5134
16.2375
16.2375
16.0995
16.0995
16.1994
16.1994
15.9495
15.9495
16.0525
16.0525
16.5266
16.5266
16.6532
16.6532
16.4844
16.4844
2.88022
2.88022
2.99389
2.99389
2.92387
2.92387
2.84923
2.84923
3.08565
3.08565
2.86123
2.86123
3.95635
3.95635
3.94728
3.94728
3.15667
3.15667
3.33692
3.33692
3.35683
3.35683
3.46227
3.46227
2.93132
2.93132
2.97441
2.97441
4.82632
4.82632
5.06195
5.06195
5.33362
5.33362
4.8321
4.8321
6.17529
6.17529
6.81617
6.81617
7.39746
7.39746
7.08306
7.08306
5.78967
5.78967
5.86896
5.86896
6.18422
6.18422
3.50751
3.50751
3.53337
3.53337
3.2517
3.2517
3.70927
3.70927
3.76194
3.76194
2.61176
2.61176
2.23923
2.23923
2.04434
2.04434
2.56552
2.56552
2.66665
2.66665
2.05153
2.05153
1.76863
1.76863
1.81785
1.81785
2.33221
2.33221
2.05107
2.05107
1.80504
1.80504
14.9746
14.9746
14.733
14.733
14.7543
14.7543
14.5341
14.5341
14.5887
14.5887
14.9836
14.9836
15.2044
15.2044
15.0145
15.0145
15.1529
15.1529
15.2039
15.2039
14.803
14.803
14.6919
14.6919
14.863
14.863
1.81872
1.81872
1.49346
1.49346
1.6228
1.6228
1.58104
1.58104
1.64346
1.64346
1.5499
1.5499
1.7381
1.7381
7.60544
7.60544
6.41556
6.41556
6.80302
6.80302
5.97842
5.97842
4.12039
4.12039
4.64131
4.64131
9.5385
9.5385
9.95993
9.95993
9.9984
9.9984
9.70955
9.70955
9.4995
9.4995
9.86527
9.86527
9.71605
9.71605
9.70878
9.70878
8.26307
8.26307
9.33173
9.33173
8.86767
8.86767
9.26044
9.26044
9.28184
9.28184
9.34956
9.34956
9.06422
9.06422
9.08042
9.08042
10.5841
10.5841
10.6177
10.6177
9.48265
9.48265
10.1223
10.1223
9.33101
9.33101
7.93181
7.93181
8.09882
8.09882
9.11248
9.11248
10.0861
10.0861
10.4042
10.4042
10.2494
10.2494
9.97946
9.97946
9.75085
9.75085
10.1139
10.1139
10.1686
10.1686
10.2287
10.2287
10.2179
10.2179
8.75145
8.75145
8.71135
8.71135
8.31079
8.31079
13.9683
13.9683
13.8748
13.8748
14.0214
14.0214
14.0265
14.0265
14.1534
14.1534
13.9784
13.9784
13.8154
13.8154
14.0926
14.0926
14.1469
14.1469
13.9312
13.9312
11.0772
11.0772
11.1361
11.1361
11.3819
11.3819
12.1286
12.1286
12.1806
12.1806
12.0915
12.0915
11.3362
11.3362
13.1003
13.1003
12.7559
12.7559
13.3938
13.3938
13.3406
13.3406
13.413
13.413
13.0033
13.0033
12.8265
12.8265
13.0968
13.0968
10.0804
10.0804
11.4534
11.4534
10.9863
10.9863
11.2495
11.2495
10.0629
10.0629
9.30646
9.30646
13.2231
13.2231
13.2772
13.2772
13.3425
13.3425
13.6155
13.6155
13.5735
13.5735
14.1569
14.1569
15.8298
15.8298
15.6997
15.6997
15.747
15.747
15.7901
15.7901
15.4018
15.4018
15.439
15.439
4.17543
4.17543
3.82933
3.82933
4.55097
4.55097
4.50647
4.50647
4.06461
4.06461
3.76468
3.76468
2.28665
2.28665
1.96876
1.96876
1.78093
1.78093
1.65616
1.65616
1.88945
1.88945
1.95055
1.95055
8.16227
8.16227
8.18931
8.18931
6.33373
6.33373
7.35524
7.35524
5.87601
5.87601
4.93424
4.93424
4.78963
4.78963
5.95537
5.95537
7.13663
7.13663
7.19548
7.19548
8.51307
8.51307
9.18913
9.18913
8.74829
8.74829
8.57353
8.57353
7.91788
7.91788
8.24744
8.24744
10.1157
10.1157
10.2101
10.2101
10.1106
10.1106
10.4295
10.4295
9.96226
9.96226
11.7119
11.7119
11.2941
11.2941
11.643
11.643
13.2569
13.2569
12.9666
12.9666
12.3685
12.3685
12.2551
12.2551
12.2199
12.2199
12.8129
12.8129
11.9472
11.9472
11.1789
11.1789
11.8914
11.8914
12.5468
12.5468
12.505
12.505
11.1176
11.1176
10.8726
10.8726
11.2993
11.2993
11.2833
11.2833
10.1975
10.1975
10.7176
10.7176
10.4796
10.4796
10.8321
10.8321
10.5474
10.5474
))
(300 (2 1 3 0 0 1 918)(
2.47629 -0.138943 0 
0.108704 0.722546 0 
0.171782 1.05381 0 
2.31834 0.153728 0 
-0.0596983 1.27092 -1.22324e-19 
-0.0924034 0.643931 -5.31376e-18 
0.530063 0.8497 -2.95323e-19 
0.274314 0.152869 -2.98836e-20 
3.00615 -0.0195607 0 
-0.00826852 0.477022 0 
-0.0172305 0.589669 0 
0.605211 0.00676635 0 
0.0107054 0.439105 0 
-0.00288245 0.421689 0 
0.0134372 0.340815 -1.30509e-18 
-0.00468686 0.768708 -9.20511e-20 
0.312397 0.0742684 2.15207e-18 
0.0797483 0.642582 -2.22915e-19 
1.52884 0.128628 0 
-0.0267112 0.68551 0 
0.194584 0.157718 -1.2655e-18 
3.08302 -0.397373 0 
2.92445 -0.50598 0 
1.86116 -0.1811 0 
0.511381 0.0400857 0 
-0.0253686 0.52155 0 
-0.00135314 0.494038 1.86236e-18 
-0.0223963 1.40056 0 
0.0749276 2.88389 0 
0.16828 1.73661 0 
-0.0382337 3.16533 0 
0.0273288 1.64028 9.40557e-20 
0.0233446 0.686605 0 
-0.147424 0.775093 -2.03083e-22 
-0.193914 1.0291 4.42118e-18 
-0.0415772 1.04471 0 
0.744578 -0.00600497 0 
0.161 0.246301 6.65514e-19 
0.993572 1.51317 6.52771e-19 
0.649986 0.784434 -5.15951e-19 
0.798664 1.57535 6.19893e-20 
0.41685 0.851496 -3.20057e-19 
0.552305 0.306554 2.93901e-20 
0.29696 0.153641 0 
0.963027 0.56659 0 
0.532584 0.303937 1.3201e-19 
0.257967 0.162785 -1.35462e-19 
0.871596 -0.0554787 0 
3.02784 -0.00170478 0 
3.00685 0.0178656 0 
3.20086 -0.417733 0 
3.04288 -0.0742117 0 
3.03116 -0.0388406 0 
0.018599 0.902969 -1.14622e-18 
-0.0542632 0.974452 0 
0.00283768 0.455152 0 
-0.0291628 0.981561 0 
-0.011409 0.481408 0 
-0.00135184 0.869772 0 
-0.0521226 1.11126 0 
-0.0125581 0.541957 0 
-0.0253727 1.16267 0 
-0.0059263 0.621956 0 
0.790479 0.0116245 0 
1.16942 -0.00156168 0 
0.618247 0.0123698 0 
1.12578 0.0175987 0 
0.569758 0.00867944 0 
0.225406 0.921982 1.95974e-18 
0.0985378 1.2081 0 
0.176302 1.06604 0 
0.0331901 0.755774 2.19925e-23 
0.0372233 0.498055 -2.93095e-18 
0.0194616 0.747943 0 
0.0059542 0.422033 0 
-0.000695356 0.734548 4.51726e-24 
0.000702458 0.414825 0 
-0.0169204 0.74318 0 
-0.0129373 0.42798 0 
0.0494343 0.649974 0 
0.0484374 0.458219 0 
0.00800496 0.621949 1.23394e-18 
0.000744604 0.344903 0 
-0.0676359 4.69187 0 
0.00896312 1.45807 9.13877e-20 
-0.0104522 0.785367 -1.17649e-19 
0.636083 0.152146 -7.50921e-19 
0.321613 0.0656844 -7.28682e-19 
0.644788 0.169721 -2.25458e-18 
0.31753 0.0955706 -1.45151e-18 
0.0785247 0.618371 0 
0.178552 1.31391 1.84846e-19 
0.179714 0.730299 -2.94925e-19 
2.06031 0.260946 0 
1.10704 0.11845 0 
3.03313 0.103887 0 
3.10392 0.446059 0 
2.83919 0.377459 -1.01276e-17 
2.5781 0.361309 7.77108e-18 
-0.0706452 1.26322 0 
-0.0113297 0.623323 0 
-0.013815 1.90042 0 
-0.0507081 1.34665 0 
-0.0479994 0.679065 0 
0.440309 0.295626 4.00655e-19 
0.225463 0.163358 0 
2.2961 -0.266393 0 
1.32372 -0.119273 0 
1.07632 0.0126689 0 
1.01198 0.0187649 0 
0.540922 0.0108512 0 
1.01986 0.0563996 0 
0.821214 0.0703256 0 
0.343622 0.0286956 3.36288e-18 
-0.00543499 0.451601 1.77343e-18 
-0.0270312 0.784627 0 
-0.0473175 0.847507 0 
-0.0152739 0.460435 0 
0.000132427 0.839725 1.81591e-18 
7.29816e-05 0.48753 0 
-0.00547891 0.845554 -5.59013e-18 
-0.00488634 0.496761 1.88627e-18 
0.0547134 3.566 0 
0.0434041 4.0251 0 
-0.0162286 1.41074 -2.0516e-21 
-0.01305 1.36335 0 
-0.00977922 0.741487 0 
1.41018 0.0348844 0 
0.760549 0.0154388 0 
0.709514 0.0142643 0 
1.41618 -0.0328482 0 
0.773515 -0.0087397 0 
0.322055 0.480347 -8.35577e-19 
0.156805 0.232719 0 
0.324957 0.509162 9.36438e-20 
0.163359 0.26843 0 
1.2408 1.3869 1.66438e-19 
0.778691 0.74086 -3.92411e-19 
0.411598 1.42218 0 
0.607192 1.53406 0 
0.303549 0.814815 0 
0.145328 0.353374 -4.42823e-19 
0.607302 0.280718 0 
0.31351 0.134639 3.9881e-19 
1.42733 1.30674 0 
1.58668 1.16855 0 
0.874912 0.663921 4.61703e-19 
1.73392 0.953102 0 
1.0686 0.438778 2.3222e-20 
1.47298 0.00813852 0 
1.501 -0.0292391 0 
0.801896 -0.00441618 0 
1.95042 -0.199779 0 
1.65082 -0.14818 0 
1.05215 -0.0889696 0 
3.06126 0.164853 0 
3.03105 0.0687875 0 
3.01022 0.0531594 0 
0.0357113 1.60553 6.08185e-19 
0.0178686 0.826969 0 
0.0179382 1.69618 1.07972e-18 
0.00302865 0.938821 -9.707e-19 
0.0646806 1.15241 1.87768e-19 
0.0477088 0.989269 0 
0.0401849 0.528737 0 
-0.028678 1.00562 0 
-0.00698956 0.51757 0 
0.0181365 1.61553 -4.4329e-21 
-0.0180639 0.865537 0 
-0.0539509 1.58407 -2.25783e-19 
-0.0161282 0.820719 4.37283e-19 
-0.00178596 1.0299 0 
0.0102739 1.04411 0 
5.23807e-05 0.531634 0 
0.0106663 1.17114 0 
0.000911052 0.612463 0 
1.46831 -0.00370336 0 
0.789219 0.00805989 0 
1.44055 0.0331662 0 
0.761792 -0.000557505 0 
0.675382 0.0053446 0 
1.26195 0.0166822 0 
1.20239 0.0473083 0 
0.65969 0.015556 0 
-0.00580053 1.42077 -1.70202e-20 
0.000184312 1.37708 0 
0.0048201 0.732923 0 
0.00172892 0.417221 0 
0.284436 0.828754 0 
0.253615 0.399733 -2.87121e-19 
-0.00223253 0.635409 0 
-0.00889714 0.367611 0 
0.011788 4.33775 0 
-0.0485046 4.66419 0 
-0.0179333 4.56593 0 
-0.0718883 3.36782 2.0413e-20 
-0.0577281 4.60304 0 
-0.051587 4.18027 0 
0.00484309 0.819089 1.08115e-20 
0.014218 1.56238 1.65384e-19 
-0.0358558 1.5029 1.20873e-19 
-0.00744466 0.8259 0 
0.664427 0.105708 1.15326e-18 
0.325684 0.0441634 -1.13021e-18 
0.149658 1.13332 0 
0.100938 0.573383 -2.69224e-19 
0.118112 1.23314 -8.74253e-19 
0.0518463 0.687088 8.69753e-19 
0.809201 0.0240635 0 
1.55677 0.0476796 0 
1.7097 0.127652 0 
0.919845 0.0445228 0 
0.00793656 1.18229 0 
0.0258389 1.19033 0 
0.00450405 0.627904 0 
0.482105 0.315078 1.20357e-18 
0.436841 0.309078 -1.38663e-18 
0.234765 0.164173 0 
1.93551 0.153003 1.15235e-19 
1.13643 0.0932521 0 
1.72436 0.118444 0 
0.883731 0.0226953 0 
0.678171 0.0857387 0 
0.699713 0.0460597 -5.40738e-18 
0.346728 0.0325964 1.99896e-18 
0.00914741 0.807284 1.6936e-18 
0.00222281 0.46251 4.08165e-20 
-0.0108777 1.40842 -3.57992e-20 
0.00613614 1.38675 1.36582e-18 
-0.0149832 0.848955 6.29416e-20 
-0.0119261 0.524486 -2.52898e-22 
-0.107514 1.00068 -1.16484e-18 
-0.0529602 1.3532 8.33967e-19 
-0.0175323 1.35275 -1.35772e-18 
1.42273 -0.0170846 0 
1.44236 0.0203186 0 
0.769872 -0.000177554 0 
1.45218 0.0253834 0 
1.36319 0.0462298 0 
0.761541 0.0203071 0 
1.30062 -0.00215355 0 
1.31867 -0.00584864 0 
0.695054 -0.000986402 0 
0.304852 0.473397 -9.15183e-19 
0.161355 0.242676 0 
0.157152 0.308425 1.36931e-19 
0.309584 0.585882 1.12211e-18 
0.307398 0.548569 -6.64296e-19 
0.156818 0.281895 1.29813e-18 
0.278473 0.717676 2.18144e-18 
0.148257 0.380841 3.93609e-19 
0.636087 0.213092 1.53742e-18 
0.625989 0.253603 3.99307e-19 
0.316619 0.115045 7.49248e-19 
1.92132 0.714637 -5.99645e-19 
1.1677 0.336107 -7.01866e-19 
-0.0351194 1.70314 4.64099e-19 
-0.011407 0.92481 0 
1.6039 0.0239534 0 
1.52191 0.0653728 0 
0.852934 0.0268589 0 
-0.00355879 1.38473 0 
0.00507422 0.729574 2.49503e-18 
0.00465038 0.731252 0 
0.0020708 0.415097 -2.44207e-18 
-0.0102751 1.38626 5.95632e-19 
-0.00947266 1.4225 0 
0.336544 0.488131 2.57946e-19 
0.360032 0.546394 -8.62964e-19 
0.171832 0.257814 7.81111e-19 
-0.0256693 0.767468 -1.66255e-18 
-0.0261518 0.689734 0 
-0.0154343 0.412938 0 
0.0302165 1.54798 -1.27055e-20 
0.0314109 1.58062 -3.64877e-19 
0.0178955 0.822567 -1.559e-20 
0.213332 1.04396 8.89936e-19 
0.119637 0.508977 -5.92206e-19 
0.0118658 1.48467 7.30517e-19 
0.0558069 1.35066 -8.15335e-19 
0.0268041 0.760295 3.53037e-20 
0.00751364 1.36614 -3.8074e-18 
-0.000214807 1.39326 4.40918e-18 
0.00377345 0.829776 1.73284e-18 
-0.0138288 0.805094 -1.72531e-18 
-0.00430902 0.481399 -1.73848e-18 
-0.0106511 1.41685 -4.4996e-18 
-0.0152178 1.40032 4.58878e-18 
0.286347 0.674756 0 
0.299757 0.634598 -2.28756e-18 
0.15193 0.331703 9.90285e-19 
0.281189 0.795904 1.18493e-18 
0.138792 0.42748 -1.82835e-18 
2.057 0.322586 4.15819e-19 
2.05157 0.547733 0 
1.21866 0.220984 -4.01771e-19 
-0.0738516 1.63514 -4.80132e-21 
-0.0141284 1.69051 0 
-0.0157197 0.921843 0 
0.227053 0.944386 -3.22752e-19 
0.248198 0.866407 -7.0682e-19 
0.128787 0.463225 1.32463e-18 
3.16442 -0.442872 0 
3.34728 -0.414685 1.81279e-18 
0.0623547 3.48426 0 
0.0488432 2.80817 0 
3.15925 0.249915 1.4192e-20 
3.12355 0.506296 3.71209e-18 
0.0234023 3.4326 -2.73952e-20 
0.00928198 2.66428 0 
-0.0416466 1.19604 1.55492e-18 
0.19006 1.31638 0 
3.47262 1.62512 -3.2473e-19 
3.17427 0.272573 -2.96098e-20 
3.14838 -0.118696 0 
3.10047 -0.000403979 3.73118e-22 
0.043915 2.59037 0 
0.157468 3.30061 0 
-0.0549196 2.53443 0 
-0.0230092 3.48832 3.15759e-19 
-0.0248389 3.5693 1.99237e-19 
2.63343 0.0488319 -1.36492e-20 
3.04751 0.0311532 0 
3.15793 0.0868413 0 
-0.0508124 4.61734 0 
-0.0456989 3.08329 0 
-0.0717916 2.93595 0 
0.652557 3.10603 2.6563e-19 
3.33884 -0.422458 0 
3.0114 -0.34581 0 
3.1699 -0.0530368 2.27718e-18 
3.2927 -0.3287 -2.74198e-18 
3.1038 -0.125776 0 
-0.0566527 4.51563 0 
0.0168196 3.93534 0 
0.0087629 4.26594 0 
-0.0265208 3.09645 0 
-0.0128825 2.8517 0 
-0.0304789 2.42469 0 
2.97423 -0.00316929 0 
2.85043 0.0486288 -1.805e-20 
2.24691 3.04941 -3.21501e-19 
3.15695 0.0444553 -2.27825e-18 
3.19037 0.278179 2.76933e-18 
3.0828 0.117338 0 
3.3954 0.328926 2.08727e-18 
3.35695 0.484366 -2.70653e-18 
3.07111 0.418429 0 
-0.0547477 3.34672 0 
0.00578518 3.27684 8.51855e-20 
-0.0302792 2.57568 -6.03551e-20 
3.70791 0.555321 2.26541e-18 
3.47099 0.208501 0 
-0.151984 1.27126 -2.16582e-18 
-0.0624332 0.88216 -1.35027e-19 
-0.0848384 1.33672 2.98544e-18 
-0.0352366 1.27045 -8.99569e-19 
-0.000495915 1.08841 0 
-0.0266646 1.23955 6.9482e-19 
-0.115054 1.38786 2.14643e-18 
-0.0590499 1.34056 -1.31407e-18 
-0.0767368 1.32063 0 
1.28929 0.597214 0 
1.17726 0.682378 0 
3.55665 2.02951 9.5348e-19 
3.04989 1.936 -1.19053e-18 
3.83774 1.70662 0 
3.38428 1.15687 0 
3.34934 0.280496 -3.91678e-18 
2.89884 0.173121 4.83972e-18 
3.35145 -0.155478 0 
2.85479 -0.0761356 0 
3.43642 0.0430264 0 
3.5938 0.145057 0 
3.28683 0.119875 0 
3.55033 0.298581 0 
3.40841 0.293059 0 
3.32755 0.218074 0 
0.0972989 2.79193 0 
0.0343397 2.08045 0 
0.126585 3.05272 0 
0.0927595 2.20648 0 
0.214767 3.59372 0 
0.140107 2.67382 -5.58547e-19 
0.0533176 3.61003 0 
0.0113034 3.01358 4.05597e-19 
-0.0244094 3.20264 -5.17004e-19 
-0.0589625 2.79911 0 
-0.0228413 2.20168 0 
-0.0718762 2.90678 0 
-0.0555071 2.04961 0 
-0.106692 4.74928 -2.45543e-19 
-0.0790427 3.94035 2.77269e-19 
-0.0742673 3.80117 3.09074e-19 
-0.052659 3.01536 0 
-0.104367 3.80269 -4.58658e-19 
-0.0370591 3.21394 -2.95053e-19 
-0.0807853 4.78164 1.92544e-19 
-0.0933095 4.46476 -3.50462e-19 
-0.0685382 4.3345 -3.78929e-19 
3.03133 0.0883887 3.35855e-18 
2.28959 0.0321829 -4.22971e-18 
2.89131 0.132847 -3.32747e-18 
2.20957 0.07349 4.15621e-18 
3.36858 0.0277288 0 
2.64307 -0.00265029 0 
3.45416 0.09136 0 
3.32025 0.0192922 0 
2.70666 0.00922885 0 
3.68031 0.23965 0 
3.43884 0.0960073 0 
2.8637 0.0565207 0 
-0.0210717 4.33546 -1.20278e-20 
-0.0538333 4.65336 0 
-0.0591688 4.54918 0 
-0.074654 3.50418 8.77167e-20 
-0.037318 2.77759 -3.46523e-21 
-0.0791169 4.67001 1.13476e-19 
-0.0931914 4.45852 -1.14675e-19 
-0.0770246 3.95645 0 
-0.0551812 3.8766 0 
-0.018697 3.99331 0 
-0.0706993 3.25687 0 
-0.0425503 2.30161 0 
0.948798 3.66247 -6.08627e-19 
0.921339 2.85385 -1.76283e-19 
0.430132 2.05243 -2.28155e-19 
0.25212 2.29866 6.9685e-19 
1.02336 4.19972 2.63791e-19 
3.43308 -0.167421 0 
3.32213 -0.256546 0 
2.88327 -0.189515 0 
3.47032 -0.0643456 0 
3.34581 -0.147864 0 
3.44893 -0.261022 0 
3.5195 -0.283601 0 
3.57949 -0.281129 0 
3.22413 0.0933886 3.61884e-18 
2.55519 0.0645187 -4.57597e-18 
3.09649 0.106579 -3.5623e-18 
2.50909 0.0566756 4.43249e-18 
2.24 3.41729 0 
1.73983 2.94878 -4.4548e-19 
2.56698 3.34914 -4.03119e-19 
2.36971 2.5298 5.35788e-19 
0.774422 1.21292 2.72199e-18 
1.44675 0.216477 1.34311e-18 
3.72257 0.304262 0 
3.89316 0.572839 -1.8459e-18 
3.29902 0.243966 -8.23362e-20 
3.72079 0.440158 0 
0.236576 1.31232 1.79593e-18 
-0.0166649 1.20198 -2.87611e-18 
0.0587923 0.769957 1.61439e-18 
0.275918 0.464892 -7.47778e-19 
0.187227 1.38373 8.7092e-19 
0.0506344 1.23716 0 
0.0577281 1.08616 -1.13219e-18 
0.191689 1.44296 -4.09179e-18 
0.328967 1.55694 0 
0.00867324 1.2902 1.19578e-19 
-0.00971744 1.45729 -1.34013e-18 
-0.0410144 1.30282 1.94827e-18 
-0.0574434 1.41766 0 
-0.0204758 1.38228 0 
0.681034 1.04982 0 
2.45665 2.45509 -1.06612e-18 
2.64421 2.17392 3.95172e-19 
2.79264 2.88276 0 
3.21305 3.06782 -3.94525e-19 
3.16606 2.41192 2.84646e-20 
0.80363 0.589297 -1.82223e-18 
1.55579 0.691425 -1.62181e-20 
1.23283 0.450979 8.72087e-19 
1.27492 0.843568 5.95005e-20 
0.938721 0.633772 -2.36929e-18 
1.46412 0.714103 0 
1.98968 1.09965 1.45582e-18 
2.03184 1.01561 0 
1.41167 0.790627 0 
1.06187 0.549632 0 
3.37538 2.18024 1.00842e-18 
3.94759 0.760954 -1.86323e-18 
3.84794 1.21615 0 
3.53389 0.757829 0 
1.3913 0.364749 1.3324e-18 
3.2579 1.84223 -8.51442e-19 
2.83421 1.65438 1.54673e-18 
3.75522 1.3771 -1.83576e-18 
3.09793 0.114762 2.46387e-18 
3.16856 0.180818 -2.57882e-18 
2.66183 0.0916429 0 
3.30731 -0.0394951 0 
3.20141 -0.0842557 -2.36641e-18 
2.63244 -0.0321093 2.34557e-18 
3.95629 0.0932078 0 
3.75968 0.145656 0 
3.69369 0.155374 0 
3.5883 0.204749 0 
3.83261 0.0590327 0 
3.72611 0.0522538 0 
-0.040122 2.51404 0 
-0.0377371 2.01296 0 
0.357041 3.99013 -4.11321e-19 
0.662942 3.33534 -1.59963e-19 
0.259717 3.02944 -3.57902e-19 
0.343893 2.54951 5.73276e-19 
0.458338 4.01607 0 
0.469886 4.67197 -5.09852e-19 
0.383085 4.7304 0 
0.91096 4.37503 -3.79471e-19 
0.67296 3.81374 9.68737e-19 
0.597225 4.65369 4.46917e-19 
0.740848 4.20232 -1.87487e-19 
0.60271 4.3277 1.50847e-19 
0.916459 4.65783 -6.63711e-19 
0.749868 4.66205 0 
0.858505 4.58988 5.04497e-19 
0.00708437 4.57147 -1.81138e-19 
-0.0185146 3.64569 0 
0.101569 4.28643 5.49611e-19 
-0.00277602 4.38915 0 
-0.00359894 3.45744 -4.51016e-19 
-0.01524 2.91083 0 
-0.0999311 4.3095 -2.89123e-19 
-0.105542 4.68187 0 
-0.0529362 3.8073 0 
-0.0397544 3.72962 3.25185e-19 
-0.0468468 3.88662 1.0385e-20 
-0.0345604 3.70784 6.25878e-19 
-0.0410218 2.94802 4.06851e-21 
-0.113465 4.71024 1.80195e-19 
-0.102339 4.74198 1.03222e-19 
-0.0165827 2.62426 0 
0.00134921 2.13633 0 
-0.0413579 4.78938 4.86251e-19 
-0.0481743 4.31004 4.23928e-19 
-0.0827581 4.58573 -5.54176e-19 
0.0165292 4.75855 0 
-0.0773631 4.53474 -3.08948e-19 
-0.116784 4.16788 1.27664e-19 
-0.0839965 4.24855 -4.12829e-20 
-0.069606 4.72915 -2.18909e-19 
-0.0848303 4.26962 -6.85597e-20 
-0.0832649 4.21449 3.06649e-19 
2.87142 0.0610251 -2.36349e-18 
2.85887 0.0497082 2.27296e-18 
2.3386 0.0345587 0 
3.51009 0.19204 3.04644e-18 
2.70367 0.126547 -3.30468e-18 
2.25448 0.0644879 3.60948e-18 
3.68247 0.335346 -4.0163e-19 
3.20989 -0.0485195 0 
3.17213 -0.0135465 2.23696e-18 
2.69091 -0.0123739 -2.21932e-18 
3.87877 0.122255 -1.25235e-19 
3.77177 0.101866 1.07831e-18 
4.15977 0.173505 0 
4.22847 0.181165 -3.75123e-19 
4.01369 0.145246 0 
3.69489 0.155414 0 
4.0323 0.0950921 0 
3.71179 0.0873368 0 
4.18472 0.113897 7.85483e-19 
4.1372 0.0791465 -1.74787e-18 
4.14067 0.113899 -8.47989e-19 
4.1864 0.116541 -9.24467e-19 
4.2157 0.229032 1.77402e-18 
3.85475 0.188642 0 
4.06129 0.301939 0 
-0.0712024 4.58008 -1.35712e-19 
-0.0313581 4.64442 -1.16766e-20 
-0.0644374 4.66092 0 
-0.0540233 4.19628 1.38092e-19 
-0.0522452 4.22404 2.25288e-20 
-0.0571431 4.092 -2.18342e-20 
-0.0798042 3.52626 2.61156e-19 
-0.142759 4.00629 -1.45138e-20 
-0.101589 4.13372 7.47556e-20 
-0.0737027 3.40225 -1.32258e-19 
-0.0245264 2.92472 1.58392e-19 
-0.0743603 4.42895 5.20876e-21 
-0.087311 4.64253 1.72211e-19 
1.24335 4.36012 3.47378e-19 
1.15951 4.52891 7.26029e-19 
1.7368 3.46674 4.30769e-19 
1.30881 3.56116 1.69461e-19 
1.28658 2.89 0 
0.548318 2.31828 2.74856e-19 
0.463438 1.7412 3.30648e-19 
0.344941 2.56671 1.5089e-20 
0.491903 3.17248 -1.16118e-18 
0.631366 3.13151 8.76413e-19 
0.432589 2.40391 0 
0.293461 1.97148 -5.57198e-19 
0.259675 3.07685 1.39454e-18 
0.273205 2.71877 -3.138e-20 
0.157817 2.27552 -1.74779e-18 
0.591315 1.41087 1.46322e-18 
0.576245 1.61658 0 
3.58364 -0.0751493 8.64321e-20 
3.61861 -0.254101 -7.25957e-20 
3.72135 -0.217712 -1.26653e-18 
3.75927 -0.126018 1.28241e-18 
3.67616 -0.0488553 0 
2.44631 3.87164 0 
2.61782 3.91472 0 
2.88946 3.62561 0 
2.73613 3.64272 0 
0.854097 1.39428 -3.33967e-21 
0.611433 1.03898 0 
1.70878 3.38394 1.50203e-20 
1.42067 3.46292 0 
1.3263 2.95011 -1.28362e-18 
1.4068 2.89283 8.24353e-19 
1.79126 0.310396 0 
1.43043 0.262016 3.52054e-19 
2.41164 0.358828 2.19172e-18 
1.78605 0.284835 -7.85402e-19 
1.42631 0.112198 -2.49491e-18 
4.26631 0.790106 -2.56539e-18 
3.85196 0.995213 -3.6721e-20 
3.29689 0.844638 2.06777e-18 
3.87577 0.745474 1.81322e-18 
3.12305 0.465689 -3.04495e-18 
2.91021 0.452162 3.74977e-19 
3.19248 0.682315 -8.18693e-19 
2.97608 0.683405 0 
3.75866 0.563996 1.53761e-18 
4.09565 0.629409 0 
4.09117 0.776484 0 
4.04578 0.41593 8.23647e-19 
4.29665 0.642596 -3.02467e-20 
4.24946 0.71592 -4.52865e-19 
4.1766 0.643303 0 
3.61567 0.13042 1.71814e-18 
4.19 0.183606 2.14415e-18 
4.09068 0.151665 -1.67937e-18 
4.13651 0.240884 -1.44282e-18 
3.74573 0.238221 -2.15632e-18 
3.30288 0.37597 0 
3.40343 0.302414 0 
2.55811 0.190651 -1.26602e-18 
2.10846 0.119115 4.76754e-19 
4.03722 0.352634 1.94029e-18 
4.28774 0.43286 -2.34642e-18 
4.28488 0.489489 2.06884e-18 
4.15713 0.493546 0 
4.25664 0.337316 0 
4.26651 0.322402 -9.81915e-19 
4.2143 0.316172 -1.59648e-18 
2.22662 3.48713 6.20453e-19 
1.93738 3.23073 -6.83328e-19 
1.44558 2.35531 -1.03183e-18 
1.18629 1.99618 2.66831e-19 
0.883703 1.37806 -2.62853e-18 
0.793615 1.21537 9.22078e-19 
0.600733 0.903884 -1.97191e-21 
1.11447 1.78463 -1.1378e-18 
1.14178 1.88171 1.69851e-18 
0.974299 1.70004 5.06047e-19 
0.7859 1.28858 -5.12663e-19 
0.635381 1.07436 0 
2.4455 2.60674 -1.15431e-19 
0.705136 1.14418 8.57196e-19 
0.927711 0.889683 1.15614e-18 
0.755241 0.813589 1.33769e-18 
1.08306 0.7465 1.3411e-18 
1.46686 1.04429 -2.27019e-18 
1.38289 1.07118 1.83935e-18 
1.00177 0.765489 -6.76725e-19 
0.817009 0.567993 1.49458e-18 
1.61548 0.490749 -7.78089e-19 
1.55894 0.508322 0 
1.23953 0.407331 4.60578e-21 
2.50914 1.51587 7.75533e-19 
2.07975 1.27012 -2.8085e-18 
1.6866 1.18437 9.08689e-21 
1.66066 1.09232 0 
2.862 2.59507 8.73768e-19 
3.44675 2.7529 1.03743e-18 
3.25576 2.93079 -1.19591e-18 
3.5542 2.76346 -4.28365e-19 
3.48429 2.60375 -1.34885e-19 
3.51246 2.79519 1.38777e-19 
3.67421 2.26706 -1.67936e-18 
3.70518 2.49211 4.00724e-19 
3.78367 2.43589 0 
3.78446 2.19165 -5.79682e-19 
4.04896 1.07334 5.80539e-19 
4.27597 0.993187 1.00212e-18 
4.30041 0.966896 1.01163e-18 
4.05502 1.32936 -1.14958e-18 
4.10288 1.34979 0 
4.15252 1.23375 0 
3.32766 1.23573 -1.56066e-20 
2.4177 0.666488 0 
2.72183 0.744042 9.30624e-19 
3.23824 0.885953 -2.64566e-20 
3.77286 1.53469 5.10728e-18 
3.56977 1.7619 1.31108e-18 
3.48091 1.54048 -1.34062e-18 
3.03731 1.36977 1.43738e-18 
2.7606 1.36964 8.23737e-19 
2.30652 1.15588 -7.97771e-19 
3.67221 -0.0855426 1.98458e-18 
3.8947 -0.0289322 0 
3.85894 -0.0665486 1.34204e-18 
3.74291 -0.0594083 -2.98768e-18 
3.98056 0.0373779 1.46194e-18 
3.90444 0.113427 -3.08287e-18 
3.73986 0.128037 0 
3.55625 0.173471 -6.28532e-19 
3.81197 0.122982 1.60524e-18 
3.69195 0.191385 -8.22539e-19 
3.6003 0.171079 5.90702e-19 
-0.080146 2.59249 0 
-0.0467143 3.3997 0 
-0.0318881 2.46339 0 
-0.0215617 1.9719 0 
0.0463312 3.94213 6.70673e-19 
0.140191 3.72359 -1.72942e-19 
0.317298 4.64486 -2.29743e-19 
0.253063 4.46224 2.42642e-19 
-0.0246948 4.29493 -4.97573e-19 
0.0123058 4.32699 3.73636e-19 
0.0959087 3.87091 2.22701e-20 
0.00998985 3.55837 -4.67102e-19 
-0.0122592 3.31013 -6.22683e-20 
-0.0390235 3.67236 -5.67419e-20 
0.153314 4.47437 -5.86982e-19 
0.178504 4.28777 0 
0.275803 4.63473 2.96417e-19 
0.269021 4.70949 2.52986e-19 
0.595923 4.44417 -2.26024e-19 
0.408073 3.77985 0 
0.45722 3.62768 -1.11481e-18 
0.559876 3.99655 7.89935e-19 
0.480115 4.56168 -6.14804e-19 
0.370516 4.43198 3.30772e-19 
0.29946 4.15347 0 
-0.034153 4.76174 -5.53269e-19 
-0.0739624 4.52616 -6.41468e-19 
-0.0750922 4.73943 0 
-0.0283797 4.35908 -6.24774e-21 
-0.0184511 4.64089 2.74273e-19 
-0.117957 3.88296 4.47133e-20 
-0.0548505 3.48762 -6.53888e-19 
-0.0949688 3.92573 1.74205e-19 
-0.13481 4.51856 2.32415e-19 
-0.0754456 4.32898 0 
-0.059196 3.88775 0 
-0.0818284 2.89948 2.00904e-19 
-0.0471368 3.63312 -6.26908e-20 
-0.0723054 3.62059 0 
-0.0879151 2.68848 1.58181e-19 
-0.046189 2.19486 -3.06485e-19 
3.76103 0.0323493 0 
3.7319 0.00775139 -2.03273e-19 
4.1795 0.067972 -1.43993e-18 
4.08911 0.0463222 0 
3.87634 0.0178329 0 
4.14973 0.0370668 -1.25249e-20 
4.1003 0.0349602 2.37889e-18 
4.0001 0.0802228 2.84563e-18 
3.75586 0.118678 0 
3.55801 0.110063 0 
4.01332 0.0939746 1.41746e-18 
3.70324 0.11615 0 
3.47209 0.128886 0 
-0.0805973 4.69962 0 
-0.10604 4.66814 1.0671e-20 
-0.0764823 4.71975 6.2971e-20 
-0.0603049 3.83339 0 
-0.111671 4.53628 1.1126e-19 
-0.0673777 4.24156 -6.33826e-20 
-0.0535518 3.93072 0 
1.41009 4.18549 0 
1.20933 4.5805 -1.29803e-18 
1.22464 4.48825 0 
1.57394 4.48724 1.48441e-18 
1.59329 4.12141 0 
1.50165 4.3717 -6.0654e-19 
1.01132 2.24239 -3.39457e-20 
0.709058 1.64522 -1.74454e-18 
0.590599 1.22736 2.12849e-18 
0.708617 1.83474 3.9678e-19 
0.974882 2.42386 0 
1.03626 2.37895 0 
0.718272 1.68713 0 
0.532255 1.32996 -1.39511e-18 
1.20856 3.77456 -9.83414e-19 
1.12864 2.98858 -2.35485e-19 
1.32673 3.40464 1.92586e-19 
0.599162 2.04059 0 
0.620112 1.94237 0 
0.462156 1.57092 -3.92685e-19 
0.95751 2.72013 0 
2.68712 3.57099 0 
2.38114 3.00846 -1.45453e-18 
2.54578 3.02686 -8.5873e-20 
2.41962 3.40426 0 
2.28552 3.14926 2.22105e-18 
3.27798 3.08682 -3.89691e-19 
3.13406 3.32507 0 
3.11645 3.15143 6.30429e-19 
2.87042 3.41269 0 
2.88191 3.20076 0 
1.20911 2.00608 -9.30383e-19 
1.41388 2.40307 -6.995e-19 
1.75337 2.98151 1.20595e-18 
1.69555 2.9595 -3.62232e-19 
1.06228 1.82202 0 
1.20669 2.20823 4.71091e-19 
0.718344 1.28855 -7.15171e-19 
0.58156 1.04335 -5.60368e-22 
1.93708 3.69547 0 
2.19892 3.74285 -5.42592e-19 
2.33815 3.98623 0 
2.28408 0.529021 0 
1.61734 0.341911 0 
1.20902 0.276587 0 
2.20912 0.554268 -1.4652e-18 
1.63527 0.402197 8.17216e-19 
2.14561 0.129125 -9.85134e-19 
2.6266 0.297533 0 
2.46566 0.301649 4.13474e-19 
1.76987 0.13572 1.63294e-18 
1.53026 0.0812685 -1.037e-18 
0.745496 1.55583 8.58005e-19 
0.959712 1.82029 0 
0.537619 1.43996 1.5608e-18 
0.52381 1.61477 -1.42517e-18 
0.757121 1.81441 -9.883e-19 
2.07326 2.46254 1.33765e-18 
2.0966 2.71193 0 
1.58337 1.67802 -2.76335e-19 
2.00957 1.98936 1.745e-18 
1.35977 1.29253 -4.23562e-19 
1.58857 1.31338 4.50668e-19 
2.10951 1.51318 1.02314e-18 
2.44264 1.67093 0 
2.27593 1.85604 0 
2.00983 1.60597 0 
3.9568 2.07991 3.84483e-19 
3.7598 1.88979 -1.26351e-18 
3.8172 2.02812 1.04673e-18 
3.90105 1.77151 -1.00828e-18 
4.15789 1.67393 0 
4.11697 1.84113 -2.97824e-19 
2.84043 1.16333 -1.89723e-18 
2.9708 1.16344 -2.41293e-18 
2.33194 1.04356 1.45638e-18 
2.13823 0.934433 -1.41978e-18 
2.46347 0.846177 -1.17807e-18 
2.17854 0.776947 1.44879e-18 
4.00845 0.0334776 -1.52885e-18 
4.05276 0.0406919 3.13013e-18 
3.76797 -0.0658791 1.90085e-18 
3.79119 -0.0737698 -2.28671e-18 
3.95955 0.0105767 0 
4.05604 0.0228813 -3.72971e-18 
0.096627 4.76151 1.06548e-19 
0.067449 4.73214 0 
0.189484 4.7315 9.53539e-19 
0.211058 4.74925 -8.67497e-19 
0.230956 4.71904 4.2845e-19 
0.121956 4.65912 0 
-0.100642 4.77121 0 
-0.106443 4.4044 -6.18492e-20 
-0.105339 4.33359 5.54372e-20 
-0.114068 4.48249 7.18343e-21 
-0.104752 4.72136 -1.01165e-19 
-0.0818759 4.70899 5.50885e-20 
1.87532 4.00956 -1.6432e-18 
1.81628 4.01605 1.74013e-18 
1.68397 4.40659 -8.54218e-19 
1.69268 4.27728 7.61221e-20 
2.25268 4.08662 0 
1.85457 4.22021 -6.3546e-19 
1.98181 3.96005 6.16303e-19 
1.82387 4.38112 8.34412e-19 
2.0766 4.21939 0 
2.22805 4.10038 0 
1.13812 3.63057 1.49496e-18 
0.826454 2.81102 2.02316e-18 
0.954167 2.98939 -1.38949e-18 
0.74638 2.97102 -2.3188e-19 
0.902223 3.7301 4.66278e-19 
0.721929 3.36258 -1.13394e-18 
0.745627 1.46551 -1.21468e-18 
0.746106 1.31674 0 
0.602459 1.11433 -1.33511e-18 
1.11074 2.06371 0 
1.0877 2.15064 0 
1.35838 2.19067 -1.09051e-18 
1.06432 2.01402 -1.03592e-18 
1.01668 2.03492 1.0986e-18 
1.03095 1.51907 0 
1.41016 1.76163 -6.01182e-19 
1.62706 2.11882 -8.55383e-19 
1.41059 2.08243 0 
0.867674 1.8183 7.12401e-19 
0.77959 1.67938 0 
2.90585 2.2888 -1.847e-18 
3.31877 2.47055 2.60921e-18 
3.27746 2.19306 -2.59329e-18 
2.61013 2.02076 -2.3117e-19 
2.72473 1.94025 -9.74119e-19 
1.26168 2.18955 7.96102e-19 
1.31581 2.24436 -1.3598e-18 
1.45384 2.32932 1.79265e-18 
1.79002 2.55931 -1.16514e-18 
1.88859 2.93201 -1.5671e-18 
1.56287 2.48838 -1.18793e-19 
1.6326 2.6279 1.37115e-18 
1.8097 2.69278 9.66093e-20 
2.01757 2.99849 6.49949e-19 
))
(300 (2 10 3 0 0 919 1018)(
0 0 0 
0 0 0 
0 0 0 
0 0 0 
0 0 0 
0 0 0 
0 0 0 
0 0 0 
0 0 0 
0 0 0 
0 0 0 
0 0 0 
0 0 0 
0 0 0 
0 0 0 
0 0 0 
0 0 0 
0 0 0 
0 0 0 
0 0 0 
0 0 0 
0 0 0 
0 0 0 
0 0 0 
0 0 0 
0 0 0 
0 0 0 
0 0 0 
0 0 0 
0 0 0 
0 0 0 
0 0 0 
0 0 0 
0 0 0 
0 0 0 
0 0 0 
0 0 0 
0 0 0 
0 0 0 
0 0 0 
0 0 0 
0 0 0 
0 0 0 
0 0 0 
0 0 0 
0 0 0 
0 0 0 
0 0 0 
0 0 0 
0 0 0 
0 0 0 
0 0 0 
0 0 0 
0 0 0 
0 0 0 
0 0 0 
0 0 0 
0 0 0 
0 0 0 
0 0 0 
0 0 0 
0 0 0 
0 0 0 
0 0 0 
0 0 0 
0 0 0 
0 0 0 
0 0 0 
0 0 0 
0 0 0 
0 0 0 
0 0 0 
0 0 0 
0 0 0 
0 0 0 
0 0 0 
0 0 0 
0 0 0 
0 0 0 
0 0 0 
0 0 0 
0 0 0 
0 0 0 
0 0 0 
0 0 0 
0 0 0 
0 0 0 
0 0 0 
0 0 0 
0 0 0 
0 0 0 
0 0 0 
0 0 0 
0 0 0 
0 0 0 
0 0 0 
0 0 0 
0 0 0 
0 0 0 
0 0 0 
))
(300 (2 11 3 0 0 1019 1026)(
3 0 0 
3 0 0 
3 0 0 
3 0 0 
3 0 0 
3 0 0 
3 0 0 
3 0 0 
))
(300 (2 12 3 0 0 1027 1030)(
0 1 0 
0 1 0 
0 1 0 
0 1 0 
))
(300 (2 13 3 0 0 1031 1038)(
0.171782 1.05381 0 
-0.0596983 1.27092 -1.22324e-19 
0.0749276 2.88389 0 
-0.0382337 3.16533 0 
-0.0676359 4.69187 0 
0.0434041 4.0251 0 
-0.0179333 4.56593 0 
-0.051587 4.18027 0 
))
(300 (2 14 3 0 0 1039 1072)(
0 0 0 
0 0 0 
0 0 0 
0 0 0 
0 0 0 
0 0 0 
0 0 0 
0 0 0 
0 0 0 
0 0 0 
0 0 0 
0 0 0 
0 0 0 
0 0 0 
0 0 0 
0 0 0 
0 0 0 
0 0 0 
0 0 0 
0 0 0 
0 0 0 
0 0 0 
0 0 0 
0 0 0 
0 0 0 
0 0 0 
0 0 0 
0 0 0 
0 0 0 
0 0 0 
0 0 0 
0 0 0 
0 0 0 
0 0 0 
))
(300 (2 15 3 0 0 1073 1072)(
))
