/*--------------------------------*- C++ -*----------------------------------*\
  =========                 |
  \\      /  F ield         | OpenFOAM: The Open Source CFD Toolbox
   \\    /   O peration     | Website:  https://openfoam.org
    \\  /    A nd           | Version:  9
     \\/     M anipulation  |
\*---------------------------------------------------------------------------*/
FoamFile
{
    format      ascii;
    class       volVectorField;
    location    "2.72";
    object      U;
}
// * * * * * * * * * * * * * * * * * * * * * * * * * * * * * * * * * * * * * //

dimensions      [0 1 -1 0 0 0 0];

internalField   nonuniform List<vector> 
2268
(
(0.00653865 -0.00311662 0)
(0.0155671 -0.00195297 0)
(0.0194164 -0.000818249 0)
(0.0220383 -0.000330679 0)
(0.0235082 -0.00014444 0)
(0.0245448 -7.16119e-05 0)
(0.025296 -4.03755e-05 0)
(0.0258588 -1.65755e-05 0)
(0.0262984 -7.7172e-06 0)
(0.0266613 -2.01631e-05 0)
(0.0270065 -5.07126e-05 0)
(0.0273663 -0.000109012 0)
(0.0278061 -0.000208884 0)
(0.028537 -0.000424288 0)
(0.0298353 -0.000821126 0)
(0.0322925 -0.0014089 0)
(0.0346191 -0.00049599 0)
(0.032533 0.00175678 0)
(0.0259088 0.00214198 0)
(0.0216632 -1.73397e-06 0)
(0.0225936 -0.00159544 0)
(0.024075 0.00132194 0)
(0.0149718 0.00562957 0)
(0.00550382 -0.00761716 0)
(0.012369 -0.00457567 0)
(0.015968 -0.00258539 0)
(0.019108 -0.00155447 0)
(0.0213653 -0.00103849 0)
(0.0231358 -0.000758769 0)
(0.0245406 -0.00058037 0)
(0.0256797 -0.000453222 0)
(0.026621 -0.00036774 0)
(0.0274104 -0.000320619 0)
(0.0280784 -0.000298275 0)
(0.0286225 -0.000306403 0)
(0.0290543 -0.000389635 0)
(0.0294461 -0.000631058 0)
(0.0298325 -0.00108024 0)
(0.0301485 -0.00151207 0)
(0.0299454 -1.49315e-06 0)
(0.0283564 0.00304905 0)
(0.0253026 0.00361179 0)
(0.022251 0.00136511 0)
(0.0198288 -0.00057912 0)
(0.0178673 0.00359237 0)
(0.0132888 0.0128333 0)
(0.00429573 -0.0111727 0)
(0.0103043 -0.00672382 0)
(0.0139795 -0.00424297 0)
(0.0175148 -0.00288688 0)
(0.0203368 -0.00210638 0)
(0.0226528 -0.00161901 0)
(0.0245393 -0.00128015 0)
(0.0260841 -0.00103023 0)
(0.0273519 -0.000846886 0)
(0.0283836 -0.000713721 0)
(0.0291931 -0.000605756 0)
(0.0297557 -0.000522383 0)
(0.030046 -0.000515565 0)
(0.0300611 -0.000663567 0)
(0.029723 -0.000964703 0)
(0.0287468 -0.00108727 0)
(0.0272545 0.000631415 0)
(0.0256681 0.00377769 0)
(0.0237944 0.00456518 0)
(0.0213601 0.00266552 0)
(0.0178289 0.00100157 0)
(0.0138724 0.00555922 0)
(0.00923891 0.0184358 0)
(0.00323925 -0.014284 0)
(0.00877184 -0.00892485 0)
(0.0127229 -0.00608886 0)
(0.0166538 -0.00446892 0)
(0.0199695 -0.00343208 0)
(0.022756 -0.00271346 0)
(0.0250523 -0.00217746 0)
(0.026931 -0.00176334 0)
(0.0284507 -0.00143889 0)
(0.0296467 -0.00117496 0)
(0.0305203 -0.000929998 0)
(0.0310281 -0.000692179 0)
(0.0311172 -0.00051587 0)
(0.0307468 -0.000469779 0)
(0.0298092 -0.000505338 0)
(0.028022 -0.000248106 0)
(0.0257 0.00153862 0)
(0.0238372 0.00448982 0)
(0.0222741 0.00546783 0)
(0.0198883 0.00406572 0)
(0.0156653 0.00323958 0)
(0.0106139 0.00791986 0)
(0.00587682 0.0229733 0)
(0.00245542 -0.0168386 0)
(0.00773436 -0.0111362 0)
(0.0120513 -0.00810512 0)
(0.0163825 -0.00627072 0)
(0.0201503 -0.00498123 0)
(0.0233563 -0.00400927 0)
(0.0260113 -0.00324301 0)
(0.0281736 -0.0026268 0)
(0.0298935 -0.00212044 0)
(0.0311999 -0.00168138 0)
(0.032084 -0.00124836 0)
(0.0324857 -0.000795085 0)
(0.0323332 -0.000377425 0)
(0.0315765 -5.7649e-05 0)
(0.0301291 0.000245165 0)
(0.0278061 0.00088688 0)
(0.0249528 0.00269846 0)
(0.0226124 0.00531411 0)
(0.0207411 0.00641891 0)
(0.0179639 0.00570022 0)
(0.0132337 0.00573543 0)
(0.00764707 0.0104475 0)
(0.00280951 0.0260827 0)
(0.00196294 -0.0190797 0)
(0.0072103 -0.0134132 0)
(0.0119329 -0.0102931 0)
(0.0166593 -0.0082698 0)
(0.0208399 -0.00672345 0)
(0.024417 -0.00547583 0)
(0.0273824 -0.00444779 0)
(0.0297817 -0.00359295 0)
(0.0316555 -0.00286451 0)
(0.0330254 -0.00220649 0)
(0.0338742 -0.00153568 0)
(0.0341268 -0.000809369 0)
(0.0337006 -8.9158e-05 0)
(0.0325563 0.000558225 0)
(0.0306513 0.00122767 0)
(0.0279048 0.00222286 0)
(0.0246572 0.00407007 0)
(0.0217751 0.00639869 0)
(0.0192487 0.00760599 0)
(0.0159049 0.00757584 0)
(0.0108972 0.00838571 0)
(0.00509693 0.0131434 0)
(-0.000376881 0.0278453 0)
(0.00175589 -0.0212518 0)
(0.00719335 -0.0158192 0)
(0.0123488 -0.01266 0)
(0.0174513 -0.0104526 0)
(0.0219991 -0.0086371 0)
(0.0258954 -0.00708969 0)
(0.0291206 -0.00576887 0)
(0.03171 -0.00463957 0)
(0.0336927 -0.0036487 0)
(0.0350815 -0.00272777 0)
(0.0358523 -0.00177019 0)
(0.0359176 -0.000715924 0)
(0.0351894 0.000359006 0)
(0.0336527 0.00137174 0)
(0.031315 0.00241628 0)
(0.0281759 0.0037377 0)
(0.024548 0.00564927 0)
(0.0211073 0.0078005 0)
(0.0178801 0.00911029 0)
(0.0140195 0.00963284 0)
(0.00894681 0.0110948 0)
(0.00326009 0.0160148 0)
(-0.00325866 0.0287056 0)
(0.00187263 -0.0231994 0)
(0.00768472 -0.0183988 0)
(0.0132594 -0.0152308 0)
(0.0186961 -0.0128278 0)
(0.023554 -0.0107241 0)
(0.0277105 -0.00884953 0)
(0.0311413 -0.00720305 0)
(0.0338727 -0.00575994 0)
(0.0359198 -0.00445983 0)
(0.0372847 -0.00322547 0)
(0.0379375 -0.00192642 0)
(0.0377818 -0.000484417 0)
(0.0367305 0.000998795 0)
(0.034799 0.00241322 0)
(0.0320414 0.00384215 0)
(0.0285139 0.00548045 0)
(0.0244963 0.00749433 0)
(0.0205165 0.00955717 0)
(0.0166583 0.010944 0)
(0.0124251 0.0118169 0)
(0.0075722 0.0136503 0)
(0.0025416 0.0183994 0)
(-0.0026391 0.0279548 0)
(-0.00273065 -0.000440518 0)
(0.0175121 -0.00629058 0)
(0.030818 -0.00459931 0)
(0.0369384 -0.00151823 0)
(0.0361015 0.000288018 0)
(0.0322666 0.000756058 0)
(0.0283552 0.00165418 0)
(0.0161668 0.00637828 0)
(-0.0135061 0.00915419 0)
(-0.0418984 0.00548106 0)
(-0.0493489 0.000427019 0)
(-0.0499204 0.00137321 0)
(-0.0595925 0.00374991 0)
(-0.0649361 -0.00155855 0)
(-0.0473001 -0.00756164 0)
(-0.0182026 -0.00851644 0)
(0.00540307 -0.00411475 0)
(0.00969641 0.00137137 0)
(0.00228002 0.00145759 0)
(0.0117487 -0.00591836 0)
(0.0211537 -0.00898146 0)
(0.0238519 -0.00513928 0)
(0.0224433 -0.000551406 0)
(0.0181175 0.00186982 0)
(0.0135492 0.00252008 0)
(0.00848135 0.00537946 0)
(-0.00275256 0.0136969 0)
(-0.0240949 0.0176751 0)
(-0.0428359 0.010984 0)
(-0.0506566 0.00284522 0)
(-0.0538865 0.00289603 0)
(-0.0574345 0.00448145 0)
(-0.056308 -0.00373412 0)
(-0.0439548 -0.0147949 0)
(-0.0223985 -0.017269 0)
(-0.00338671 -0.00853913 0)
(0.00404835 0.000612549 0)
(0.00399596 0.00339056 0)
(0.0151375 -0.013785 0)
(0.0180782 -0.0101559 0)
(0.0149982 -0.00400382 0)
(0.00998928 0.00150022 0)
(0.00387523 0.00397493 0)
(-0.00125826 0.00455578 0)
(-0.00664187 0.00886659 0)
(-0.0166816 0.0195128 0)
(-0.0310918 0.0237016 0)
(-0.0431552 0.0154736 0)
(-0.0507282 0.00560201 0)
(-0.0537539 0.00373961 0)
(-0.0536159 0.00391683 0)
(-0.0507211 -0.00625781 0)
(-0.0423432 -0.0205171 0)
(-0.0270867 -0.0249372 0)
(-0.0100699 -0.0135186 0)
(0.000308505 -0.00155476 0)
(0.00315834 0.00444573 0)
(0.0114962 -0.0203158 0)
(0.010625 -0.00951204 0)
(0.00455388 -0.00168568 0)
(-0.00219667 0.00424933 0)
(-0.00928153 0.00644146 0)
(-0.0146438 0.00667767 0)
(-0.019504 0.0120302 0)
(-0.0273761 0.0240213 0)
(-0.0367574 0.027846 0)
(-0.0443278 0.0189225 0)
(-0.0503804 0.0079339 0)
(-0.0523816 0.00388274 0)
(-0.0500807 0.0027523 0)
(-0.0464743 -0.00828559 0)
(-0.042027 -0.0241367 0)
(-0.0331461 -0.0311555 0)
(-0.0171492 -0.0199105 0)
(-0.00158053 -0.00489026 0)
(0.0039894 0.00476151 0)
(0.00396112 -0.0234664 0)
(0.000559153 -0.00747394 0)
(-0.00687837 0.00129377 0)
(-0.0144095 0.00741157 0)
(-0.0220456 0.00913946 0)
(-0.027459 0.00864156 0)
(-0.0312379 0.0144584 0)
(-0.0363527 0.0270993 0)
(-0.0415604 0.030346 0)
(-0.0454984 0.0211996 0)
(-0.0492711 0.00953928 0)
(-0.0497592 0.00345183 0)
(-0.0463091 0.00117636 0)
(-0.0430401 -0.00959418 0)
(-0.042009 -0.0256886 0)
(-0.0388881 -0.0353755 0)
(-0.026065 -0.0278607 0)
(-0.00565489 -0.0107214 0)
(0.0088505 0.00576307 0)
(-0.00492961 -0.022646 0)
(-0.0105454 -0.00466207 0)
(-0.0185745 0.00451032 0)
(-0.0264478 0.010791 0)
(-0.03442 0.0120037 0)
(-0.0399987 0.0104114 0)
(-0.0427427 0.0159817 0)
(-0.0446764 0.0286743 0)
(-0.0454359 0.0312499 0)
(-0.0458637 0.0223006 0)
(-0.0471512 0.01021 0)
(-0.0459876 0.00252 0)
(-0.0422158 -0.000398369 0)
(-0.0397178 -0.0101435 0)
(-0.0407868 -0.0256569 0)
(-0.041395 -0.0374065 0)
(-0.0342627 -0.0347313 0)
(-0.0159211 -0.0193581 0)
(0.00675808 0.0064208 0)
(-0.0137348 -0.0179874 0)
(-0.0216839 -0.00121874 0)
(-0.0299814 0.00778152 0)
(-0.0379665 0.0142766 0)
(-0.0460815 0.0150262 0)
(-0.0520917 0.0121939 0)
(-0.0542383 0.0165613 0)
(-0.0527023 0.0284956 0)
(-0.0489049 0.0304683 0)
(-0.0456787 0.0221684 0)
(-0.0438954 0.00973067 0)
(-0.0412875 0.00130969 0)
(-0.0378222 -0.0017801 0)
(-0.0358329 -0.0102048 0)
(-0.0376092 -0.0247624 0)
(-0.0399018 -0.0377979 0)
(-0.0378446 -0.0387233 0)
(-0.0271892 -0.027573 0)
(-0.00886145 0.00259976 0)
(-0.0218895 -0.00658766 0)
(-0.0317353 0.00333152 0)
(-0.0406654 0.0112354 0)
(-0.0486686 0.0177291 0)
(-0.0564505 0.0179883 0)
(-0.0624808 0.0139818 0)
(-0.0642374 0.0162796 0)
(-0.0599803 0.0263715 0)
(-0.0523115 0.0278413 0)
(-0.0452699 0.0202921 0)
(-0.0401628 0.00821025 0)
(-0.0365952 6.38549e-05 0)
(-0.0333264 -0.00304676 0)
(-0.0310874 -0.0102478 0)
(-0.0321971 -0.0237412 0)
(-0.0346338 -0.037288 0)
(-0.035561 -0.0400493 0)
(-0.0324054 -0.0331503 0)
(-0.0225395 -0.00818785 0)
(0.00251704 -0.0263323 0)
(0.00917984 -0.0229327 0)
(0.0152917 -0.0196838 0)
(0.0211556 -0.0169066 0)
(0.026389 -0.0143018 0)
(0.0308464 -0.0118645 0)
(0.0345074 -0.00965079 0)
(0.0373853 -0.00764284 0)
(0.0394671 -0.00576552 0)
(0.0407318 -0.00394391 0)
(0.0411426 -0.00200946 0)
(0.0406011 0.000154506 0)
(0.0390334 0.00237398 0)
(0.0364989 0.00447723 0)
(0.0331095 0.00652986 0)
(0.028985 0.00866351 0)
(0.0243623 0.0108901 0)
(0.0196154 0.0129037 0)
(0.0149375 0.0143265 0)
(0.0103467 0.0153548 0)
(0.00618446 0.0170147 0)
(0.00324804 0.0202719 0)
(0.00760153 0.0233295 0)
(0.00356815 -0.0360465 0)
(0.0113028 -0.0309195 0)
(0.0184348 -0.0264766 0)
(0.0247439 -0.0227648 0)
(0.0301655 -0.0192899 0)
(0.0347116 -0.0160024 0)
(0.0384444 -0.0129471 0)
(0.041347 -0.0100662 0)
(0.0433302 -0.0072739 0)
(0.0443183 -0.00457363 0)
(0.0442836 -0.0017493 0)
(0.0431924 0.00136168 0)
(0.0410242 0.00442545 0)
(0.037845 0.00724278 0)
(0.0337409 0.00990131 0)
(0.0289195 0.0124755 0)
(0.0236554 0.0149227 0)
(0.0182417 0.0169165 0)
(0.0129082 0.018229 0)
(0.00792856 0.0188744 0)
(0.00365754 0.019399 0)
(0.000385798 0.0202375 0)
(-0.000688922 0.021019 0)
(0.0072276 -0.0325091 0)
(0.0140552 -0.0329715 0)
(0.0211815 -0.0295308 0)
(0.0270751 -0.0258489 0)
(0.0319016 -0.0220605 0)
(0.0360868 -0.0183439 0)
(0.0398232 -0.0148911 0)
(0.0427839 -0.0116374 0)
(0.044788 -0.0083458 0)
(0.0457519 -0.00501028 0)
(0.0455192 -0.00145486 0)
(0.044265 0.00259016 0)
(0.042304 0.00662888 0)
(0.0393996 0.0101568 0)
(0.0348834 0.0134501 0)
(0.029458 0.0165236 0)
(0.0240507 0.019423 0)
(0.0189802 0.0215464 0)
(0.0141566 0.0226777 0)
(0.00929402 0.0223178 0)
(0.0030733 0.0215585 0)
(-0.0031964 0.0224748 0)
(-0.00689783 0.0262429 0)
(0.00908494 -0.0552902 0)
(0.0155777 -0.0442805 0)
(0.0244185 -0.0369011 0)
(0.02873 -0.0317231 0)
(0.0311189 -0.0263931 0)
(0.0344736 -0.0215938 0)
(0.03944 -0.01721 0)
(0.0426579 -0.0130155 0)
(0.0438289 -0.00911486 0)
(0.044398 -0.00471731 0)
(0.0428947 7.84408e-05 0)
(0.0403424 0.00442193 0)
(0.0401606 0.00879632 0)
(0.0404882 0.0133098 0)
(0.0348288 0.0182147 0)
(0.028687 0.0204905 0)
(0.0259182 0.0237667 0)
(0.0252802 0.0256024 0)
(0.0263508 0.0264366 0)
(0.0263112 0.0268522 0)
(0.00815643 0.0270587 0)
(-0.016272 0.0270034 0)
(-0.0220223 0.0301363 0)
(-0.00173601 -0.0641389 0)
(0.0158624 -0.0569659 0)
(0.0307601 -0.0408627 0)
(0.0196289 -0.0348118 0)
(0.00197264 -0.0260107 0)
(-0.00488641 -0.0281739 0)
(0.0137705 -0.0280352 0)
(0.0273595 -0.0172003 0)
(0.0307496 -0.0112505 0)
(0.0341972 -0.00745268 0)
(0.0402973 0.00219865 0)
(0.0482173 0.00476037 0)
(0.0579412 0.00565964 0)
(0.0676593 0.014832 0)
(0.0784883 0.0360007 0)
(0.0747306 0.0337998 0)
(0.0743406 0.0309967 0)
(0.0782748 0.0275489 0)
(0.0824789 0.0279764 0)
(0.0818458 0.0388123 0)
(0.0501544 0.0997986 0)
(-0.0291681 0.0674279 0)
(-0.0165897 0.0153025 0)
(-0.0426979 -0.0507119 0)
(-0.0128263 -0.120365 0)
(0.0303256 -0.0361106 0)
(-0.00696007 0.00149933 0)
(-0.0460847 0.00556732 0)
(-0.0210772 -0.0610207 0)
(0.0119162 -0.0585384 0)
(0.0353517 -0.033729 0)
(0.047107 -0.0150781 0)
(0.0484025 -0.011232 0)
(0.0473429 -0.0064599 0)
(0.048185 -0.00767152 0)
(0.0505216 -0.00782687 0)
(0.0526046 0.000902163 0)
(0.05791 0.014144 0)
(0.068877 0.0260153 0)
(0.0768219 0.0224537 0)
(0.082317 0.018019 0)
(0.0806563 0.0260045 0)
(0.0597493 0.0454551 0)
(0.0342188 0.150711 0)
(0.00533176 0.0792114 0)
(0.0040594 -0.00568845 0)
(-0.0414134 -0.00720811 0)
(-0.0396272 -0.132321 0)
(-0.0134783 -0.0513819 0)
(0.0124595 0.0145914 0)
(0.0290147 0.0127056 0)
(0.0397377 -0.0789751 0)
(0.0482065 -0.0756109 0)
(0.0525668 -0.0434769 0)
(0.055735 -0.0216751 0)
(0.0575253 -0.0123976 0)
(0.0529984 -0.00150883 0)
(0.0419336 -0.00490918 0)
(0.0320713 -0.00331651 0)
(0.0211296 0.0107365 0)
(0.0117404 0.00880892 0)
(0.0156233 0.0166341 0)
(0.0311946 0.0114771 0)
(0.0468922 0.00876397 0)
(0.058204 0.0384498 0)
(0.0440068 0.0735455 0)
(0.0554819 0.161713 0)
(0.0611118 0.100483 0)
(0.0364764 0.00790662 0)
(-0.010432 0.0216916 0)
(-0.00841006 -0.132887 0)
(-0.000106691 -0.0800483 0)
(0.0337069 -0.0234125 0)
(0.0679158 -0.0209018 0)
(0.0785 -0.0821137 0)
(0.0684124 -0.0775321 0)
(0.0563158 -0.0402874 0)
(0.0440679 -0.0199825 0)
(0.0363797 -0.00980583 0)
(0.0284713 0.0151119 0)
(0.0108045 0.0113178 0)
(-0.0201092 0.0117528 0)
(-0.0445861 0.0221945 0)
(-0.0472512 0.00865955 0)
(-0.0432609 0.00520591 0)
(-0.0344717 -0.00537196 0)
(-0.0223015 -0.0065488 0)
(-0.00511588 0.0247841 0)
(0.0171163 0.0634211 0)
(0.0534771 0.119617 0)
(0.0774934 0.110244 0)
(0.0518451 0.0504544 0)
(0.0305623 0.0186327 0)
(0.044685 -0.115984 0)
(0.024299 -0.0946631 0)
(0.0436369 -0.0476081 0)
(0.0687832 -0.0441935 0)
(0.0774347 -0.076331 0)
(0.0448894 -0.0592005 0)
(0.0124448 -0.0163026 0)
(-0.00455633 -0.00549585 0)
(-0.0240489 0.00271005 0)
(-0.0423297 0.0297913 0)
(-0.0553261 0.0403752 0)
(-0.0667621 0.0433321 0)
(-0.0715223 0.0349766 0)
(-0.0712639 0.0133319 0)
(-0.0716686 0.00219661 0)
(-0.0671332 -0.013962 0)
(-0.0624171 -0.0178466 0)
(-0.0532145 0.00479303 0)
(-0.0367219 0.0373985 0)
(-0.0112424 0.0821036 0)
(0.0157988 0.108315 0)
(0.0135203 0.0809371 0)
(0.060481 -0.0639471 0)
(0.0748546 -0.117119 0)
(0.0201631 -0.0946978 0)
(0.0200312 -0.060068 0)
(0.0272484 -0.0579848 0)
(0.00592275 -0.0535495 0)
(-0.031333 -0.0160182 0)
(-0.0522393 0.00802841 0)
(-0.0681474 0.0172553 0)
(-0.0838778 0.0260178 0)
(-0.094425 0.0395176 0)
(-0.0982806 0.0446282 0)
(-0.0985907 0.0420246 0)
(-0.0957193 0.0307475 0)
(-0.0924394 0.0136471 0)
(-0.0892587 0.000179363 0)
(-0.0861116 -0.0149859 0)
(-0.0885383 -0.019972 0)
(-0.0897001 -0.00353857 0)
(-0.0835314 0.0234998 0)
(-0.0686936 0.0600391 0)
(-0.0470996 0.0874445 0)
(-0.0316139 0.0784434 0)
(0.0188211 -0.132063 0)
(0.0128388 -0.0864092 0)
(-0.0109565 -0.0668951 0)
(-0.025805 -0.0542112 0)
(-0.0415717 -0.0427525 0)
(-0.0659494 -0.0197418 0)
(-0.0871611 0.00459798 0)
(-0.100329 0.0208387 0)
(-0.110791 0.0293016 0)
(-0.119981 0.0360299 0)
(-0.124642 0.0424411 0)
(-0.124063 0.0430216 0)
(-0.120489 0.0371267 0)
(-0.115732 0.025166 0)
(-0.112082 0.0099476 0)
(-0.11008 -0.00369233 0)
(-0.110356 -0.0144083 0)
(-0.113678 -0.0161285 0)
(-0.115831 -0.00521607 0)
(-0.113288 0.0148197 0)
(-0.102979 0.0424122 0)
(-0.0839379 0.0643113 0)
(-0.0650177 0.0646474 0)
(-0.00777177 -0.110753 0)
(-0.0244956 -0.0686077 0)
(-0.0458533 -0.0458085 0)
(-0.0650927 -0.0313007 0)
(-0.0848334 -0.0175586 0)
(-0.104357 -6.70384e-05 0)
(-0.118865 0.0173514 0)
(-0.127837 0.0295604 0)
(-0.134138 0.0363993 0)
(-0.138473 0.0404834 0)
(-0.139388 0.0423447 0)
(-0.136794 0.0397263 0)
(-0.132268 0.0322809 0)
(-0.127533 0.0207956 0)
(-0.124279 0.00757063 0)
(-0.123104 -0.00409223 0)
(-0.124233 -0.0119324 0)
(-0.12712 -0.0124777 0)
(-0.12896 -0.00419847 0)
(-0.126807 0.0109552 0)
(-0.118012 0.0299329 0)
(-0.102319 0.044912 0)
(-0.085184 0.0483939 0)
(-0.0226643 -0.083602 0)
(-0.0440368 -0.046501 0)
(-0.0664899 -0.0255114 0)
(-0.0865541 -0.0113134 0)
(-0.105124 0.00119918 0)
(-0.120937 0.0145445 0)
(-0.131988 0.0268875 0)
(-0.138584 0.0355182 0)
(-0.142355 0.0400869 0)
(-0.143896 0.0416563 0)
(-0.142872 0.0404961 0)
(-0.13961 0.035832 0)
(-0.135286 0.0277354 0)
(-0.131241 0.017101 0)
(-0.128635 0.00575268 0)
(-0.127912 -0.00394918 0)
(-0.128961 -0.0100315 0)
(-0.1309 -0.0104814 0)
(-0.131708 -0.00461785 0)
(-0.129201 0.00620383 0)
(-0.121643 0.0191742 0)
(-0.109122 0.0294582 0)
(-0.0948062 0.0334272 0)
(-0.0270944 -0.0492073 0)
(-0.0516486 -0.0206889 0)
(-0.0744866 -0.00424681 0)
(-0.0939489 0.00731818 0)
(-0.110506 0.0171324 0)
(-0.123565 0.0265102 0)
(-0.13242 0.0345103 0)
(-0.137499 0.0397273 0)
(-0.139821 0.0418205 0)
(-0.13998 0.041177 0)
(-0.138196 0.0379717 0)
(-0.13499 0.032081 0)
(-0.131278 0.0238349 0)
(-0.128037 0.0141094 0)
(-0.126026 0.00432892 0)
(-0.125492 -0.00381571 0)
(-0.126162 -0.00885347 0)
(-0.12717 -0.00960611 0)
(-0.127056 -0.00583397 0)
(-0.124312 0.00142182 0)
(-0.117901 0.0100833 0)
(-0.10801 0.0172219 0)
(-0.0964684 0.0207697 0)
(-0.0268999 -0.0120812 0)
(-0.051708 0.00622243 0)
(-0.0737845 0.0168132 0)
(-0.0919426 0.0244917 0)
(-0.106497 0.030858 0)
(-0.117423 0.036451 0)
(-0.124671 0.0406951 0)
(-0.128682 0.0428287 0)
(-0.130182 0.0425777 0)
(-0.129757 0.0400654 0)
(-0.127849 0.0354379 0)
(-0.125022 0.0288353 0)
(-0.121996 0.0206884 0)
(-0.119463 0.0117787 0)
(-0.117903 0.00319994 0)
(-0.117416 -0.00384128 0)
(-0.117686 -0.00831372 0)
(-0.117988 -0.00952678 0)
(-0.117283 -0.00745452 0)
(-0.114565 -0.00288465 0)
(-0.109225 0.00274116 0)
(-0.101449 0.00762403 0)
(-0.0923148 0.010489 0)
(-0.0244291 0.0230494 0)
(-0.0475569 0.0318837 0)
(-0.0679175 0.0364997 0)
(-0.0842674 0.0398968 0)
(-0.0968912 0.0426334 0)
(-0.106048 0.044731 0)
(-0.111999 0.0457388 0)
(-0.115187 0.0451912 0)
(-0.116199 0.0428777 0)
(-0.115581 0.0388302 0)
(-0.113825 0.0331839 0)
(-0.11146 0.0261663 0)
(-0.109047 0.0182089 0)
(-0.107071 0.00996635 0)
(-0.105831 0.00226389 0)
(-0.105337 -0.00404241 0)
(-0.105296 -0.0082504 0)
(-0.105143 -0.00995469 0)
(-0.104151 -0.00921458 0)
(-0.101657 -0.00660957 0)
(-0.097298 -0.00311972 0)
(-0.0912174 0.000120251 0)
(-0.0840658 0.00229105 0)
(-0.0210321 0.0544653 0)
(-0.0413522 0.0549915 0)
(-0.0593397 0.0541133 0)
(-0.0735428 0.053368 0)
(-0.0842612 0.0526255 0)
(-0.091847 0.0515886 0)
(-0.0966738 0.0498287 0)
(-0.0991771 0.0470063 0)
(-0.0998561 0.0429526 0)
(-0.0992006 0.0376691 0)
(-0.0976737 0.0312774 0)
(-0.095733 0.0240119 0)
(-0.0938113 0.0162552 0)
(-0.0922513 0.00853093 0)
(-0.0912344 0.0014522 0)
(-0.0907292 -0.00437791 0)
(-0.0904886 -0.00848778 0)
(-0.0900901 -0.0106391 0)
(-0.0890293 -0.0109146 0)
(-0.0868668 -0.00973198 0)
(-0.0833783 -0.00775434 0)
(-0.0786608 -0.00571659 0)
(-0.0731115 -0.00416505 0)
(-0.0173862 0.0812424 0)
(-0.0343394 0.0748409 0)
(-0.0495684 0.0692216 0)
(-0.0614359 0.0647774 0)
(-0.0702657 0.0609226 0)
(-0.0763963 0.0571647 0)
(-0.0802104 0.0530751 0)
(-0.0821103 0.0483655 0)
(-0.0825223 0.0428866 0)
(-0.0818695 0.0366259 0)
(-0.0805552 0.0296847 0)
(-0.0789582 0.0222696 0)
(-0.07741 0.0146953 0)
(-0.0761529 0.00736624 0)
(-0.0752977 0.000730857 0)
(-0.0747983 -0.00478896 0)
(-0.0744573 -0.00887889 0)
(-0.0739654 -0.0113991 0)
(-0.0729715 -0.0124301 0)
(-0.0711807 -0.0122704 0)
(-0.0684464 -0.0113706 0)
(-0.0648275 -0.0102192 0)
(-0.0605667 -0.00919223 0)
(-0.0137446 0.102979 0)
(-0.0271176 0.0911087 0)
(-0.039441 0.0816106 0)
(-0.0489215 0.0740706 0)
(-0.0559114 0.0675871 0)
(-0.0606882 0.0615557 0)
(-0.0635825 0.0555545 0)
(-0.064938 0.0493162 0)
(-0.0651113 0.0427001 0)
(-0.0644567 0.0356827 0)
(-0.0633102 0.0283406 0)
(-0.0619764 0.0208398 0)
(-0.0607073 0.0134257 0)
(-0.0596752 0.00640107 0)
(-0.0589483 8.84114e-05 0)
(-0.0584791 -0.00522 0)
(-0.0581153 -0.00931634 0)
(-0.0576311 -0.0121197 0)
(-0.0567806 -0.0137005 0)
(-0.0553608 -0.0142717 0)
(-0.0532696 -0.0141437 0)
(-0.0505378 -0.0136498 0)
(-0.0473121 -0.0130564 0)
(-0.0100877 0.11963 0)
(-0.019883 0.103747 0)
(-0.0293488 0.0912544 0)
(-0.0365228 0.0812859 0)
(-0.0417885 0.0727079 0)
(-0.0453313 0.0648591 0)
(-0.047399 0.0573373 0)
(-0.0482656 0.049894 0)
(-0.0482205 0.0423956 0)
(-0.0475521 0.0348084 0)
(-0.0465318 0.0271836 0)
(-0.045399 0.0196452 0)
(-0.0443441 0.0123753 0)
(-0.0434899 0.0055935 0)
(-0.0428781 -0.000472866 0)
(-0.0424654 -0.00562461 0)
(-0.0421355 -0.00972633 0)
(-0.0417234 -0.0127335 0)
(-0.0410538 -0.0147053 0)
(-0.0399829 -0.0157954 0)
(-0.0384346 -0.0162217 0)
(-0.0364203 -0.0162176 0)
(-0.0340264 -0.0159774 0)
(-0.00611648 0.131209 0)
(-0.012572 0.112921 0)
(-0.0194506 0.0983154 0)
(-0.0245279 0.0865727 0)
(-0.0282493 0.076428 0)
(-0.0307026 0.0671899 0)
(-0.0320443 0.0585001 0)
(-0.0324814 0.0501377 0)
(-0.0322418 0.0419785 0)
(-0.0315545 0.0339802 0)
(-0.0306328 0.0261707 0)
(-0.0296613 0.018635 0)
(-0.0287818 0.0115016 0)
(-0.0280813 0.0049239 0)
(-0.0275841 -0.000942662 0)
(-0.0272524 -0.00596566 0)
(-0.0269968 -0.0100597 0)
(-0.0266954 -0.0132035 0)
(-0.0262204 -0.0154467 0)
(-0.0254666 -0.0169026 0)
(-0.0243737 -0.0177276 0)
(-0.0229406 -0.01809 0)
(-0.0212152 -0.0181352 0)
(-0.00150143 0.13749 0)
(-0.00510468 0.118924 0)
(-0.0098789 0.103119 0)
(-0.0131594 0.0901798 0)
(-0.0155595 0.0789276 0)
(-0.0170712 0.0686751 0)
(-0.0177848 0.0591247 0)
(-0.017851 0.0500913 0)
(-0.0174441 0.0414618 0)
(-0.0167401 0.033188 0)
(-0.0159026 0.0252771 0)
(-0.01507 0.0177808 0)
(-0.0143455 0.0107836 0)
(-0.0137886 0.00438697 0)
(-0.0134115 -0.00130722 0)
(-0.0131809 -0.00621469 0)
(-0.0130267 -0.0102849 0)
(-0.0128568 -0.0135125 0)
(-0.0125756 -0.015939 0)
(-0.0121035 -0.0176509 0)
(-0.0113908 -0.0187634 0)
(-0.0104282 -0.0194014 0)
(-0.00923987 -0.0196767 0)
(0.00304435 0.137276 0)
(0.00201333 0.122564 0)
(-0.000925395 0.106123 0)
(-0.00269102 0.0923937 0)
(-0.00397702 0.0803862 0)
(-0.00467175 0.0694323 0)
(-0.00483659 0.0592857 0)
(-0.0045794 0.049796 0)
(-0.00402756 0.0408614 0)
(-0.00331087 0.0324294 0)
(-0.00254916 0.0244898 0)
(-0.00184202 0.0170675 0)
(-0.0012608 0.0102115 0)
(-0.000843211 0.00398347 0)
(-0.000591443 -0.00155444 0)
(-0.000474808 -0.00635269 0)
(-0.000437389 -0.010385 0)
(-0.000406479 -0.013656 0)
(-0.000308755 -0.016203 0)
(-8.25043e-05 -0.0180931 0)
(0.000315016 -0.0194139 0)
(0.000897414 -0.0202608 0)
(0.00165541 -0.0207221 0)
(0.00630147 0.131707 0)
(0.00783964 0.123745 0)
(0.00689848 0.107504 0)
(0.00647932 0.0934034 0)
(0.00621893 0.0809338 0)
(0.00626926 0.0695456 0)
(0.00660594 0.0590359 0)
(0.00715989 0.0492803 0)
(0.00784679 0.0401873 0)
(0.00857877 0.0317014 0)
(0.00927488 0.0237994 0)
(0.00986956 0.0164844 0)
(0.0103187 0.00977829 0)
(0.0106032 0.00371315 0)
(0.0107297 -0.00167807 0)
(0.0107281 -0.00637034 0)
(0.0106459 -0.0103542 0)
(0.0105408 -0.0136405 0)
(0.0104713 -0.0162639 0)
(0.0104877 -0.0182777 0)
(0.0106265 -0.0197505 0)
(0.0109036 -0.0207575 0)
(0.0113185 -0.0213698 0)
(0.00768094 0.12294 0)
(0.0116933 0.122103 0)
(0.0129916 0.107159 0)
(0.0139691 0.0932206 0)
(0.0147491 0.0806084 0)
(0.0155388 0.0690468 0)
(0.0163695 0.0583947 0)
(0.01722 0.048551 0)
(0.0180498 0.0394358 0)
(0.0188112 0.0309934 0)
(0.0194597 0.0231913 0)
(0.0199607 0.0160171 0)
(0.0202946 0.00947288 0)
(0.020459 0.00356938 0)
(0.020469 -0.00168068 0)
(0.0203555 -0.00626902 0)
(0.0201604 -0.0101972 0)
(0.0199319 -0.0134805 0)
(0.0197176 -0.0161497 0)
(0.0195597 -0.0182492 0)
(0.0194898 -0.0198341 0)
(0.0195243 -0.0209651 0)
(0.0196679 -0.0217008 0)
(0.00745586 0.112822 0)
(0.013553 0.117807 0)
(0.0170856 0.10499 0)
(0.0195544 0.0917488 0)
(0.0214312 0.07937 0)
(0.0229883 0.0679195 0)
(0.0243328 0.0573487 0)
(0.0255002 0.0475924 0)
(0.0264957 0.0385877 0)
(0.0273123 0.0302831 0)
(0.0279404 0.0226425 0)
(0.0283748 0.0156437 0)
(0.0286183 0.00927606 0)
(0.0286842 0.00353658 0)
(0.0285962 -0.00157503 0)
(0.0283869 -0.00606086 0)
(0.0280954 -0.00992895 0)
(0.0277633 -0.0131963 0)
(0.0274309 -0.0158905 0)
(0.0271337 -0.0180489 0)
(0.0268998 -0.019717 0)
(0.026745 -0.0209451 0)
(0.0266769 -0.0217822 0)
(0.0064533 0.10271 0)
(0.0139452 0.111469 0)
(0.0193628 0.101034 0)
(0.0232728 0.088934 0)
(0.0262447 0.0771761 0)
(0.0285851 0.066132 0)
(0.0304637 0.0558701 0)
(0.0319716 0.0463764 0)
(0.0331605 0.0376131 0)
(0.0340632 0.0295395 0)
(0.0347038 0.0221215 0)
(0.0351046 0.0153339 0)
(0.0352894 0.00916014 0)
(0.0352858 0.00359012 0)
(0.0351258 -0.00138312 0)
(0.034845 -0.00576674 0)
(0.0344807 -0.00957136 0)
(0.0340703 -0.0128136 0)
(0.0336487 -0.0155178 0)
(0.0332464 -0.0177155 0)
(0.0328883 -0.0194452 0)
(0.0325896 -0.0207493 0)
(0.0323592 -0.0216696 0)
(0.00538715 0.0932813 0)
(0.0135339 0.103824 0)
(0.0202851 0.0955728 0)
(0.0254039 0.0848773 0)
(0.0293627 0.074053 0)
(0.0324412 0.063683 0)
(0.0348402 0.0539445 0)
(0.0366936 0.0448805 0)
(0.0380935 0.0364835 0)
(0.0391087 0.0287298 0)
(0.0397935 0.0215936 0)
(0.0401947 0.015053 0)
(0.0403547 0.009092 0)
(0.0403142 0.00369927 0)
(0.0401126 -0.00113335 0)
(0.0397886 -0.00541357 0)
(0.039379 -0.00915135 0)
(0.038918 -0.0123611 0)
(0.0384366 -0.0150633 0)
(0.0379614 -0.0172848 0)
(0.0375143 -0.0190584 0)
(0.0371096 -0.0204209 0)
(0.0367574 -0.0214088 0)
(0.00457457 0.084655 0)
(0.0128339 0.0955237 0)
(0.0203645 0.0890516 0)
(0.0263508 0.0798232 0)
(0.0310875 0.0701255 0)
(0.0347836 0.0606334 0)
(0.0376385 0.0515964 0)
(0.0398092 0.0431053 0)
(0.0414166 0.0351839 0)
(0.0425568 0.0278289 0)
(0.0433087 0.0210279 0)
(0.0437388 0.0147678 0)
(0.0439049 0.00903817 0)
(0.0438582 0.00383182 0)
(0.0436449 -0.000856203 0)
(0.0433061 -0.00503045 0)
(0.0428787 -0.00869737 0)
(0.0423945 -0.0118675 0)
(0.0418809 -0.014557 0)
(0.0413612 -0.0167885 0)
(0.0408548 -0.0185905 0)
(0.0403754 -0.0199957 0)
(0.0399337 -0.0210369 0)
(0.00405189 0.0767093 0)
(0.0121434 0.0870294 0)
(0.0200094 0.0819178 0)
(0.0265033 0.0740886 0)
(0.0317557 0.0655972 0)
(0.0358943 0.0571068 0)
(0.0390959 0.0488947 0)
(0.0415223 0.0410826 0)
(0.0433087 0.0337207 0)
(0.0445683 0.0268266 0)
(0.0453961 0.020404 0)
(0.0458727 0.0144523 0)
(0.046067 0.00897049 0)
(0.0460384 0.00395926 0)
(0.0458378 -0.000579605 0)
(0.0455087 -0.00464448 0)
(0.0450875 -0.00823596 0)
(0.0446038 -0.0113591 0)
(0.0440816 -0.0140253 0)
(0.043541 -0.0162535 0)
(0.0429991 -0.018069 0)
(0.042469 -0.0195019 0)
(0.0419622 -0.0205828 0)
(0.00376415 0.0692644 0)
(0.0115885 0.0786096 0)
(0.019478 0.0745378 0)
(0.0261633 0.0679907 0)
(0.0316682 0.0607041 0)
(0.0360545 0.0532648 0)
(0.0394697 0.0459422 0)
(0.0420669 0.0388715 0)
(0.0439833 0.0321221 0)
(0.0453383 0.0257302 0)
(0.046235 0.019716 0)
(0.0467618 0.0140925 0)
(0.0469945 0.00887065 0)
(0.0469976 0.00406122 0)
(0.0468255 -0.000324774 0)
(0.046523 -0.00427716 0)
(0.0461255 -0.00778864 0)
(0.0456602 -0.0108574 0)
(0.0451474 -0.0134895 0)
(0.0446033 -0.0157006 0)
(0.0440427 -0.0175144 0)
(0.0434782 -0.0189601 0)
(0.042923 -0.0200673 0)
(0.00365637 0.0621413 0)
(0.0111907 0.0704037 0)
(0.0188984 0.0671821 0)
(0.0255289 0.0618027 0)
(0.0310593 0.0556719 0)
(0.0355114 0.0492754 0)
(0.0390059 0.0428552 0)
(0.0416807 0.0365474 0)
(0.0436656 0.0304332 0)
(0.045078 0.0245634 0)
(0.0460219 0.018973 0)
(0.0465883 0.0136885 0)
(0.0468559 0.00873294 0)
(0.046892 0.00412845 0)
(0.046753 -0.000103263 0)
(0.046484 -0.00394166 0)
(0.0461194 -0.00736966 0)
(0.045683 -0.010377 0)
(0.0451903 -0.0129639 0)
(0.044653 -0.0151434 0)
(0.0440829 -0.0169396 0)
(0.0434929 -0.0183829 0)
(0.0428983 -0.0195036 0)
(0.00367702 0.0551892 0)
(0.0109143 0.0624861 0)
(0.0183117 0.0600384 0)
(0.0247149 0.0557338 0)
(0.0300986 0.0506872 0)
(0.034468 0.0452881 0)
(0.0379239 0.0397457 0)
(0.040587 0.0341902 0)
(0.0425752 0.0287087 0)
(0.0439985 0.0233624 0)
(0.0449567 0.0181981 0)
(0.0455394 0.0132542 0)
(0.0458254 0.00856511 0)
(0.0458829 0.00416424 0)
(0.0457691 8.47381e-05 0)
(0.0455297 -0.00364109 0)
(0.0451973 -0.00698449 0)
(0.0447918 -0.00992483 0)
(0.0443225 -0.0124554 0)
(0.0437944 -0.0145878 0)
(0.0432159 -0.0163496 0)
(0.042601 -0.0177753 0)
(0.0419687 -0.0188976 0)
(0.00376577 0.0483103 0)
(0.0107041 0.0548987 0)
(0.0177209 0.0532247 0)
(0.0237918 0.0499253 0)
(0.0289128 0.0458863 0)
(0.0330909 0.0414207 0)
(0.0364142 0.0367094 0)
(0.0389883 0.0318749 0)
(0.0409175 0.0270059 0)
(0.0423017 0.0221707 0)
(0.0432341 0.0174246 0)
(0.0438001 0.0128155 0)
(0.0440765 0.00838763 0)
(0.0441313 0.00418466 0)
(0.0440226 0.000251199 0)
(0.0437966 -0.00336761 0)
(0.0434851 -0.00662909 0)
(0.0431037 -0.00949933 0)
(0.0426528 -0.0119626 0)
(0.042128 -0.0140313 0)
(0.0415337 -0.015741 0)
(0.0408862 -0.0171344 0)
(0.0402107 -0.0182485 0)
(0.00387152 0.0414632 0)
(0.0105326 0.0476589 0)
(0.0171419 0.0468016 0)
(0.0228253 0.0444605 0)
(0.0276124 0.0413584 0)
(0.0315246 0.0377585 0)
(0.0346449 0.0338225 0)
(0.0370664 0.0296665 0)
(0.0388808 0.0253799 0)
(0.0401772 0.0210349 0)
(0.0410404 0.0166926 0)
(0.0415499 0.0124078 0)
(0.0417794 0.00823227 0)
(0.0417961 0.00421819 0)
(0.0416594 0.000420716 0)
(0.0414177 -0.00310152 0)
(0.0411038 -0.00628922 0)
(0.0407298 -0.00909057 0)
(0.0402845 -0.0114765 0)
(0.0397485 -0.0134627 0)
(0.0391211 -0.0151016 0)
(0.0384252 -0.0164496 0)
(0.0376951 -0.0175498 0)
(0.00399806 0.0346223 0)
(0.0104494 0.0407573 0)
(0.0166448 0.0407918 0)
(0.021908 0.0393854 0)
(0.0263126 0.037161 0)
(0.0299056 0.0343616 0)
(0.0327697 0.0311432 0)
(0.0349875 0.0276197 0)
(0.0366392 0.0238808 0)
(0.0378026 0.0200012 0)
(0.0385532 0.0160457 0)
(0.0389632 0.0120733 0)
(0.0391016 0.00814054 0)
(0.0390345 0.00430545 0)
(0.0388234 0.000631519 0)
(0.0385216 -0.00280959 0)
(0.0381674 -0.00593904 0)
(0.0377734 -0.00867966 0)
(0.0373123 -0.0109791 0)
(0.0367408 -0.0128611 0)
(0.0360528 -0.01441 0)
(0.0352843 -0.0157039 0)
(0.0344845 -0.0167913 0)
(0.0042506 0.0276892 0)
(0.0106158 0.0341592 0)
(0.016371 0.0352134 0)
(0.0211676 0.0347397 0)
(0.0251401 0.0333394 0)
(0.0283675 0.0312765 0)
(0.0309319 0.0287177 0)
(0.032905 0.0257793 0)
(0.0343543 0.022552 0)
(0.0353459 0.0191124 0)
(0.0359441 0.0155274 0)
(0.0362117 0.011858 0)
(0.0362112 0.00816204 0)
(0.0360059 0.00449942 0)
(0.0356599 0.000937763 0)
(0.0352349 -0.00244107 0)
(0.0347827 -0.0055371 0)
(0.0343265 -0.00823696 0)
(0.0338186 -0.0104425 0)
(0.0331758 -0.0121935 0)
(0.0323871 -0.0136348 0)
(0.0315157 -0.0148748 0)
(0.0306317 -0.0159626 0)
(0.00486711 0.0203638 0)
(0.0112817 0.0278236 0)
(0.0165009 0.0301223 0)
(0.0207425 0.0305847 0)
(0.024218 0.0299438 0)
(0.0270336 0.0285461 0)
(0.0292616 0.0265848 0)
(0.0309578 0.0241818 0)
(0.0321751 0.0214291 0)
(0.0329654 0.0184048 0)
(0.0333793 0.0151771 0)
(0.033467 0.0118068 0)
(0.0332807 0.00834989 0)
(0.0328778 0.0048627 0)
(0.0323229 0.00141032 0)
(0.0316885 -0.00192262 0)
(0.0310504 -0.00501995 0)
(0.0304668 -0.00772184 0)
(0.0298656 -0.00982937 0)
(0.0290996 -0.0114121 0)
(0.0281568 -0.0127342 0)
(0.0271513 -0.0139389 0)
(0.0261786 -0.0150596 0)
(0.00623662 0.0124556 0)
(0.0126993 0.0218438 0)
(0.0171682 0.0256625 0)
(0.020727 0.0270183 0)
(0.0236362 0.0270374 0)
(0.0260001 0.0262163 0)
(0.0278645 0.0247809 0)
(0.0292638 0.0228569 0)
(0.0302331 0.0205378 0)
(0.0308069 0.0179031 0)
(0.0310182 0.0150219 0)
(0.0309005 0.0119533 0)
(0.0304909 0.00874848 0)
(0.0298345 0.00545512 0)
(0.0289897 0.00212733 0)
(0.0280335 -0.00116127 0)
(0.0270719 -0.0043016 0)
(0.0262524 -0.00709622 0)
(0.0254793 -0.00910631 0)
(0.0245163 -0.0104583 0)
(0.0233539 -0.0116638 0)
(0.0221967 -0.0128834 0)
(0.021157 -0.0140958 0)
(0.00832423 0.00135523 0)
(0.0145044 0.0159191 0)
(0.0182505 0.0219549 0)
(0.0211013 0.024125 0)
(0.0234196 0.0246716 0)
(0.0253141 0.0243205 0)
(0.0268061 0.0233262 0)
(0.0279075 0.0218164 0)
(0.0286325 0.0198858 0)
(0.0289943 0.0176156 0)
(0.0290051 0.0150752 0)
(0.0286776 0.0123213 0)
(0.028028 0.00939822 0)
(0.0270819 0.00634098 0)
(0.025878 0.00318247 0)
(0.0244705 -3.60549e-05 0)
(0.0229706 -0.00325108 0)
(0.0217273 -0.00628977 0)
(0.0206114 -0.00821984 0)
(0.0193566 -0.00925549 0)
(0.0179139 -0.0103973 0)
(0.0166325 -0.0117342 0)
(0.0155997 -0.0131239 0)
(0.00879759 -0.00893833 0)
(0.0173159 0.0141279 0)
(0.0200219 0.020076 0)
(0.0218656 0.0220534 0)
(0.0235197 0.022802 0)
(0.0249448 0.0227734 0)
(0.0260908 0.0221338 0)
(0.0269301 0.0209898 0)
(0.0274475 0.0194311 0)
(0.0276317 0.0175369 0)
(0.0274726 0.0153743 0)
(0.0269608 0.0129962 0)
(0.0260885 0.0104399 0)
(0.0248532 0.00772409 0)
(0.0232569 0.00484363 0)
(0.0212971 0.00176444 0)
(0.0190023 -0.00153331 0)
(0.0170216 -0.00479896 0)
(0.014971 -0.00676494 0)
(0.0133705 -0.0076091 0)
(0.0116889 -0.00895416 0)
(0.010437 -0.0105981 0)
(0.00957337 -0.0122614 0)
(-0.00381891 -0.0253382 0)
(0.0165486 -0.000308988 0)
(0.0186095 0.0147546 0)
(0.0215327 0.0191326 0)
(0.0233409 0.020715 0)
(0.0246484 0.0211743 0)
(0.0256489 0.0209455 0)
(0.0263627 0.0202091 0)
(0.0267755 0.0190761 0)
(0.0268655 0.0176311 0)
(0.0266088 0.015944 0)
(0.0259796 0.0140718 0)
(0.0249468 0.0120587 0)
(0.0234676 0.00993216 0)
(0.0214788 0.00769998 0)
(0.0189384 0.0053439 0)
(0.0160069 0.00274205 0)
(0.0130075 -0.000706321 0)
(0.00727479 -0.00311261 0)
(0.00572731 -0.00487007 0)
(0.00439843 -0.00725755 0)
(0.00364771 -0.00957365 0)
(0.0032308 -0.0116259 0)
(0.01008 0.0109296 0)
(0.00110688 0.0081781 0)
(-0.0034486 0.00905216 0)
(-0.0117675 0.00998765 0)
(-0.0060654 0.0192384 0)
(-0.0120105 0.0198715 0)
(-0.0186331 0.0215192 0)
(-0.0260286 0.0235732 0)
(-0.0129138 0.0293443 0)
(-0.0185577 0.031678 0)
(-0.0249755 0.0338907 0)
(-0.0321673 0.0357181 0)
(-0.0170951 0.0369089 0)
(-0.0132477 0.0398711 0)
(-0.0108339 0.0430462 0)
(-0.0144771 0.0474593 0)
(0.00530486 0.0164524 0)
(0.0183846 0.0251881 0)
(0.0278647 0.0422584 0)
(0.0365456 0.0729448 0)
(0.00709277 -0.0139736 0)
(0.00821911 -0.00343672 0)
(0.00584437 0.0178457 0)
(0.00338169 0.0455588 0)
(0.016258 -0.00295976 0)
(0.00376205 0.0168013 0)
(-0.0178702 0.046288 0)
(-0.0237408 0.0571887 0)
(0.0162961 0.0349548 0)
(0.00183545 0.0607394 0)
(-0.00530482 0.0716513 0)
(-0.00780936 0.0664388 0)
(0.000496841 0.0717434 0)
(-0.00417221 0.0716316 0)
(-0.00409201 0.0701911 0)
(-0.00131197 0.0637554 0)
(-0.0284668 0.0712643 0)
(-0.0258437 0.0672103 0)
(-0.0223243 0.0625096 0)
(-0.0186572 0.0561292 0)
(-0.0554559 0.06054 0)
(-0.0498429 0.0571265 0)
(-0.0446647 0.0529945 0)
(-0.0401045 0.0481635 0)
(-0.0745977 0.0465638 0)
(-0.0683871 0.0444838 0)
(-0.0627776 0.0417399 0)
(-0.0578374 0.0385645 0)
(-0.0851123 0.0329995 0)
(-0.0793093 0.0320074 0)
(-0.073978 0.0304965 0)
(-0.0691876 0.0286825 0)
(-0.0882198 0.0210859 0)
(-0.083185 0.0208082 0)
(-0.0784636 0.0202008 0)
(-0.0741143 0.0193981 0)
(-0.0855586 0.0111316 0)
(-0.0813646 0.0112559 0)
(-0.0773516 0.0112048 0)
(-0.0735602 0.011057 0)
(-0.078642 0.00302269 0)
(-0.0752249 0.00334404 0)
(-0.0718978 0.00359827 0)
(-0.0686894 0.00382848 0)
(-0.0688176 -0.00347814 0)
(-0.0660784 -0.00309008 0)
(-0.0633725 -0.00269473 0)
(-0.0607193 -0.00227005 0)
(-0.0572118 -0.0086176 0)
(-0.0550486 -0.00823808 0)
(-0.0528856 -0.0078013 0)
(-0.0507352 -0.00729755 0)
(-0.0447298 -0.0126222 0)
(-0.0430488 -0.0122913 0)
(-0.04135 -0.0118709 0)
(-0.0396404 -0.0113584 0)
(-0.0320762 -0.0156891 0)
(-0.0307949 -0.0154254 0)
(-0.0294871 -0.0150527 0)
(-0.0281558 -0.0145724 0)
(-0.0197798 -0.0179861 0)
(-0.0188276 -0.0177958 0)
(-0.0178453 -0.017486 0)
(-0.0168335 -0.0170601 0)
(-0.00822187 -0.0196547 0)
(-0.00753858 -0.019537 0)
(-0.0068249 -0.0192955 0)
(-0.00607958 -0.0189347 0)
(0.0023367 -0.020813 0)
(0.0028017 -0.0207639 0)
(0.00329574 -0.0205907 0)
(0.0038212 -0.0202984 0)
(0.0117299 -0.0215601 0)
(0.012019 -0.0215736 0)
(0.0123349 -0.0214655 0)
(0.0126807 -0.0212408 0)
(0.0198648 -0.0219774 0)
(0.0200135 -0.0220474 0)
(0.0201864 -0.0219996 0)
(0.0203868 -0.0218391 0)
(0.0267051 -0.0221333 0)
(0.0267428 -0.0222536 0)
(0.0268021 -0.0222609 0)
(0.0268864 -0.0221601 0)
(0.0322566 -0.0220847 0)
(0.0322076 -0.0222494 0)
(0.0321777 -0.0223062 0)
(0.0321702 -0.0222597 0)
(0.0365546 -0.0218783 0)
(0.0364388 -0.0220817 0)
(0.0363397 -0.0221824 0)
(0.0362603 -0.0221849 0)
(0.0396551 -0.0215518 0)
(0.0394882 -0.0217885 0)
(0.0393357 -0.0219277 0)
(0.0392004 -0.0219737 0)
(0.0416261 -0.0211346 0)
(0.0414202 -0.0213993 0)
(0.0412264 -0.0215719 0)
(0.0410477 -0.0216564 0)
(0.0425424 -0.020648 0)
(0.0423059 -0.020936 0)
(0.0420796 -0.0211373 0)
(0.0418666 -0.0212558 0)
(0.0424807 -0.020106 0)
(0.0422189 -0.0204132 0)
(0.0419659 -0.0206393 0)
(0.0417246 -0.0207881 0)
(0.0415169 -0.0195159 0)
(0.0412322 -0.0198392 0)
(0.0409555 -0.0200875 0)
(0.0406898 -0.0202643 0)
(0.0397235 -0.0188792 0)
(0.0394161 -0.019217 0)
(0.0391167 -0.0194865 0)
(0.0388285 -0.0196906 0)
(0.0371684 -0.0181929 0)
(0.0368371 -0.0185462 0)
(0.0365153 -0.0188382 0)
(0.0362061 -0.0190714 0)
(0.0339142 -0.0174523 0)
(0.0335581 -0.0178253 0)
(0.0332148 -0.0181444 0)
(0.032887 -0.018411 0)
(0.0300173 -0.016655 0)
(0.0296385 -0.0170563 0)
(0.0292777 -0.0174107 0)
(0.028937 -0.0177184 0)
(0.0255295 -0.015807 0)
(0.0251367 -0.0162507 0)
(0.0247688 -0.0166526 0)
(0.0244269 -0.0170115 0)
(0.0205023 -0.014933 0)
(0.0201153 -0.0154377 0)
(0.0197609 -0.0159019 0)
(0.0194381 -0.0163229 0)
(0.0149979 -0.01409 0)
(0.0146529 -0.0146741 0)
(0.0143454 -0.0152132 0)
(0.0140717 -0.0157039 0)
(0.00911778 -0.0133846 0)
(0.00886561 -0.0140559 0)
(0.0086485 -0.0146702 0)
(0.00846077 -0.015226 0)
(0.0030392 -0.0129183 0)
(0.00293891 -0.0136724 0)
(0.00285633 -0.0143505 0)
(0.0027872 -0.0149561 0)
(-0.0281846 0.00973669 0)
(-0.0442942 0.012423 0)
(-0.0561588 0.0175724 0)
(-0.0645272 0.0230393 0)
(-0.0703927 0.0220392 0)
(-0.0743157 0.0163045 0)
(-0.0746574 0.0149243 0)
(-0.0681382 0.0205558 0)
(-0.056736 0.0213588 0)
(-0.0454787 0.0148624 0)
(-0.0367322 0.00488796 0)
(-0.0311639 -0.00173439 0)
(-0.0267164 -0.00497412 0)
(-0.0223151 -0.011158 0)
(-0.0197053 -0.023144 0)
(-0.02045 -0.0357603 0)
(-0.0234851 -0.0394478 0)
(-0.0253931 -0.0381772 0)
(-0.0188451 -0.028122 0)
(-0.0395945 0.0252721 0)
(-0.0583599 0.0261222 0)
(-0.0716495 0.0266725 0)
(-0.0777504 0.027482 0)
(-0.0790659 0.0238236 0)
(-0.0797344 0.0173105 0)
(-0.0798159 0.0126384 0)
(-0.0746054 0.0115796 0)
(-0.0631603 0.00964894 0)
(-0.0498339 0.00324475 0)
(-0.0379837 -0.00422107 0)
(-0.0276606 -0.00901989 0)
(-0.0169053 -0.0124242 0)
(-0.00484768 -0.0183179 0)
(0.00543613 -0.0267741 0)
(0.00854899 -0.0340164 0)
(0.00510347 -0.0363281 0)
(-6.56972e-05 -0.0380698 0)
(-0.000812979 -0.0395086 0)
(-0.0466843 0.0373405 0)
(-0.067361 0.0361 0)
(-0.0785953 0.0320963 0)
(-0.0804777 0.0287077 0)
(-0.078512 0.0235963 0)
(-0.0784755 0.0174055 0)
(-0.0796427 0.0114167 0)
(-0.0757943 0.00567895 0)
(-0.0652503 0.000856076 0)
(-0.0518323 -0.00574374 0)
(-0.0389827 -0.0123523 0)
(-0.0256535 -0.0174813 0)
(-0.00929941 -0.0217892 0)
(0.00850174 -0.0274261 0)
(0.0231917 -0.0326368 0)
(0.0296747 -0.0343727 0)
(0.0265326 -0.0331645 0)
(0.0178524 -0.0324918 0)
(0.00507749 -0.0303533 0)
(-0.0338807 0.0478513 0)
(-0.0611879 0.0424783 0)
(-0.0747876 0.0340424 0)
(-0.0761564 0.0284971 0)
(-0.0719282 0.023203 0)
(-0.07088 0.0180794 0)
(-0.072113 0.0117792 0)
(-0.0692827 0.00239939 0)
(-0.0591806 -0.00342003 0)
(-0.0458002 -0.00936042 0)
(-0.0362207 -0.0161978 0)
(-0.0254134 -0.02517 0)
(-0.0058975 -0.0312425 0)
(0.0131877 -0.0335159 0)
(0.0245233 -0.0359816 0)
(0.0282974 -0.0336895 0)
(0.0251164 -0.0299634 0)
(0.0179746 -0.0256295 0)
(-0.00899769 -0.0267391 0)
(0.039039 0.125525 0)
(0.0030108 0.104991 0)
(-0.0171699 0.0586356 0)
(-0.0166735 0.0236373 0)
(-0.00804318 0.0152976 0)
(-0.00167256 0.0189429 0)
(-0.00651735 0.0115998 0)
(-0.013737 -0.014534 0)
(-0.0161109 -0.0373379 0)
(-0.016891 -0.0470616 0)
(-0.0283492 -0.0414045 0)
(-0.0407731 -0.0558302 0)
(-0.0432627 -0.0681897 0)
(-0.0546176 -0.0744455 0)
(-0.043048 -0.0713975 0)
(-0.018763 -0.0419263 0)
(-0.00340172 -0.0101201 0)
(0.00599275 0.0101639 0)
(0.013111 -0.00497732 0)
(0.00592203 0.093478 0)
(0.0199566 0.0925178 0)
(0.0266207 0.0505153 0)
(0.0302991 0.0201409 0)
(0.0313974 0.0125297 0)
(0.0303061 0.0187678 0)
(0.0246052 0.0207883 0)
(0.0138655 0.0075285 0)
(-0.00124196 -0.00630591 0)
(-0.015406 -0.0133096 0)
(-0.0357585 -0.00252515 0)
(-0.0626983 -0.0283365 0)
(-0.0836393 -0.0456732 0)
(-0.0966859 -0.0557452 0)
(-0.0979467 -0.0662447 0)
(-0.0871867 -0.0607419 0)
(-0.0641186 -0.0443022 0)
(-0.031986 -0.0384909 0)
(-0.00142077 -0.0140391 0)
(-0.014435 0.0745756 0)
(0.0176816 0.0688802 0)
(0.0406776 0.0406616 0)
(0.0456092 0.0198293 0)
(0.0412347 0.0143903 0)
(0.0363088 0.0222223 0)
(0.0314694 0.027559 0)
(0.0221506 0.0161654 0)
(0.00407183 0.00595074 0)
(-0.0164115 -0.00236168 0)
(-0.0308015 0.0160723 0)
(-0.0510823 0.00322657 0)
(-0.0804527 -0.01906 0)
(-0.0999415 -0.0455293 0)
(-0.11231 -0.0652162 0)
(-0.110225 -0.0770621 0)
(-0.0878172 -0.0714146 0)
(-0.0573273 -0.0608031 0)
(-0.0255844 -0.0351074 0)
(-0.00337671 0.0578838 0)
(0.0180203 0.0485352 0)
(0.0352822 0.0308039 0)
(0.0385179 0.0227263 0)
(0.0292885 0.0199656 0)
(0.0210047 0.0283239 0)
(0.0180102 0.0328425 0)
(0.0138328 0.0285911 0)
(0.00359368 0.0252946 0)
(-0.0120107 0.0159545 0)
(-0.0245351 0.0263279 0)
(-0.0318968 0.0239054 0)
(-0.0425821 0.00240655 0)
(-0.0569337 -0.0299397 0)
(-0.0720325 -0.0537812 0)
(-0.0732693 -0.0857883 0)
(-0.0628657 -0.0930566 0)
(-0.0471888 -0.0886274 0)
(-0.0272528 -0.080606 0)
(0.00262303 0.0470561 0)
(0.00889516 0.0341797 0)
(0.0125294 0.0235975 0)
(0.0102708 0.0254884 0)
(0.007237 0.0273038 0)
(0.00429735 0.0325506 0)
(0.00339805 0.0341356 0)
(0.00157955 0.0334784 0)
(-0.00189139 0.0318913 0)
(-0.00864525 0.0278286 0)
(-0.014023 0.03011 0)
(-0.0142417 0.0243724 0)
(-0.0133662 0.0052715 0)
(-0.012789 -0.0218171 0)
(-0.00744259 -0.0490065 0)
(-0.00371139 -0.0889027 0)
(-0.0047588 -0.101978 0)
(-0.00220642 -0.0969405 0)
(0.00167123 -0.105752 0)
(-0.014003 0.043232 0)
(-0.0107428 0.031201 0)
(-0.00988882 0.0252966 0)
(-0.0105824 0.0265858 0)
(-0.0108898 0.0287664 0)
(-0.0106406 0.032318 0)
(-0.00925855 0.0338109 0)
(-0.0078339 0.0334599 0)
(-0.00689732 0.0325744 0)
(-0.00760666 0.0306138 0)
(-0.00767534 0.029266 0)
(-0.00386498 0.0200326 0)
(0.00245836 -0.000488604 0)
(0.00889019 -0.0281772 0)
(0.0161197 -0.0573863 0)
(0.0209048 -0.0880574 0)
(0.0221162 -0.100611 0)
(0.0226647 -0.0934069 0)
(0.0202545 -0.0852568 0)
(-0.0340482 0.0395023 0)
(-0.0296479 0.0303888 0)
(-0.0277384 0.0258346 0)
(-0.0265518 0.0258539 0)
(-0.0247497 0.0276218 0)
(-0.022133 0.0302258 0)
(-0.0186259 0.0314125 0)
(-0.0149757 0.0310322 0)
(-0.0115506 0.0304508 0)
(-0.00861605 0.0291473 0)
(-0.00488763 0.0258635 0)
(0.00106595 0.0139499 0)
(0.00779781 -0.00710878 0)
(0.0131909 -0.0340755 0)
(0.0164181 -0.0622598 0)
(0.0159324 -0.0885001 0)
(0.0131114 -0.0998215 0)
(0.0125241 -0.0892918 0)
(0.0119729 -0.0663757 0)
(-0.0509354 0.0330284 0)
(-0.0449919 0.0268728 0)
(-0.0412886 0.0237472 0)
(-0.0382304 0.0234648 0)
(-0.0347465 0.0247473 0)
(-0.0305249 0.0265863 0)
(-0.0256964 0.0274535 0)
(-0.0208913 0.0271869 0)
(-0.0161928 0.0265592 0)
(-0.0112147 0.0250018 0)
(-0.00515275 0.020416 0)
(0.00145383 0.00825517 0)
(0.00626233 -0.0115632 0)
(0.00774839 -0.0360649 0)
(0.00554279 -0.0611476 0)
(-0.000343005 -0.0848013 0)
(-0.00745194 -0.0974251 0)
(-0.00807702 -0.090252 0)
(-0.00148929 -0.0632864 0)
(-0.0622164 0.0255114 0)
(-0.0553461 0.0218184 0)
(-0.0502639 0.0199435 0)
(-0.0458132 0.0197766 0)
(-0.0412395 0.0207167 0)
(-0.0362169 0.0219971 0)
(-0.0308391 0.0226799 0)
(-0.0254839 0.0225331 0)
(-0.020146 0.0217177 0)
(-0.0144567 0.0196027 0)
(-0.0082177 0.0143772 0)
(-0.00249017 0.00355199 0)
(0.000484256 -0.0130935 0)
(-0.00119188 -0.033597 0)
(-0.00758767 -0.0552713 0)
(-0.016579 -0.0776927 0)
(-0.0242705 -0.0939534 0)
(-0.0233533 -0.0967117 0)
(-0.0110504 -0.073 0)
(-0.0675572 0.0179199 0)
(-0.0604236 0.0160637 0)
(-0.0546312 0.0151734 0)
(-0.0494437 0.0152874 0)
(-0.0443404 0.0160973 0)
(-0.0390476 0.0170871 0)
(-0.033578 0.0176737 0)
(-0.0281085 0.0175798 0)
(-0.0226471 0.0166561 0)
(-0.0170734 0.0142911 0)
(-0.01156 0.00926254 0)
(-0.00715546 0.000257901 0)
(-0.0056179 -0.0128202 0)
(-0.00836127 -0.0289063 0)
(-0.0152814 -0.0474095 0)
(-0.0236935 -0.0703426 0)
(-0.0301095 -0.0910301 0)
(-0.0301965 -0.105451 0)
(-0.0169868 -0.0928128 0)
(-0.0676564 0.0107068 0)
(-0.0607462 0.0101511 0)
(-0.054829 0.0100381 0)
(-0.0494471 0.0104802 0)
(-0.04424 0.0113143 0)
(-0.0390006 0.0122041 0)
(-0.033701 0.0127541 0)
(-0.0284194 0.0126963 0)
(-0.0231867 0.0117899 0)
(-0.0180352 0.00953056 0)
(-0.0132512 0.00513606 0)
(-0.00963104 -0.00209279 0)
(-0.00829254 -0.0122169 0)
(-0.00999241 -0.0249023 0)
(-0.0144997 -0.0410875 0)
(-0.0203899 -0.0645347 0)
(-0.0258595 -0.0878053 0)
(-0.0288009 -0.111417 0)
(-0.0187066 -0.115529 0)
(-0.0635654 0.00416802 0)
(-0.057225 0.00448672 0)
(-0.0515792 0.00496491 0)
(-0.0463608 0.00571359 0)
(-0.0413341 0.0066447 0)
(-0.0363513 0.00753412 0)
(-0.0313752 0.00809421 0)
(-0.0264411 0.00809134 0)
(-0.0215851 0.00727968 0)
(-0.0168846 0.00527183 0)
(-0.0125909 0.00153948 0)
(-0.00920395 -0.0043495 0)
(-0.00729022 -0.012538 0)
(-0.00706406 -0.0232063 0)
(-0.00829971 -0.037828 0)
(-0.0115784 -0.0598765 0)
(-0.0164816 -0.0837892 0)
(-0.0216448 -0.112538 0)
(-0.015636 -0.135951 0)
(-0.0563975 -0.00154714 0)
(-0.0508093 -0.000676132 0)
(-0.0456703 0.000219484 0)
(-0.0408383 0.00121653 0)
(-0.0361694 0.00225911 0)
(-0.0315646 0.0031886 0)
(-0.0269942 0.00378686 0)
(-0.0224746 0.00384947 0)
(-0.0180356 0.00314928 0)
(-0.0137474 0.00138289 0)
(-0.0097828 -0.00184648 0)
(-0.00642597 -0.00688612 0)
(-0.00394101 -0.0139971 0)
(-0.00237921 -0.0236337 0)
(-0.00174138 -0.0370846 0)
(-0.00320922 -0.0564089 0)
(-0.00693827 -0.0794505 0)
(-0.0131252 -0.110077 0)
(-0.0110411 -0.150417 0)
(-0.0471753 -0.00639372 0)
(-0.0424015 -0.00520934 0)
(-0.0378852 -0.00404892 0)
(-0.0335622 -0.00287722 0)
(-0.029352 -0.0017429 0)
(-0.0251942 -0.000769323 0)
(-0.0210682 -0.000129207 0)
(-0.0169849 -7.22103e-06 0)
(-0.0129696 -0.000611479 0)
(-0.00907326 -0.00219696 0)
(-0.00540479 -0.00509114 0)
(-0.00213286 -0.00961195 0)
(0.000582321 -0.016089 0)
(0.00263974 -0.0250372 0)
(0.00380636 -0.0373825 0)
(0.00312352 -0.0542564 0)
(0.000526557 -0.0755017 0)
(-0.00604799 -0.106015 0)
(-0.00707016 -0.159352 0)
(-0.036771 -0.0104028 0)
(-0.032798 -0.0090749 0)
(-0.0289398 -0.00777311 0)
(-0.025178 -0.00650004 0)
(-0.0214739 -0.0053091 0)
(-0.0177955 -0.00430661 0)
(-0.0141322 -0.00363863 0)
(-0.0104939 -0.00347368 0)
(-0.00690502 -0.00400477 0)
(-0.00340613 -0.00546223 0)
(-7.2933e-05 -0.0081301 0)
(0.00297823 -0.0123001 0)
(0.00561647 -0.0183092 0)
(0.0076922 -0.0266249 0)
(0.00891149 -0.0378968 0)
(0.00862829 -0.0528696 0)
(0.00676981 -0.0722251 0)
(0.000933642 -0.101228 0)
(-0.00149223 -0.163035 0)
(-0.0258926 -0.0136449 0)
(-0.022664 -0.0122895 0)
(-0.0194488 -0.0109402 0)
(-0.0162534 -0.00962958 0)
(-0.0130657 -0.00842005 0)
(-0.00987418 -0.00741093 0)
(-0.00667826 -0.0067334 0)
(-0.00349099 -0.00654302 0)
(-0.000337639 -0.00702032 0)
(0.00274126 -0.00837842 0)
(0.0056787 -0.0108701 0)
(0.00837847 -0.0147617 0)
(0.0107197 -0.0203652 0)
(0.0125383 -0.0280808 0)
(0.0135676 -0.0383987 0)
(0.0133904 -0.0519169 0)
(0.0118627 -0.0696971 0)
(0.00759344 -0.0969535 0)
(0.00454012 -0.160179 0)
(-0.0150912 -0.0162077 0)
(-0.0125295 -0.0149007 0)
(-0.00991296 -0.0135711 0)
(-0.00726002 -0.0122735 0)
(-0.00457475 -0.0110789 0)
(-0.00186028 -0.0100843 0)
(0.000874321 -0.0094122 0)
(0.00361007 -0.00920774 0)
(0.00631669 -0.00963992 0)
(0.00894885 -0.0109054 0)
(0.0114378 -0.0132314 0)
(0.0136902 -0.0168626 0)
(0.0155873 -0.0220797 0)
(0.0169697 -0.0292279 0)
(0.0176141 -0.0387204 0)
(0.0172338 -0.0511211 0)
(0.0156367 -0.0676327 0)
(0.0122784 -0.0929203 0)
(0.0081425 -0.152632 0)
(-0.00477759 -0.0181824 0)
(-0.00279839 -0.0169708 0)
(-0.00072125 -0.0157064 0)
(0.00143028 -0.0144582 0)
(0.00364259 -0.0133039 0)
(0.00590208 -0.0123396 0)
(0.00819079 -0.0116812 0)
(0.0104823 -0.0114651 0)
(0.012739 -0.0118485 0)
(0.014908 -0.0130119 0)
(0.016915 -0.0151599 0)
(0.0186622 -0.0185169 0)
(0.0200276 -0.0233366 0)
(0.0208553 -0.0299248 0)
(0.0209495 -0.0386613 0)
(0.0200846 -0.0501157 0)
(0.0180718 -0.0655148 0)
(0.0149743 -0.0888914 0)
(0.00977317 -0.142415 0)
(0.00475589 -0.0196572 0)
(0.00623588 -0.0185672 0)
(0.00783836 -0.0173961 0)
(0.00953839 -0.016221 0)
(0.0113168 -0.0151236 0)
(0.0131526 -0.0141982 0)
(0.0150198 -0.0135551 0)
(0.0168846 -0.0133216 0)
(0.0187012 -0.0136431 0)
(0.0204084 -0.0146839 0)
(0.0219248 -0.0166284 0)
(0.0231458 -0.0196794 0)
(0.0239417 -0.0240667 0)
(0.0241516 -0.0300652 0)
(0.0235783 -0.0380329 0)
(0.0219902 -0.0485379 0)
(0.019162 -0.0627784 0)
(0.0151671 -0.0843462 0)
(0.00880607 -0.131603 0)
(0.0133125 -0.0207127 0)
(0.0143714 -0.0197565 0)
(0.0155642 -0.0186937 0)
(0.0168663 -0.0176051 0)
(0.0182556 -0.016573 0)
(0.0197055 -0.015689 0)
(0.0211838 -0.0150571 0)
(0.0226498 -0.0147953 0)
(0.0240502 -0.0150364 0)
(0.0253161 -0.0159291 0)
(0.0263592 -0.0176378 0)
(0.0270684 -0.0203437 0)
(0.0273063 -0.0242511 0)
(0.0269032 -0.0296036 0)
(0.0256469 -0.0367263 0)
(0.0232677 -0.0461481 0)
(0.0194533 -0.0589871 0)
(0.0137847 -0.0786043 0)
(0.00641992 -0.12237 0)
(0.0207718 -0.021421 0)
(0.0214806 -0.0206014 0)
(0.0223255 -0.0196529 0)
(0.0232835 -0.0186562 0)
(0.0243308 -0.0176918 0)
(0.0254372 -0.0168471 0)
(0.0265658 -0.0162187 0)
(0.0276699 -0.0159149 0)
(0.0286902 -0.0160558 0)
(0.0295521 -0.0167743 0)
(0.0301618 -0.018216 0)
(0.0304044 -0.0205405 0)
(0.0301399 -0.0239259 0)
(0.0291977 -0.028583 0)
(0.0273654 -0.0347929 0)
(0.0243709 -0.0430199 0)
(0.0199017 -0.0542839 0)
(0.0134324 -0.0718643 0)
(0.00594284 -0.114249 0)
(0.0270725 -0.0218457 0)
(0.0274938 -0.0211591 0)
(0.0280479 -0.0203247 0)
(0.0287134 -0.0194199 0)
(0.0294663 -0.0185215 0)
(0.0302741 -0.0177111 0)
(0.0310962 -0.0170773 0)
(0.031882 -0.0167178 0)
(0.0325677 -0.0167401 0)
(0.0330746 -0.017262 0)
(0.0333062 -0.0184116 0)
(0.033147 -0.0203288 0)
(0.0324608 -0.0231688 0)
(0.0310874 -0.0271141 0)
(0.0288362 -0.0324075 0)
(0.0254728 -0.0394555 0)
(0.0207466 -0.0492014 0)
(0.0143263 -0.0649155 0)
(0.00706621 -0.105649 0)
(0.0321978 -0.0220411 0)
(0.032386 -0.0214808 0)
(0.0327002 -0.0207562 0)
(0.0331214 -0.0199402 0)
(0.0336259 -0.0191039 0)
(0.0341801 -0.0183219 0)
(0.0347414 -0.0176739 0)
(0.0352564 -0.0172469 0)
(0.0356585 -0.0171358 0)
(0.0358664 -0.0174439 0)
(0.0357828 -0.018284 0)
(0.0352939 -0.0197797 0)
(0.0342706 -0.0220697 0)
(0.0325693 -0.0253184 0)
(0.0300315 -0.0297461 0)
(0.0264752 -0.0357242 0)
(0.0217068 -0.0441308 0)
(0.0155225 -0.0581003 0)
(0.00826333 -0.0960345 0)
(0.0361629 -0.0220535 0)
(0.036164 -0.0216106 0)
(0.036283 -0.0209901 0)
(0.0365036 -0.0202583 0)
(0.0368029 -0.0194797 0)
(0.0371475 -0.0187206 0)
(0.0374939 -0.0180516 0)
(0.0377872 -0.0175483 0)
(0.0379592 -0.017293 0)
(0.0379272 -0.0173757 0)
(0.0375934 -0.0178955 0)
(0.0368457 -0.0189635 0)
(0.0355611 -0.0207082 0)
(0.0336103 -0.0232879 0)
(0.0308648 -0.0269202 0)
(0.0271947 -0.0319691 0)
(0.0224746 -0.0392542 0)
(0.0167121 -0.0515327 0)
(0.0096051 -0.0851991 0)
(0.0390052 -0.0219209 0)
(0.0388571 -0.0215865 0)
(0.0388192 -0.0210636 0)
(0.0388778 -0.0204115 0)
(0.0390116 -0.0196869 0)
(0.0391882 -0.0189474 0)
(0.0393644 -0.0182532 0)
(0.0394849 -0.0176687 0)
(0.0394809 -0.0172633 0)
(0.0392688 -0.017114 0)
(0.0387498 -0.0173069 0)
(0.0378112 -0.0179427 0)
(0.03633 -0.0191441 0)
(0.0341807 -0.0210717 0)
(0.0312449 -0.023957 0)
(0.02742 -0.0281862 0)
(0.0226505 -0.0345509 0)
(0.0172432 -0.045345 0)
(0.0104357 -0.0732834 0)
(0.0407757 -0.0216739 0)
(0.0405094 -0.0214396 0)
(0.0403466 -0.021009 0)
(0.0402767 -0.0204333 0)
(0.0402807 -0.019761 0)
(0.0403278 -0.0190402 0)
(0.0403762 -0.0183205 0)
(0.0403714 -0.0176544 0)
(0.040245 -0.0170983 0)
(0.0399129 -0.0167152 0)
(0.0392746 -0.0165779 0)
(0.0382135 -0.0167753 0)
(0.0365993 -0.0174232 0)
(0.0342932 -0.0186839 0)
(0.0311547 -0.0208034 0)
(0.0270494 -0.0241954 0)
(0.0219059 -0.0296464 0)
(0.0159319 -0.0391323 0)
(0.00877474 -0.0617916 0)
(0.0415338 -0.0213367 0)
(0.0411732 -0.0211955 0)
(0.0409119 -0.0208533 0)
(0.0407422 -0.0203529 0)
(0.0406479 -0.0197336 0)
(0.0406004 -0.0190342 0)
(0.0405604 -0.0182931 0)
(0.0404754 -0.0175506 0)
(0.0402788 -0.0168493 0)
(0.0398872 -0.0162372 0)
(0.0391988 -0.0157711 0)
(0.0380919 -0.0155244 0)
(0.0364246 -0.0155994 0)
(0.0340345 -0.0161483 0)
(0.0307378 -0.0174125 0)
(0.0263282 -0.0198014 0)
(0.0206368 -0.0240788 0)
(0.0133441 -0.0321262 0)
(0.00515573 -0.0527758 0)
(0.0413423 -0.0209269 0)
(0.040906 -0.0208744 0)
(0.0405676 -0.0206192 0)
(0.0403224 -0.0201953 0)
(0.0401568 -0.019633 0)
(0.0400457 -0.0189613 0)
(0.0399527 -0.0182078 0)
(0.0398292 -0.0174003 0)
(0.0396122 -0.0165671 0)
(0.0392211 -0.0157397 0)
(0.0385554 -0.0149562 0)
(0.0374909 -0.0142696 0)
(0.0358764 -0.01376 0)
(0.0335307 -0.0135562 0)
(0.0302363 -0.0138735 0)
(0.0257416 -0.0150876 0)
(0.0198444 -0.0179327 0)
(0.0120561 -0.0244104 0)
(0.00374155 -0.045938 0)
(0.0402653 -0.0204577 0)
(0.0397676 -0.0204923 0)
(0.0393695 -0.0203253 0)
(0.0390692 -0.0199819 0)
(0.0388557 -0.0194835 0)
(0.0387073 -0.0188496 0)
(0.038592 -0.0180976 0)
(0.0384666 -0.017243 0)
(0.0382738 -0.0163001 0)
(0.0379396 -0.0152828 0)
(0.0373688 -0.0142087 0)
(0.0364402 -0.013106 0)
(0.0350011 -0.0120265 0)
(0.0328623 -0.0110679 0)
(0.0297927 -0.0104119 0)
(0.0255298 -0.010403 0)
(0.0198863 -0.0117804 0)
(0.0125379 -0.0167755 0)
(0.00484686 -0.0391262 0)
(0.038367 -0.0199382 0)
(0.0378195 -0.0200618 0)
(0.037377 -0.0199872 0)
(0.037039 -0.0197308 0)
(0.0367971 -0.0193057 0)
(0.0366331 -0.0187227 0)
(0.0365202 -0.0179901 0)
(0.0364221 -0.0171127 0)
(0.0362902 -0.0160911 0)
(0.0360605 -0.0149225 0)
(0.0356486 -0.0136025 0)
(0.0349431 -0.0121325 0)
(0.0337984 -0.0105318 0)
(0.0320268 -0.00886206 0)
(0.0293925 -0.00727083 0)
(0.0256207 -0.00608269 0)
(0.0204978 -0.00606507 0)
(0.0138111 -0.00960377 0)
(0.00650478 -0.0311742 0)
(0.0357121 -0.0193763 0)
(0.0351263 -0.0195945 0)
(0.0346536 -0.0196189 0)
(0.0342937 -0.0194575 0)
(0.0340398 -0.0191162 0)
(0.0338769 -0.018599 0)
(0.0337842 -0.0179066 0)
(0.0337333 -0.017035 0)
(0.0336869 -0.0159734 0)
(0.0335948 -0.0147036 0)
(0.0333889 -0.0132003 0)
(0.0329752 -0.0114366 0)
(0.0322237 -0.00939564 0)
(0.0309559 -0.00709625 0)
(0.0289312 -0.00464269 0)
(0.0258421 -0.00233113 0)
(0.0213911 -0.000935931 0)
(0.0153968 -0.00283391 0)
(0.00816722 -0.0218865 0)
(0.032367 -0.0187805 0)
(0.0317571 -0.0191023 0)
(0.0312698 -0.0192337 0)
(0.0309034 -0.0191756 0)
(0.0306512 -0.0189284 0)
(0.0305013 -0.0184912 0)
(0.0304386 -0.01786 0)
(0.0304438 -0.0170246 0)
(0.0304923 -0.015966 0)
(0.0305511 -0.0146537 0)
(0.0305733 -0.0130441 0)
(0.0304903 -0.0110824 0)
(0.0301972 -0.00871187 0)
(0.0295344 -0.00589694 0)
(0.0282587 -0.00267581 0)
(0.0260099 0.000720918 0)
(0.0223547 0.00356977 0)
(0.0170673 0.00365393 0)
(0.0098422 -0.0111769 0)
(0.0284029 -0.0181637 0)
(0.0277886 -0.0186001 0)
(0.0273057 -0.0188462 0)
(0.0269487 -0.0188979 0)
(0.0267103 -0.0187522 0)
(0.0265807 -0.0184064 0)
(0.0265502 -0.0178543 0)
(0.0266084 -0.0170834 0)
(0.0267441 -0.0160704 0)
(0.0269429 -0.0147773 0)
(0.0271836 -0.0131469 0)
(0.0274294 -0.0111 0)
(0.0276131 -0.00853803 0)
(0.0276095 -0.00535765 0)
(0.0271865 -0.00149531 0)
(0.0259258 0.00295226 0)
(0.0232089 0.00741193 0)
(0.0186396 0.00997945 0)
(0.0111634 0.000852005 0)
(0.0238992 -0.0175464 0)
(0.0233089 -0.0181081 0)
(0.0228539 -0.0184738 0)
(0.0225239 -0.0186372 0)
(0.0223101 -0.0185954 0)
(0.0222042 -0.0183463 0)
(0.022201 -0.0178849 0)
(0.022298 -0.0171999 0)
(0.0224961 -0.0162686 0)
(0.0227991 -0.0150516 0)
(0.0232119 -0.0134854 0)
(0.0237352 -0.0114746 0)
(0.0243515 -0.00888328 0)
(0.0249945 -0.00553275 0)
(0.0254793 -0.00121872 0)
(0.0253639 0.00419291 0)
(0.0238545 0.0104343 0)
(0.0203833 0.0161361 0)
(0.0126655 0.0142487 0)
(0.0189494 -0.0169604 0)
(0.0184206 -0.0176531 0)
(0.0180215 -0.0181366 0)
(0.0177376 -0.0184067 0)
(0.0175583 -0.0184636 0)
(0.0174769 -0.0183082 0)
(0.0174911 -0.0179396 0)
(0.0176043 -0.0173507 0)
(0.0178262 -0.0165239 0)
(0.0181745 -0.015425 0)
(0.018677 -0.0139945 0)
(0.0193706 -0.0121339 0)
(0.0202954 -0.00968628 0)
(0.0214708 -0.00640736 0)
(0.0228169 -0.00192814 0)
(0.0239474 0.00422618 0)
(0.0240016 0.0122786 0)
(0.0225446 0.0217662 0)
(0.0151258 0.0293465 0)
(0.0136665 -0.0164493 0)
(0.0132438 -0.0172671 0)
(0.0129311 -0.017856 0)
(0.0127121 -0.0182182 0)
(0.0125764 -0.0183592 0)
(0.0125185 -0.018285 0)
(0.0125383 -0.0179994 0)
(0.0126415 -0.0175018 0)
(0.0128414 -0.0167826 0)
(0.0131625 -0.0158185 0)
(0.0136447 -0.0145635 0)
(0.01435 -0.0129337 0)
(0.0153692 -0.0107791 0)
(0.0168224 -0.00782523 0)
(0.0187949 -0.00355197 0)
(0.0210293 0.00293061 0)
(0.0227916 0.0123855 0)
(0.024577 0.0260464 0)
(0.0183951 0.0474052 0)
(0.00818995 -0.0160655 0)
(0.00791721 -0.0169829 0)
(0.00771841 -0.0176508 0)
(0.00758048 -0.0180798 0)
(0.00749571 -0.018281 0)
(0.00746049 -0.0182652 0)
(0.00747526 -0.0180411 0)
(0.00754504 -0.0176137 0)
(0.00768107 -0.016982 0)
(0.00790421 -0.0161351 0)
(0.00825094 -0.0150468 0)
(0.00878406 -0.0136624 0)
(0.00961437 -0.0118719 0)
(0.0109435 -0.00943816 0)
(0.0130472 -0.00580235 0)
(0.0157842 0.000261789 0)
(0.0191101 0.00952994 0)
(0.0261368 0.0260377 0)
(0.0222334 0.0642504 0)
(0.00269038 -0.0158613 0)
(0.00259607 -0.0168408 0)
(0.00252793 -0.0175545 0)
(0.00248067 -0.0180206 0)
(0.00245131 -0.0182549 0)
(0.00243861 -0.018271 0)
(0.00244279 -0.0180808 0)
(0.00246579 -0.017693 0)
(0.00251196 -0.0171126 0)
(0.00258977 -0.016339 0)
(0.0027154 -0.0153651 0)
(0.00292076 -0.0141748 0)
(0.00327526 -0.0127377 0)
(0.0039497 -0.0109814 0)
(0.00531387 -0.0086416 0)
(0.00723421 -0.00459658 0)
(0.013718 0.00191003 0)
(0.0242601 0.0165193 0)
(0.028656 0.102322 0)
)
;

boundaryField
{
    leftWall
    {
        type            noSlip;
    }
    rightWall
    {
        type            noSlip;
    }
    lowerWall
    {
        type            noSlip;
    }
    atmosphere
    {
        type            pressureInletOutletVelocity;
        value           nonuniform List<vector> 
46
(
(0 -0.0253382 0)
(0 -0.000308988 0)
(0.0186095 0.0147546 0)
(0.0215327 0.0191326 0)
(0.0233409 0.020715 0)
(0.0246484 0.0211743 0)
(0.0256489 0.0209455 0)
(0.0263627 0.0202091 0)
(0.0267755 0.0190761 0)
(0.0268655 0.0176311 0)
(0.0266088 0.015944 0)
(0.0259796 0.0140718 0)
(0.0249468 0.0120587 0)
(0.0234676 0.00993216 0)
(0.0214788 0.00769998 0)
(0.0189384 0.0053439 0)
(0.0160069 0.00274205 0)
(0.0130075 -0.000706321 0)
(0 -0.00311261 0)
(0 -0.00487007 0)
(0 -0.00725755 0)
(0 -0.00957365 0)
(0 -0.0116259 0)
(0 -0.0129183 0)
(0 -0.0136724 0)
(0 -0.0143505 0)
(0 -0.0149561 0)
(0 -0.0158613 0)
(0 -0.0168408 0)
(0 -0.0175545 0)
(0 -0.0180206 0)
(0 -0.0182549 0)
(0 -0.018271 0)
(0 -0.0180808 0)
(0 -0.017693 0)
(0 -0.0171126 0)
(0 -0.016339 0)
(0 -0.0153651 0)
(0 -0.0141748 0)
(0 -0.0127377 0)
(0 -0.0109814 0)
(0 -0.0086416 0)
(0 -0.00459658 0)
(0.013718 0.00191003 0)
(0.0242601 0.0165193 0)
(0.028656 0.102322 0)
)
;
    }
    defaultFaces
    {
        type            empty;
    }
}


// ************************************************************************* //
