/*--------------------------------*- C++ -*----------------------------------*\
  =========                 |
  \\      /  F ield         | OpenFOAM: The Open Source CFD Toolbox
   \\    /   O peration     | Website:  https://openfoam.org
    \\  /    A nd           | Version:  9
     \\/     M anipulation  |
\*---------------------------------------------------------------------------*/
FoamFile
{
    format      ascii;
    class       volVectorField;
    location    "8.72";
    object      U;
}
// * * * * * * * * * * * * * * * * * * * * * * * * * * * * * * * * * * * * * //

dimensions      [0 1 -1 0 0 0 0];

internalField   nonuniform List<vector> 
2268
(
(0.000646933 -0.000298919 0)
(0.00179973 -0.000254581 0)
(0.00276322 -0.000230261 0)
(0.00372403 -0.000233738 0)
(0.00467207 -0.000234745 0)
(0.00559268 -0.000236843 0)
(0.00649279 -0.000237099 0)
(0.00736428 -0.000231778 0)
(0.00817529 -0.000218391 0)
(0.008895 -0.000196949 0)
(0.00952978 -0.0001895 0)
(0.0101545 -0.000221993 0)
(0.0109236 -0.000307939 0)
(0.0119844 -0.000423895 0)
(0.0132887 -0.000477209 0)
(0.0144804 -0.000291046 0)
(0.0144177 0.000308076 0)
(0.0121071 0.00096019 0)
(0.00760804 0.00208243 0)
(-0.000458981 0.00253833 0)
(-0.00650196 0.000888493 0)
(-0.00739483 -0.000790869 0)
(-0.00379557 -0.00167333 0)
(0.000557822 -0.000860844 0)
(0.00167908 -0.00077141 0)
(0.00269131 -0.000716004 0)
(0.00368584 -0.000695405 0)
(0.00463769 -0.000677478 0)
(0.00553941 -0.000659715 0)
(0.00639551 -0.000636704 0)
(0.00719458 -0.000598918 0)
(0.0079132 -0.000541689 0)
(0.00852997 -0.00047492 0)
(0.00904918 -0.000435632 0)
(0.00952172 -0.000473679 0)
(0.0100426 -0.000612408 0)
(0.0106956 -0.000789567 0)
(0.0114301 -0.000811853 0)
(0.011974 -0.000325184 0)
(0.0115647 0.000948173 0)
(0.00941986 0.00238233 0)
(0.00604278 0.00410489 0)
(0.00152672 0.00469788 0)
(-0.0020419 0.00232027 0)
(-0.00450207 -0.000460209 0)
(-0.00367735 -0.00383034 0)
(0.000519264 -0.00135239 0)
(0.00163342 -0.00126044 0)
(0.00267114 -0.00119017 0)
(0.00368546 -0.00114516 0)
(0.00463928 -0.00110148 0)
(0.00552675 -0.00105724 0)
(0.00634974 -0.00100486 0)
(0.00709631 -0.000930247 0)
(0.00774602 -0.000827009 0)
(0.0082805 -0.000711401 0)
(0.0086979 -0.000632915 0)
(0.00902888 -0.000657988 0)
(0.00933775 -0.000816618 0)
(0.00968372 -0.00102045 0)
(0.0100414 -0.00100603 0)
(0.0102502 -0.000283886 0)
(0.00970202 0.00154428 0)
(0.00772923 0.003573 0)
(0.005115 0.00543817 0)
(0.00266 0.0059978 0)
(0.000461928 0.00355273 0)
(-0.00240608 0.00031063 0)
(-0.0026941 -0.00547936 0)
(0.000506323 -0.00185768 0)
(0.00161864 -0.00177027 0)
(0.00267425 -0.00168417 0)
(0.00370463 -0.00161088 0)
(0.00466367 -0.00153418 0)
(0.00554342 -0.00145552 0)
(0.0063435 -0.00136575 0)
(0.00705115 -0.00124572 0)
(0.00764613 -0.00108833 0)
(0.0081095 -0.000913338 0)
(0.00843144 -0.000779671 0)
(0.00862548 -0.000767027 0)
(0.00873649 -0.000913323 0)
(0.00881447 -0.00111609 0)
(0.00886943 -0.00107106 0)
(0.00886762 -0.000181066 0)
(0.0083467 0.00210863 0)
(0.00667002 0.00458697 0)
(0.00459608 0.00638368 0)
(0.00321299 0.0067799 0)
(0.00185848 0.00462435 0)
(-0.000839649 0.00123384 0)
(-0.00153668 -0.0064093 0)
(0.000508843 -0.00235714 0)
(0.00162384 -0.00228542 0)
(0.00269573 -0.00218665 0)
(0.00374284 -0.00208385 0)
(0.00471173 -0.00196966 0)
(0.00559042 -0.0018507 0)
(0.00637654 -0.00171702 0)
(0.00705543 -0.00154402 0)
(0.00760545 -0.00132467 0)
(0.00800577 -0.0010799 0)
(0.0082379 -0.000874944 0)
(0.00830006 -0.000800989 0)
(0.00822286 -0.000906609 0)
(0.00805144 -0.00108635 0)
(0.00782687 -0.00102496 0)
(0.00764675 -6.43008e-05 0)
(0.00724551 0.0025736 0)
(0.00594578 0.00542434 0)
(0.00430428 0.00707458 0)
(0.0034586 0.00722352 0)
(0.00253026 0.00549917 0)
(0.00033446 0.0020635 0)
(-0.00011696 -0.00665576 0)
(0.000521894 -0.00286524 0)
(0.00164674 -0.00280501 0)
(0.002738 -0.0026945 0)
(0.00380537 -0.00256174 0)
(0.00478971 -0.0024066 0)
(0.00567377 -0.00224241 0)
(0.00645353 -0.00205909 0)
(0.00711148 -0.00182599 0)
(0.00762392 -0.00153694 0)
(0.00796864 -0.00121202 0)
(0.00811907 -0.000919796 0)
(0.00805937 -0.000761824 0)
(0.00780771 -0.000799867 0)
(0.00740135 -0.000933422 0)
(0.00689437 -0.000862422 0)
(0.00648412 6.184e-05 0)
(0.00621647 0.00287418 0)
(0.0053912 0.00607925 0)
(0.0041801 0.00758805 0)
(0.0035646 0.00750999 0)
(0.00279835 0.00617146 0)
(0.00142223 0.00253638 0)
(0.00171607 -0.00629012 0)
(0.00053712 -0.00335347 0)
(0.00169313 -0.0033307 0)
(0.0028067 -0.00320972 0)
(0.00389839 -0.00304808 0)
(0.00490342 -0.00284927 0)
(0.00579782 -0.0026353 0)
(0.00657608 -0.00239677 0)
(0.00721758 -0.00209597 0)
(0.00769717 -0.00172937 0)
(0.00799317 -0.00131428 0)
(0.00807279 -0.00091966 0)
(0.00790779 -0.00065648 0)
(0.00750404 -0.000601462 0)
(0.00688497 -0.000661621 0)
(0.00609458 -0.000569171 0)
(0.00534949 0.000256066 0)
(0.00505376 0.00300184 0)
(0.00485273 0.00646099 0)
(0.00425265 0.00797487 0)
(0.00361561 0.00779114 0)
(0.0029843 0.00656615 0)
(0.00269835 0.00248867 0)
(0.00321134 -0.005418 0)
(0.000543038 -0.00395052 0)
(0.00176704 -0.00389256 0)
(0.00290645 -0.00375401 0)
(0.004025 -0.00356213 0)
(0.00505421 -0.00331423 0)
(0.00596082 -0.00304383 0)
(0.00673758 -0.00274227 0)
(0.00736202 -0.00236221 0)
(0.00780966 -0.0019084 0)
(0.00806236 -0.00139278 0)
(0.00808435 -0.000880755 0)
(0.00783777 -0.00049135 0)
(0.00731588 -0.000319623 0)
(0.00652299 -0.000278132 0)
(0.00547903 -0.000132229 0)
(0.00435107 0.000621585 0)
(0.00378548 0.00306799 0)
(0.00407149 0.00645053 0)
(0.00425319 0.00817068 0)
(0.00378504 0.00807045 0)
(0.00354633 0.0065835 0)
(0.00413762 0.00233679 0)
(0.00318386 -0.00382389 0)
(-0.0147356 0.00396414 0)
(-0.0164739 -0.000405025 0)
(-0.0105783 -0.00218278 0)
(-0.00430507 -0.00157245 0)
(-0.000630673 -0.00108225 0)
(0.00229638 -0.000839728 0)
(0.00399255 -0.000296321 0)
(0.00499255 -0.000333266 0)
(0.00608536 -0.000303865 0)
(0.00631563 -0.000115733 0)
(0.00529447 0.000694268 0)
(0.000828522 0.00256849 0)
(-0.00987819 0.00266547 0)
(-0.0147753 0.000272341 0)
(-0.0138961 -0.000446 0)
(-0.0121582 -0.000703168 0)
(-0.0105922 -0.000620819 0)
(-0.00924565 -0.00136548 0)
(-0.00150376 -0.000903547 0)
(-0.0136698 0.00945796 0)
(-0.0105553 -0.00114649 0)
(-0.00749423 -0.00379619 0)
(-0.00397531 -0.00287025 0)
(-0.00195253 -0.00192992 0)
(-0.000610943 -0.00135358 0)
(0.000338843 -0.000762304 0)
(0.00130017 -0.000667436 0)
(0.0017953 -0.000267761 0)
(0.000840047 0.000420193 0)
(-0.000872869 0.0015484 0)
(-0.00276924 0.00431612 0)
(-0.00705954 0.0046032 0)
(-0.00961998 0.0010992 0)
(-0.0105298 -0.000457178 0)
(-0.0102799 -0.00093161 0)
(-0.0106344 -0.000676069 0)
(-0.0113258 -0.00233751 0)
(-0.00576336 -0.00391193 0)
(-0.00811492 0.0133759 0)
(-0.00573968 -0.00212853 0)
(-0.0048965 -0.00477832 0)
(-0.00360359 -0.00357741 0)
(-0.00287467 -0.0023782 0)
(-0.002394 -0.0016333 0)
(-0.00199233 -0.00107799 0)
(-0.00141258 -0.000884782 0)
(-0.00126024 -6.37916e-05 0)
(-0.0025758 0.00113895 0)
(-0.00472061 0.00224168 0)
(-0.00564439 0.00481113 0)
(-0.00607128 0.00516743 0)
(-0.00695887 0.00177849 0)
(-0.00831252 -6.93811e-05 0)
(-0.00875868 -0.000674896 0)
(-0.00998174 -0.000182448 0)
(-0.0116228 -0.00297924 0)
(-0.00726265 -0.0081669 0)
(-0.00195861 0.0154236 0)
(-0.00143926 -0.00226306 0)
(-0.00286189 -0.00480297 0)
(-0.003423 -0.00364732 0)
(-0.00376212 -0.00244877 0)
(-0.00395732 -0.00166798 0)
(-0.00402376 -0.00120652 0)
(-0.00379177 -0.000973915 0)
(-0.0038004 0.000207148 0)
(-0.00507005 0.00188434 0)
(-0.00706482 0.00288629 0)
(-0.00742293 0.00474999 0)
(-0.00618483 0.00497708 0)
(-0.00591488 0.00214858 0)
(-0.00692607 0.000340327 0)
(-0.00730323 -0.000275712 0)
(-0.00860304 0.000496253 0)
(-0.0101258 -0.00355329 0)
(-0.00589836 -0.0121287 0)
(0.00352732 0.0149757 0)
(0.00177695 -0.00149082 0)
(-0.00164032 -0.00397825 0)
(-0.00359723 -0.00318443 0)
(-0.00476543 -0.00219181 0)
(-0.00551016 -0.00149215 0)
(-0.00598632 -0.00117296 0)
(-0.00605507 -0.000984208 0)
(-0.00609527 0.000463193 0)
(-0.0071168 0.00252303 0)
(-0.00862769 0.00333896 0)
(-0.00849488 0.00440921 0)
(-0.00670393 0.00441987 0)
(-0.00591004 0.00223471 0)
(-0.0062804 0.000509776 0)
(-0.0058694 -1.94302e-06 0)
(-0.00637802 0.00106444 0)
(-0.00736459 -0.00420229 0)
(-0.00367872 -0.0150851 0)
(0.00639317 0.0129437 0)
(0.0030445 -1.48562e-06 0)
(-0.00146611 -0.00255676 0)
(-0.00422807 -0.00234066 0)
(-0.00595025 -0.00168228 0)
(-0.00711292 -0.00113593 0)
(-0.00794494 -0.000993023 0)
(-0.00828405 -0.000946357 0)
(-0.00826355 0.000636024 0)
(-0.00891128 0.00300857 0)
(-0.0098501 0.00354721 0)
(-0.00923944 0.00391321 0)
(-0.00726356 0.00374806 0)
(-0.00633333 0.00214863 0)
(-0.00618457 0.000338376 0)
(-0.00469386 -0.000304911 0)
(-0.00358226 0.00118858 0)
(-0.00374932 -0.00469222 0)
(-0.00132907 -0.0168589 0)
(0.00604577 0.0110283 0)
(0.00221807 0.00184468 0)
(-0.00229127 -0.000901834 0)
(-0.00530951 -0.00130056 0)
(-0.00732587 -0.00101182 0)
(-0.00877423 -0.000636698 0)
(-0.00990466 -0.000678885 0)
(-0.0105326 -0.000863933 0)
(-0.0104305 0.000663561 0)
(-0.0105667 0.00330479 0)
(-0.0108702 0.00351514 0)
(-0.00982596 0.00329991 0)
(-0.00776606 0.00305046 0)
(-0.00677218 0.00198132 0)
(-0.00609539 -0.00015653 0)
(-0.00379475 -0.00124142 0)
(-0.00122076 0.000702379 0)
(-0.000167371 -0.00506991 0)
(0.0012728 -0.0172953 0)
(0.00320119 0.00961703 0)
(-6.98859e-05 0.00348176 0)
(-0.00384305 0.000662195 0)
(-0.00674016 -0.000210795 0)
(-0.00885944 -0.000258195 0)
(-0.010469 -3.2917e-05 0)
(-0.0118113 -0.000246761 0)
(-0.012771 -0.000674995 0)
(-0.0127054 0.000511456 0)
(-0.0122182 0.00330302 0)
(-0.0117066 0.00320585 0)
(-0.0102568 0.00258319 0)
(-0.00818484 0.0023103 0)
(-0.00693193 0.00165533 0)
(-0.00547619 -0.00102207 0)
(-0.00291673 -0.00241607 0)
(0.00036505 -0.000421857 0)
(0.00279444 -0.00555264 0)
(0.00368715 -0.0163995 0)
(0.000661103 -0.00480284 0)
(0.00194123 -0.00491413 0)
(0.00310321 -0.00471749 0)
(0.00426859 -0.00445956 0)
(0.00533773 -0.00411441 0)
(0.00625863 -0.00373802 0)
(0.00702085 -0.0033188 0)
(0.00760524 -0.00278501 0)
(0.00799555 -0.00217483 0)
(0.00818466 -0.00148493 0)
(0.00813962 -0.000765739 0)
(0.00781378 -0.000138784 0)
(0.00717775 0.000263838 0)
(0.00620721 0.000539012 0)
(0.00490357 0.000849192 0)
(0.00342325 0.00153917 0)
(0.00242889 0.0033011 0)
(0.00264917 0.00598345 0)
(0.00357853 0.00790617 0)
(0.00427656 0.00811694 0)
(0.00467873 0.00636964 0)
(0.00448286 0.00335524 0)
(0.00050341 0.0012158 0)
(0.000909677 -0.00581134 0)
(0.00223494 -0.00555237 0)
(0.00350712 -0.00537148 0)
(0.00474334 -0.00511805 0)
(0.00582499 -0.00468359 0)
(0.00669438 -0.0041724 0)
(0.00732497 -0.00362358 0)
(0.00774514 -0.00295452 0)
(0.00798734 -0.00221799 0)
(0.00807414 -0.00140177 0)
(0.00801947 -0.000529641 0)
(0.00780135 0.000306785 0)
(0.00733045 0.000971869 0)
(0.00650643 0.00155188 0)
(0.00529196 0.0020916 0)
(0.00379545 0.00268691 0)
(0.00249358 0.00362889 0)
(0.00215101 0.00503907 0)
(0.00300391 0.00631851 0)
(0.00432395 0.00669676 0)
(0.00483285 0.00591818 0)
(0.0036293 0.00510444 0)
(0.000346206 0.00480118 0)
(0.000863243 -0.00701794 0)
(0.00294164 -0.00669948 0)
(0.00442416 -0.00648114 0)
(0.00540033 -0.00620346 0)
(0.0061993 -0.00553719 0)
(0.00714574 -0.00471903 0)
(0.0079296 -0.00396421 0)
(0.00837785 -0.00317633 0)
(0.00855678 -0.00233172 0)
(0.0085821 -0.00142125 0)
(0.00858847 -0.000456678 0)
(0.0086342 0.000503467 0)
(0.00846782 0.0013816 0)
(0.00786803 0.00227293 0)
(0.00685779 0.00315609 0)
(0.00545724 0.0039181 0)
(0.00398939 0.00455363 0)
(0.00326459 0.00514104 0)
(0.00370066 0.00570329 0)
(0.00469516 0.00620554 0)
(0.00479388 0.00665441 0)
(0.00308128 0.00717551 0)
(4.96879e-05 0.00760747 0)
(-0.000724988 -0.0125671 0)
(0.00193946 -0.00801617 0)
(0.00423342 -0.00741948 0)
(0.00319662 -0.00674077 0)
(0.00199549 -0.00603543 0)
(0.00347507 -0.0052785 0)
(0.00554717 -0.00434711 0)
(0.00672418 -0.00339633 0)
(0.00713323 -0.0024246 0)
(0.00725206 -0.0014374 0)
(0.00736306 -0.000448888 0)
(0.00779905 0.000525331 0)
(0.00768805 0.00166108 0)
(0.00672699 0.00274213 0)
(0.00593747 0.00380463 0)
(0.00563522 0.00469024 0)
(0.00560959 0.00517646 0)
(0.00548997 0.005419 0)
(0.00457654 0.0057887 0)
(0.00366105 0.00623208 0)
(0.00338152 0.00725046 0)
(0.00277819 0.00837279 0)
(0.00136581 0.00897571 0)
(-0.0262012 -0.00346135 0)
(-0.0221807 -0.017215 0)
(-0.0238664 -0.0120465 0)
(-0.0315645 -0.00101146 0)
(-0.0349534 -0.0089373 0)
(-0.0303622 -0.0122261 0)
(-0.0242463 -0.010314 0)
(-0.0181455 -0.00631213 0)
(-0.0136287 -0.00384386 0)
(-0.0101545 -0.00220751 0)
(-0.00687513 -0.00150416 0)
(-0.00295265 -0.000867203 0)
(0.000404683 0.00327036 0)
(0.00293402 0.00521431 0)
(0.00647298 0.00561095 0)
(0.0102079 0.00587194 0)
(0.0120982 0.00652152 0)
(0.0112173 0.0067787 0)
(0.00658982 0.00947535 0)
(-0.000995687 0.00780669 0)
(-0.00498351 0.00962684 0)
(-0.00415123 0.0127422 0)
(-0.00115356 0.0200786 0)
(0.00126634 0.0265477 0)
(-0.00653545 -0.00464675 0)
(-0.0139294 -0.00530169 0)
(-0.0117566 0.00651173 0)
(-0.00823336 -0.00920284 0)
(-0.0117014 -0.0115353 0)
(-0.0185348 -0.0135902 0)
(-0.0207647 -0.0104438 0)
(-0.0202676 -0.00830727 0)
(-0.0189118 -0.00624452 0)
(-0.0180094 -0.00535392 0)
(-0.0178318 -0.00566058 0)
(-0.0152009 -0.00290318 0)
(-0.00971303 -0.00239245 0)
(-0.00516321 -0.00290717 0)
(-0.00343209 -0.00020186 0)
(-0.00597603 0.0059983 0)
(-0.0102589 0.0096732 0)
(-0.0111605 0.0150164 0)
(-0.0114954 0.0146773 0)
(-0.0142349 0.0106109 0)
(-0.0160236 0.00632552 0)
(-0.0149273 0.0120152 0)
(0.00988971 0.0096755 0)
(0.00394258 0.00222248 0)
(-0.00461269 -0.0028138 0)
(-0.00634358 -0.0013261 0)
(-0.00859415 -0.00798752 0)
(-0.0138432 -0.00418662 0)
(-0.0174128 -0.00700047 0)
(-0.0203847 -0.00788325 0)
(-0.0222127 -0.00780393 0)
(-0.0233251 -0.00635647 0)
(-0.0240817 -0.0048056 0)
(-0.0245055 -0.00510504 0)
(-0.0225693 -0.00761882 0)
(-0.018541 -0.00697504 0)
(-0.0155217 -0.00358612 0)
(-0.0143848 0.00268031 0)
(-0.014074 0.0100827 0)
(-0.014652 0.0122583 0)
(-0.0155734 0.013898 0)
(-0.0159677 0.0152651 0)
(-0.0165069 0.0127898 0)
(-0.0178991 0.00856283 0)
(-0.0187839 0.00950429 0)
(0.00440499 0.00767547 0)
(0.00210752 0.00690554 0)
(-0.00229847 0.00430582 0)
(-0.00545546 0.00373975 0)
(-0.00867666 -0.00136292 0)
(-0.0125093 -0.0021423 0)
(-0.0150664 -0.00385549 0)
(-0.0177016 -0.00492182 0)
(-0.0198266 -0.00538364 0)
(-0.021162 -0.0047961 0)
(-0.0216465 -0.00404993 0)
(-0.0215509 -0.00507417 0)
(-0.0214081 -0.00888242 0)
(-0.0214421 -0.00856838 0)
(-0.021643 -0.00455919 0)
(-0.0214707 0.00132312 0)
(-0.0201039 0.00813251 0)
(-0.0187031 0.0120187 0)
(-0.0180173 0.0140103 0)
(-0.0172922 0.0147127 0)
(-0.0167906 0.0128428 0)
(-0.017244 0.00958026 0)
(-0.017681 0.00775922 0)
(6.76026e-05 0.00705316 0)
(-0.000893169 0.00846555 0)
(-0.00290527 0.00691397 0)
(-0.00497115 0.00549845 0)
(-0.00743526 0.00203347 0)
(-0.0102027 0.000225089 0)
(-0.0123635 -0.00144321 0)
(-0.0145201 -0.00266369 0)
(-0.0163335 -0.00371864 0)
(-0.0175055 -0.00394077 0)
(-0.0179973 -0.00393367 0)
(-0.0183036 -0.00504326 0)
(-0.0195676 -0.00759156 0)
(-0.021681 -0.00725423 0)
(-0.0232078 -0.0038393 0)
(-0.0234576 0.00075939 0)
(-0.0223755 0.00617824 0)
(-0.0207168 0.0105853 0)
(-0.0192422 0.0129906 0)
(-0.0179452 0.0136291 0)
(-0.0170643 0.0123539 0)
(-0.0169841 0.00983641 0)
(-0.0170874 0.00717456 0)
(-0.00123988 0.00844732 0)
(-0.00210249 0.00943712 0)
(-0.00326707 0.00856088 0)
(-0.00449491 0.00704826 0)
(-0.00616659 0.00440331 0)
(-0.00816448 0.00225844 0)
(-0.00998977 0.000527603 0)
(-0.0117379 -0.000850113 0)
(-0.0132501 -0.0023307 0)
(-0.0144385 -0.00302109 0)
(-0.0153732 -0.00330535 0)
(-0.0164038 -0.00408923 0)
(-0.0181608 -0.0053511 0)
(-0.0204316 -0.00504041 0)
(-0.0220689 -0.00281255 0)
(-0.0225688 0.000616679 0)
(-0.0220081 0.00493728 0)
(-0.0206864 0.00898532 0)
(-0.0191307 0.0114885 0)
(-0.0176711 0.0123538 0)
(-0.0165571 0.0116232 0)
(-0.0159999 0.00962018 0)
(-0.015689 0.00658625 0)
(-0.00123665 0.0102162 0)
(-0.0021422 0.0103789 0)
(-0.00305924 0.00958877 0)
(-0.00392574 0.00814652 0)
(-0.00510807 0.00601286 0)
(-0.00660953 0.00391779 0)
(-0.00812875 0.00216403 0)
(-0.00954954 0.000627279 0)
(-0.0108822 -0.00100242 0)
(-0.0121868 -0.00182101 0)
(-0.0134797 -0.00208389 0)
(-0.0148888 -0.00259113 0)
(-0.0167121 -0.00321128 0)
(-0.0187853 -0.00301672 0)
(-0.0203036 -0.00179526 0)
(-0.0208352 0.000680691 0)
(-0.0204587 0.00414321 0)
(-0.0194155 0.00762651 0)
(-0.0180472 0.0100035 0)
(-0.0166069 0.0109839 0)
(-0.0152881 0.0105782 0)
(-0.0142227 0.00890579 0)
(-0.0133357 0.00585973 0)
(-0.000907603 0.0116876 0)
(-0.00177157 0.011325 0)
(-0.0025988 0.0104007 0)
(-0.00334802 0.00902384 0)
(-0.00429461 0.00719835 0)
(-0.00548033 0.00527595 0)
(-0.00671692 0.00350234 0)
(-0.00788112 0.00185665 0)
(-0.00911342 0.000334453 0)
(-0.0105273 -0.000395071 0)
(-0.0119758 -0.000624121 0)
(-0.013444 -0.000986695 0)
(-0.0151066 -0.00132238 0)
(-0.0168625 -0.0012634 0)
(-0.0182398 -0.000807308 0)
(-0.0188808 0.000824091 0)
(-0.0186907 0.00350889 0)
(-0.0178254 0.00648835 0)
(-0.0166081 0.00865328 0)
(-0.0152242 0.00955672 0)
(-0.0137763 0.00923432 0)
(-0.0123773 0.00773172 0)
(-0.0111189 0.00494807 0)
(-0.00061396 0.0127875 0)
(-0.00134529 0.0121868 0)
(-0.00209681 0.0111443 0)
(-0.00279311 0.00981142 0)
(-0.00361682 0.00816989 0)
(-0.00459963 0.00639486 0)
(-0.00562113 0.00460251 0)
(-0.00663933 0.00295191 0)
(-0.0078354 0.0016783 0)
(-0.00925068 0.00110224 0)
(-0.010661 0.000811567 0)
(-0.0120128 0.000493764 0)
(-0.0134073 0.000246657 0)
(-0.0148 0.000190988 0)
(-0.016048 0.000244995 0)
(-0.0168595 0.00117267 0)
(-0.0169368 0.00307521 0)
(-0.0163077 0.00550681 0)
(-0.015232 0.00740938 0)
(-0.0139107 0.00812404 0)
(-0.0124628 0.00775904 0)
(-0.0110295 0.00635714 0)
(-0.00978403 0.00392443 0)
(-0.00039773 0.0135741 0)
(-0.000965156 0.0129185 0)
(-0.0016222 0.0118259 0)
(-0.00225809 0.0105324 0)
(-0.00298643 0.00901278 0)
(-0.00383227 0.0073463 0)
(-0.00472879 0.00555489 0)
(-0.00570902 0.00401537 0)
(-0.00689808 0.00299644 0)
(-0.00821468 0.00249674 0)
(-0.00947706 0.00211085 0)
(-0.0106609 0.00176561 0)
(-0.0118056 0.00149884 0)
(-0.0128976 0.00135175 0)
(-0.0139432 0.00130028 0)
(-0.014789 0.00173173 0)
(-0.0151392 0.0029559 0)
(-0.0148414 0.0047619 0)
(-0.0139625 0.00626732 0)
(-0.0127432 0.00676602 0)
(-0.0114121 0.00635402 0)
(-0.0101388 0.00508338 0)
(-0.0091182 0.00303482 0)
(-0.000214248 0.0140974 0)
(-0.000646671 0.0135035 0)
(-0.00119153 0.0124253 0)
(-0.00175525 0.0111765 0)
(-0.00239415 0.00975266 0)
(-0.00313702 0.00818926 0)
(-0.0039959 0.00647172 0)
(-0.00499784 0.00509316 0)
(-0.00614923 0.00424521 0)
(-0.00732614 0.00371494 0)
(-0.00841888 0.0032471 0)
(-0.00943896 0.00284092 0)
(-0.0103994 0.00251307 0)
(-0.0112941 0.002287 0)
(-0.0121306 0.00218959 0)
(-0.0128754 0.00237774 0)
(-0.0133403 0.00311681 0)
(-0.0132734 0.00429091 0)
(-0.0126195 0.00528989 0)
(-0.0116005 0.00557575 0)
(-0.0104782 0.00514478 0)
(-0.00943367 0.00404291 0)
(-0.0086447 0.00238001 0)
(-8.28138e-05 0.0144085 0)
(-0.000392281 0.0139469 0)
(-0.000826275 0.0129348 0)
(-0.0013195 0.0117434 0)
(-0.00188608 0.0104079 0)
(-0.00255517 0.0089582 0)
(-0.00339341 0.00741084 0)
(-0.00440301 0.00616962 0)
(-0.00547589 0.00537731 0)
(-0.00650209 0.00476796 0)
(-0.00744816 0.0042304 0)
(-0.00833143 0.0037606 0)
(-0.00915606 0.00336797 0)
(-0.00991905 0.00307128 0)
(-0.0106227 0.00290565 0)
(-0.0112393 0.0029642 0)
(-0.0116422 0.00336245 0)
(-0.0116483 0.00401019 0)
(-0.0111954 0.00454461 0)
(-0.0104273 0.00462412 0)
(-0.0095528 0.00417795 0)
(-0.00874152 0.00323336 0)
(-0.00814336 0.00189239 0)
(-1.8348e-05 0.0145666 0)
(-0.000198998 0.014264 0)
(-0.00054723 0.0133639 0)
(-0.000984969 0.0122495 0)
(-0.00150472 0.0110049 0)
(-0.00213002 0.00967656 0)
(-0.00291717 0.0083269 0)
(-0.00385355 0.00719237 0)
(-0.004811 0.00637018 0)
(-0.00570507 0.00568712 0)
(-0.00653442 0.00508767 0)
(-0.0073071 0.0045593 0)
(-0.00802423 0.00410677 0)
(-0.00868255 0.00374513 0)
(-0.00927624 0.0035027 0)
(-0.00977546 0.00343141 0)
(-0.0100938 0.00356853 0)
(-0.0101181 0.00383608 0)
(-0.00980978 0.004021 0)
(-0.00925753 0.00391622 0)
(-0.00860822 0.00344561 0)
(-0.00799907 0.00262055 0)
(-0.00754786 0.00152019 0)
(3.94405e-05 0.0146155 0)
(-6.62673e-05 0.0144891 0)
(-0.000358412 0.0137347 0)
(-0.000755274 0.012712 0)
(-0.00123615 0.0115609 0)
(-0.00181798 0.0103491 0)
(-0.00252554 0.00915275 0)
(-0.00333577 0.00809635 0)
(-0.00416224 0.00723428 0)
(-0.00494414 0.00649535 0)
(-0.00567289 0.00584074 0)
(-0.00635007 0.00525787 0)
(-0.00697442 0.00474831 0)
(-0.00754096 0.00432234 0)
(-0.00803896 0.00399787 0)
(-0.0084407 0.00379863 0)
(-0.00868924 0.00372827 0)
(-0.00871909 0.00372519 0)
(-0.0085112 0.00366047 0)
(-0.0081221 0.00340754 0)
(-0.00765143 0.00290716 0)
(-0.00720139 0.00216286 0)
(-0.0068598 0.00123088 0)
(7.61653e-05 0.0145962 0)
(-1.41357e-05 0.0146679 0)
(-0.000268361 0.01406 0)
(-0.000614782 0.0131301 0)
(-0.00104439 0.0120689 0)
(-0.00156354 0.0109576 0)
(-0.00217704 0.00986377 0)
(-0.00286131 0.00886027 0)
(-0.00356148 0.00798079 0)
(-0.00423518 0.00720119 0)
(-0.00486859 0.00649956 0)
(-0.00545724 0.00586664 0)
(-0.00599683 0.00530232 0)
(-0.00648043 0.00481237 0)
(-0.00689578 0.0044058 0)
(-0.0072199 0.00409002 0)
(-0.0074162 0.00385572 0)
(-0.00744839 0.00365676 0)
(-0.00730947 0.00341303 0)
(-0.00703711 0.00304636 0)
(-0.00669843 0.00251551 0)
(-0.00636637 0.00182116 0)
(-0.00610425 0.00100183 0)
(6.29632e-05 0.014564 0)
(-2.57094e-05 0.0148353 0)
(-0.000251066 0.0143354 0)
(-0.000533993 0.0134913 0)
(-0.000899969 0.0125126 0)
(-0.00134394 0.0114838 0)
(-0.00186033 0.0104624 0)
(-0.00242853 0.00949755 0)
(-0.00301289 0.00861417 0)
(-0.00358348 0.00780753 0)
(-0.00412518 0.00706822 0)
(-0.00462977 0.00639114 0)
(-0.00509044 0.00577579 0)
(-0.00549891 0.00522469 0)
(-0.00584325 0.00474094 0)
(-0.00610564 0.00432381 0)
(-0.0062629 0.00396039 0)
(-0.00629553 0.00361701 0)
(-0.00620288 0.00324293 0)
(-0.0060111 0.00278948 0)
(-0.00576558 0.00222936 0)
(-0.00551721 0.00156264 0)
(-0.00531076 0.000815328 0)
(2.24937e-05 0.01456 0)
(-5.63121e-05 0.0149931 0)
(-0.000247161 0.0145599 0)
(-0.000476218 0.0137908 0)
(-0.000778385 0.0128846 0)
(-0.00114546 0.011923 0)
(-0.00156918 0.0109566 0)
(-0.00203315 0.0100228 0)
(-0.00251337 0.00914225 0)
(-0.00298816 0.00831888 0)
(-0.00344317 0.00755081 0)
(-0.00386862 0.00683631 0)
(-0.00425618 0.00617523 0)
(-0.00459703 0.00556831 0)
(-0.00488037 0.00501542 0)
(-0.00509274 0.00451252 0)
(-0.00521945 0.0040472 0)
(-0.00525027 0.00359537 0)
(-0.00518739 0.00312443 0)
(-0.00504937 0.00260386 0)
(-0.00486715 0.00201616 0)
(-0.00467586 0.00136146 0)
(-0.00450676 0.00065738 0)
(-5.7251e-05 0.0146019 0)
(-8.74646e-05 0.0151172 0)
(-0.000234288 0.0147413 0)
(-0.000422444 0.0140343 0)
(-0.000665764 0.0131874 0)
(-0.000960021 0.0122796 0)
(-0.00129881 0.0113564 0)
(-0.00167024 0.0104487 0)
(-0.00205786 0.00957482 0)
(-0.00244558 0.00874218 0)
(-0.00282069 0.007953 0)
(-0.00317312 0.00720794 0)
(-0.00349405 0.00650742 0)
(-0.00377468 0.00585152 0)
(-0.00400552 0.00523881 0)
(-0.00417639 0.00466457 0)
(-0.0042778 0.00411849 0)
(-0.00430441 0.00358364 0)
(-0.00425928 0.00303896 0)
(-0.0041557 0.00246527 0)
(-0.00401488 0.00185154 0)
(-0.00386095 0.00119818 0)
(-0.00371559 0.000517241 0)
(-0.000120723 0.014692 0)
(-0.000113593 0.0151955 0)
(-0.000221617 0.0148861 0)
(-0.000370616 0.0142275 0)
(-0.000557679 0.013426 0)
(-0.000783588 0.0125601 0)
(-0.00104527 0.0116717 0)
(-0.00133485 0.010787 0)
(-0.00164083 0.00992218 0)
(-0.00195097 0.00908581 0)
(-0.00225423 0.008282 0)
(-0.00254095 0.00751286 0)
(-0.00280237 0.00677947 0)
(-0.0030301 0.00608194 0)
(-0.00321585 0.00541876 0)
(-0.00335171 0.0047858 0)
(-0.00343125 0.00417529 0)
(-0.00345161 0.00357566 0)
(-0.00341569 0.00297335 0)
(-0.003333 0.00235638 0)
(-0.00321808 0.00171799 0)
(-0.00308751 0.00105877 0)
(-0.00295623 0.00038709 0)
(-0.000112159 0.0148099 0)
(-0.000134882 0.0152531 0)
(-0.000219968 0.0149963 0)
(-0.000322338 0.0143704 0)
(-0.000451912 0.0136025 0)
(-0.000612693 0.0127701 0)
(-0.000804343 0.0119112 0)
(-0.00102179 0.0110481 0)
(-0.00125662 0.0101946 0)
(-0.00149902 0.00935893 0)
(-0.00173932 0.00854601 0)
(-0.00196845 0.00775873 0)
(-0.00217802 0.0069988 0)
(-0.00236013 0.00626676 0)
(-0.00250749 0.00556167 0)
(-0.00261369 0.00488063 0)
(-0.00267406 0.00421828 0)
(-0.00268686 0.00356708 0)
(-0.00265443 0.00291852 0)
(-0.00258345 0.00226527 0)
(-0.00248393 0.00160335 0)
(-0.00236721 0.000933513 0)
(-0.00224359 0.000261646 0)
(-0.000109321 0.0149325 0)
(-0.000149811 0.0153221 0)
(-0.00022495 0.0150686 0)
(-0.000271274 0.0144594 0)
(-0.000342232 0.0137174 0)
(-0.0004416 0.0129145 0)
(-0.000570515 0.0120834 0)
(-0.000725401 0.0112421 0)
(-0.000899445 0.0104023 0)
(-0.00108424 0.00957122 0)
(-0.00127103 0.00875392 0)
(-0.00145127 0.00795376 0)
(-0.00161696 0.00717301 0)
(-0.00176073 0.00641287 0)
(-0.00187602 0.00567333 0)
(-0.00195741 0.00495287 0)
(-0.00200119 0.00424834 0)
(-0.00200604 0.00355525 0)
(-0.00197361 0.00286856 0)
(-0.00190854 0.00218407 0)
(-0.00181767 0.00149963 0)
(-0.00170877 0.000816119 0)
(-0.00158894 0.000137749 0)
(-0.000120706 0.0150595 0)
(-0.000162019 0.0154007 0)
(-0.00021274 0.015097 0)
(-0.000202367 0.0144923 0)
(-0.000218008 0.0137735 0)
(-0.000262325 0.0129998 0)
(-0.000337236 0.0121969 0)
(-0.000439745 0.0113792 0)
(-0.000563698 0.0105556 0)
(-0.000701348 0.00973268 0)
(-0.000844431 0.00891506 0)
(-0.000984802 0.00810649 0)
(-0.0011148 0.00730982 0)
(-0.00122749 0.00652706 0)
(-0.00131686 0.00575922 0)
(-0.00137812 0.00500623 0)
(-0.00140807 0.00426686 0)
(-0.0014055 0.00353896 0)
(-0.00137143 0.00282002 0)
(-0.00130899 0.00210796 0)
(-0.00122285 0.00140195 0)
(-0.00111836 0.000702908 0)
(-0.00100043 1.39495e-05 0)
(-0.000146074 0.0151983 0)
(-0.000158731 0.0154581 0)
(-0.000157819 0.0150775 0)
(-9.97217e-05 0.0144729 0)
(-6.83415e-05 0.0137777 0)
(-6.70012e-05 0.0130348 0)
(-9.83223e-05 0.0122622 0)
(-0.000159474 0.0114702 0)
(-0.00024444 0.0106656 0)
(-0.000345656 0.00985366 0)
(-0.000455056 0.00903902 0)
(-0.000564717 0.00822565 0)
(-0.000667252 0.00741702 0)
(-0.000756062 0.00661599 0)
(-0.000825549 0.00582472 0)
(-0.000871345 0.00504449 0)
(-0.000890544 0.00427575 0)
(-0.000881907 0.00351824 0)
(-0.000845939 0.00277131 0)
(-0.000784718 0.00203445 0)
(-0.000701458 0.00130772 0)
(-0.000599876 0.00059216 0)
(-0.000483428 -0.000109901 0)
(-0.000134461 0.0153299 0)
(-0.000100236 0.015465 0)
(-4.85186e-05 0.0150148 0)
(4.50087e-05 0.0144105 0)
(0.000113027 0.0137405 0)
(0.000149396 0.0130303 0)
(0.000150523 0.0122904 0)
(0.000119308 0.0115265 0)
(6.20443e-05 0.0107431 0)
(-1.35065e-05 0.00994464 0)
(-9.92191e-05 0.00913546 0)
(-0.000187251 0.00831995 0)
(-0.000270416 0.00750228 0)
(-0.000342397 0.00668627 0)
(-0.000397921 0.00587517 0)
(-0.000432927 0.0050716 0)
(-0.000444706 0.00427749 0)
(-0.000431983 0.0034941 0)
(-0.000394903 0.00272228 0)
(-0.000334849 0.00196268 0)
(-0.000254081 0.00121607 0)
(-0.000155263 0.00048357 0)
(-4.08991e-05 -0.000233006 0)
(-8.32601e-05 0.0154056 0)
(1.28283e-05 0.0154132 0)
(0.000100489 0.0149162 0)
(0.000226498 0.0143147 0)
(0.000325439 0.0136716 0)
(0.000387986 0.0129972 0)
(0.000411054 0.0122929 0)
(0.000398588 0.0115595 0)
(0.000357913 0.0107994 0)
(0.000297486 0.010016 0)
(0.000225746 0.00921387 0)
(0.000150573 0.00839791 0)
(7.90088e-05 0.00757311 0)
(1.71046e-05 0.00674428 0)
(-3.0153e-05 0.00591583 0)
(-5.89677e-05 0.00509162 0)
(-6.6813e-05 0.00427489 0)
(-5.24178e-05 0.00346825 0)
(-1.57228e-05 0.00267374 0)
(4.23037e-05 0.00189296 0)
(0.000119975 0.00112725 0)
(0.000215268 0.00037782 0)
(0.000326268 -0.000353909 0)
(-3.39244e-05 0.0153914 0)
(0.000139454 0.0153076 0)
(0.000273385 0.0147787 0)
(0.000435876 0.0141868 0)
(0.000565052 0.0135766 0)
(0.000647658 0.0129441 0)
(0.000683104 0.01228 0)
(0.000678573 0.0115802 0)
(0.000643726 0.010845 0)
(0.000588332 0.0100777 0)
(0.000521395 0.00928332 0)
(0.000450891 0.00846761 0)
(0.000383702 0.00763658 0)
(0.000325608 0.00679611 0)
(0.000281281 0.00595177 0)
(0.000254241 0.00510859 0)
(0.000246838 0.00427102 0)
(0.000260268 0.00344285 0)
(0.000294656 0.00262718 0)
(0.000349225 0.00182639 0)
(0.000422581 0.0010423 0)
(0.000513031 0.000276213 0)
(0.000618994 -0.000470774 0)
(2.26097e-05 0.0152852 0)
(0.000263907 0.0151421 0)
(0.000461871 0.0145924 0)
(0.000669848 0.014021 0)
(0.000830752 0.0134577 0)
(0.000927554 0.0128787 0)
(0.000965424 0.0122622 0)
(0.000957892 0.0115994 0)
(0.000918453 0.0108903 0)
(0.000858683 0.0101392 0)
(0.00078822 0.00935218 0)
(0.000715057 0.00853645 0)
(0.000645818 0.00769916 0)
(0.000585928 0.00684734 0)
(0.000539703 0.00598768 0)
(0.000510366 0.00512636 0)
(0.000500053 0.00426895 0)
(0.000509837 0.00342029 0)
(0.000539798 0.00258443 0)
(0.000589187 0.00176449 0)
(0.000656678 0.00096269 0)
(0.000740684 0.000180404 0)
(0.000839751 -0.000581577 0)
(9.19863e-05 0.0150882 0)
(0.000391985 0.0149056 0)
(0.000667651 0.014346 0)
(0.00093112 0.0138097 0)
(0.00112446 0.0133171 0)
(0.00122702 0.01281 0)
(0.00125532 0.0122504 0)
(0.00123327 0.0116279 0)
(0.00117934 0.010945 0)
(0.00110685 0.0102088 0)
(0.00102577 0.00942781 0)
(0.000943822 0.00861084 0)
(0.000867163 0.00776646 0)
(0.000800742 0.00690286 0)
(0.000748455 0.0060278 0)
(0.000713203 0.00514852 0)
(0.000696893 0.00427163 0)
(0.000700444 0.00340298 0)
(0.000723831 0.00254749 0)
(0.000766217 0.00170899 0)
(0.000826181 0.000890084 0)
(0.000902049 9.21848e-05 0)
(0.000992341 -0.000684264 0)
(0.000169151 0.0147976 0)
(0.000540261 0.0145863 0)
(0.000904145 0.0140269 0)
(0.00122892 0.0135446 0)
(0.00144903 0.013161 0)
(0.00154311 0.0127509 0)
(0.00154684 0.0122576 0)
(0.00149866 0.0116765 0)
(0.00142169 0.0110177 0)
(0.00132996 0.0102936 0)
(0.00123294 0.00951612 0)
(0.00113765 0.00869592 0)
(0.00104951 0.00784302 0)
(0.000972859 0.00696671 0)
(0.000911127 0.00607572 0)
(0.000866886 0.00517824 0)
(0.00084183 0.00428182 0)
(0.000836743 0.00339326 0)
(0.000851485 0.00251836 0)
(0.000885072 0.00166165 0)
(0.000935869 0.000826175 0)
(0.00100195 1.33401e-05 0)
(0.00108167 -0.000776854 0)
(0.000273604 0.0143926 0)
(0.000759939 0.0141727 0)
(0.00121504 0.0136265 0)
(0.00157963 0.013239 0)
(0.00179811 0.013002 0)
(0.00186442 0.0127193 0)
(0.00182789 0.0122972 0)
(0.00174447 0.0117541 0)
(0.0016391 0.0111147 0)
(0.00152444 0.0103985 0)
(0.00140853 0.00962108 0)
(0.0012972 0.0087952 0)
(0.001195 0.00793209 0)
(0.00110555 0.00704196 0)
(0.00103183 0.00613433 0)
(0.000976105 0.00521819 0)
(0.000939917 0.00430195 0)
(0.000923985 0.00339329 0)
(0.000928116 0.00249892 0)
(0.000951188 0.00162416 0)
(0.000991285 0.000772563 0)
(0.00104607 -5.44603e-05 0)
(0.00111357 -0.000857507 0)
(0.000557577 0.0137615 0)
(0.00117139 0.0136545 0)
(0.00168011 0.0131808 0)
(0.00199753 0.0129554 0)
(0.0021507 0.0128714 0)
(0.00216288 0.0127327 0)
(0.00207944 0.0123776 0)
(0.00195933 0.0118648 0)
(0.00182526 0.0112383 0)
(0.00168742 0.0105252 0)
(0.00155213 0.00974437 0)
(0.00142398 0.00891045 0)
(0.00130657 0.0080356 0)
(0.00120289 0.00713068 0)
(0.00111545 0.00620582 0)
(0.00104631 0.00527061 0)
(0.000996931 0.0043342 0)
(0.000968106 0.00340511 0)
(0.000959719 0.00249098 0)
(0.000970618 0.0015981 0)
(0.000998598 0.000730697 0)
(0.00104075 -0.000109721 0)
(0.00109456 -0.000924572 0)
(0.00104824 0.0126977 0)
(0.00182337 0.0130129 0)
(0.00231398 0.01279 0)
(0.00248844 0.0127783 0)
(0.00250442 0.0128317 0)
(0.00242392 0.0128052 0)
(0.00229159 0.0124996 0)
(0.00213808 0.0120071 0)
(0.0019779 0.0113871 0)
(0.00181871 0.0106727 0)
(0.00166526 0.00988568 0)
(0.0015209 0.00904191 0)
(0.00138835 0.00815425 0)
(0.00126995 0.00723402 0)
(0.00116782 0.0062917 0)
(0.00108382 0.00533732 0)
(0.00101949 0.00438055 0)
(0.000975799 0.00343068 0)
(0.000952942 0.00249636 0)
(0.000949957 0.00158501 0)
(0.000964464 0.000701896 0)
(0.00099282 -0.000151135 0)
(0.00103169 -0.0009766 0)
(0.00168804 0.0109771 0)
(0.00263579 0.0122319 0)
(0.0030555 0.0125464 0)
(0.00302548 0.0127712 0)
(0.00286073 0.0129421 0)
(0.00266334 0.0129516 0)
(0.00247428 0.0126651 0)
(0.00228564 0.0121799 0)
(0.00210014 0.0115593 0)
(0.00192131 0.0108394 0)
(0.00175145 0.0100437 0)
(0.00159234 0.00918881 0)
(0.00144557 0.00828788 0)
(0.00131279 0.0073524 0)
(0.00119568 0.00639297 0)
(0.00109591 0.0054198 0)
(0.00101511 0.00444287 0)
(0.0009546 0.00347209 0)
(0.000915124 0.00251704 0)
(0.000896285 0.00158653 0)
(0.000895848 0.000687424 0)
(0.000909338 -0.000177568 0)
(0.000932272 -0.00101237 0)
(0.00237408 0.00846723 0)
(0.00347294 0.0113175 0)
(0.00380403 0.0124676 0)
(0.00355096 0.0129668 0)
(0.00320316 0.0132106 0)
(0.00289276 0.0131855 0)
(0.00263627 0.012882 0)
(0.00240705 0.0123854 0)
(0.00219589 0.0117541 0)
(0.00199919 0.0110235 0)
(0.00181523 0.0102165 0)
(0.00164348 0.00934949 0)
(0.00148419 0.00843534 0)
(0.00133812 0.00748531 0)
(0.00120644 0.00650981 0)
(0.00109058 0.00551895 0)
(0.000992192 0.00452274 0)
(0.000912977 0.00353135 0)
(0.000854426 0.00255516 0)
(0.000817207 0.00160447 0)
(0.000799878 0.000688471 0)
(0.000797298 -0.000188179 0)
(0.000803595 -0.00103101 0)
(0.00316645 0.00576728 0)
(0.00443588 0.0104673 0)
(0.00452565 0.0125909 0)
(0.0040147 0.0133721 0)
(0.00349638 0.0136148 0)
(0.00308429 0.0135098 0)
(0.00276328 0.0131527 0)
(0.00249752 0.0126221 0)
(0.00226536 0.011968 0)
(0.00205511 0.0112207 0)
(0.00186076 0.0103999 0)
(0.00167943 0.00952023 0)
(0.00151005 0.00859352 0)
(0.00135257 0.00763033 0)
(0.00120759 0.00664059 0)
(0.00107617 0.00563401 0)
(0.000959814 0.00462034 0)
(0.000860402 0.00360959 0)
(0.00078015 0.00261241 0)
(0.000721235 0.00164045 0)
(0.000684036 0.000705917 0)
(0.000663512 -0.000182888 0)
(0.000652833 -0.00103256 0)
(0.00423134 0.000695359 0)
(0.0058066 0.00969566 0)
(0.00523282 0.0130835 0)
(0.00434189 0.0140132 0)
(0.00366724 0.0141406 0)
(0.00318614 0.0139059 0)
(0.00283092 0.0134618 0)
(0.00254852 0.0128789 0)
(0.00230752 0.0121931 0)
(0.00209135 0.0114253 0)
(0.00189172 0.0105897 0)
(0.00170458 0.00969786 0)
(0.00152814 0.00875996 0)
(0.00136183 0.0077856 0)
(0.00120575 0.00678408 0)
(0.00106051 0.00576462 0)
(0.000927179 0.00473641 0)
(0.000807336 0.0037089 0)
(0.000703429 0.00269232 0)
(0.000619141 0.00169878 0)
(0.000557617 0.000743284 0)
(0.000515609 -0.000160758 0)
(0.000487542 -0.00101787 0)
(0.00345242 -0.00414217 0)
(0.007652 0.00980609 0)
(0.00583095 0.0144065 0)
(0.00440185 0.0149897 0)
(0.00365271 0.0147867 0)
(0.003179 0.0143545 0)
(0.00283709 0.0138027 0)
(0.0025639 0.0131612 0)
(0.00232756 0.0124418 0)
(0.00211281 0.011653 0)
(0.0019124 0.0108028 0)
(0.00172277 0.00989944 0)
(0.00154222 0.00895141 0)
(0.00137002 0.00796735 0)
(0.00120595 0.00695603 0)
(0.00105015 0.00592622 0)
(0.000903015 0.00488661 0)
(0.000765287 0.00384584 0)
(0.000638716 0.00281305 0)
(0.000527292 0.00179928 0)
(0.000436174 0.000819627 0)
(0.000365988 -0.000109647 0)
(0.000314796 -0.000982289 0)
(-0.000727238 -0.0108819 0)
(0.0066407 0.00624215 0)
(0.00480971 0.0162354 0)
(0.00403269 0.0162704 0)
(0.00350535 0.0155309 0)
(0.00312772 0.0148611 0)
(0.00282656 0.0141998 0)
(0.00257043 0.0135008 0)
(0.00234081 0.0127474 0)
(0.00212822 0.0119362 0)
(0.00192785 0.0110696 0)
(0.00173707 0.0101531 0)
(0.00155444 0.00919365 0)
(0.00137919 0.00819903 0)
(0.0012109 0.00717759 0)
(0.00104933 0.00613787 0)
(0.00089431 0.00508824 0)
(0.000745663 0.00403684 0)
(0.000603825 0.00299184 0)
(0.000470896 0.00196268 0)
(0.000349469 0.000962427 0)
(0.000244894 1.62348e-06 0)
(0.00012747 -0.000903616 0)
(-0.00429128 0.00116334 0)
(-0.00471899 0.00111161 0)
(-0.00625712 0.00118451 0)
(-0.00803292 0.00158926 0)
(-0.00249091 0.00422752 0)
(-0.00417255 0.00394247 0)
(-0.00588716 0.00394072 0)
(-0.00741225 0.0041601 0)
(-0.00294613 0.00742067 0)
(-0.00516862 0.00735978 0)
(-0.00736358 0.0072704 0)
(-0.00920615 0.00701312 0)
(-0.00239297 0.00970738 0)
(-0.00635506 0.00951841 0)
(-0.00822945 0.00893138 0)
(-0.00866677 0.00840218 0)
(-0.00608265 0.0342332 0)
(-0.011823 0.0296173 0)
(-0.014567 0.0183074 0)
(-0.0142715 0.0128091 0)
(-0.0105413 0.0284372 0)
(-0.00722509 0.0251253 0)
(-0.00557223 0.0120843 0)
(-0.00472601 0.00488771 0)
(-0.0131604 0.0167655 0)
(-0.00775287 0.0162805 0)
(-0.00411043 0.00990078 0)
(-0.0034351 0.00556606 0)
(-0.0150737 0.00796311 0)
(-0.0124856 0.00734545 0)
(-0.0101618 0.00544297 0)
(-0.00863319 0.00430131 0)
(-0.0157512 0.00496942 0)
(-0.0143428 0.00339193 0)
(-0.0127707 0.00199263 0)
(-0.0113008 0.00116636 0)
(-0.0148258 0.00301965 0)
(-0.0140127 0.000865718 0)
(-0.0131014 -0.000663153 0)
(-0.0121392 -0.00152491 0)
(-0.0128069 0.00198918 0)
(-0.0125291 -0.000267 0)
(-0.0122193 -0.00199042 0)
(-0.0118347 -0.00301227 0)
(-0.0106898 0.00169963 0)
(-0.0106519 -0.000382952 0)
(-0.0107167 -0.00217593 0)
(-0.010799 -0.0032991 0)
(-0.0093336 0.00144474 0)
(-0.00927853 -0.000213103 0)
(-0.00944798 -0.00170885 0)
(-0.00974931 -0.00276779 0)
(-0.00879103 0.00112593 0)
(-0.00875926 -8.99737e-05 0)
(-0.00888968 -0.00118869 0)
(-0.00913784 -0.00207371 0)
(-0.00840636 0.000917501 0)
(-0.00838005 -1.66878e-06 0)
(-0.00846739 -0.000843463 0)
(-0.00864464 -0.00156013 0)
(-0.00795931 0.000755518 0)
(-0.00792935 4.23057e-05 0)
(-0.00797854 -0.000620077 0)
(-0.00809339 -0.0012045 0)
(-0.00739773 0.000612383 0)
(-0.00736183 4.21213e-05 0)
(-0.00738059 -0.000493835 0)
(-0.00744646 -0.000978725 0)
(-0.00673322 0.000480299 0)
(-0.00669299 8.05162e-06 0)
(-0.00669009 -0.000439982 0)
(-0.0067199 -0.000852675 0)
(-0.00599441 0.000357199 0)
(-0.00595135 -4.88494e-05 0)
(-0.00593331 -0.000437049 0)
(-0.00593737 -0.000799888 0)
(-0.00521207 0.000240376 0)
(-0.00516659 -0.000122005 0)
(-0.00513735 -0.000470578 0)
(-0.00512245 -0.000800275 0)
(-0.00441447 0.000126429 0)
(-0.00436631 -0.00020831 0)
(-0.00432813 -0.000531843 0)
(-0.00429865 -0.000840762 0)
(-0.00362597 1.21478e-05 0)
(-0.00357473 -0.000306343 0)
(-0.003529 -0.000615339 0)
(-0.00348793 -0.000912558 0)
(-0.00286669 -0.000104895 0)
(-0.00281213 -0.00041518 0)
(-0.00275996 -0.000717117 0)
(-0.00270957 -0.00100919 0)
(-0.00215264 -0.000226092 0)
(-0.00209484 -0.000533771 0)
(-0.00203729 -0.00083388 0)
(-0.00197954 -0.00112543 0)
(-0.00149609 -0.000351779 0)
(-0.00143549 -0.000660667 0)
(-0.0013737 -0.000962514 0)
(-0.00131037 -0.00125668 0)
(-0.000905962 -0.000481366 0)
(-0.000843297 -0.000793983 0)
(-0.000778508 -0.00109991 0)
(-0.000711334 -0.00139876 0)
(-0.000388217 -0.000613527 0)
(-0.000324445 -0.000931457 0)
(-0.000257982 -0.00124293 0)
(-0.000188625 -0.00154772 0)
(5.3768e-05 -0.000746414 0)
(0.000117544 -0.00107058 0)
(0.000184325 -0.00138844 0)
(0.000254271 -0.00169986 0)
(0.000418868 -0.000877841 0)
(0.000481477 -0.0012087 0)
(0.000547231 -0.00153335 0)
(0.000616259 -0.00185173 0)
(0.000707895 -0.00100546 0)
(0.000768159 -0.00134317 0)
(0.000831592 -0.00167473 0)
(0.000898304 -0.00200014 0)
(0.000923316 -0.00112692 0)
(0.000980097 -0.00147142 0)
(0.00104 -0.00180983 0)
(0.00110311 -0.00214218 0)
(0.001069 -0.00123993 0)
(0.00112122 -0.00159103 0)
(0.00117647 -0.00193611 0)
(0.00123484 -0.00227524 0)
(0.00114995 -0.00134235 0)
(0.00119665 -0.00169977 0)
(0.00124624 -0.00205128 0)
(0.00129884 -0.00239699 0)
(0.00117215 -0.00143223 0)
(0.00121244 -0.00179564 0)
(0.00125547 -0.0021533 0)
(0.0013014 -0.00250538 0)
(0.00114227 -0.00150784 0)
(0.00117539 -0.00187686 0)
(0.0012111 -0.00224039 0)
(0.0012496 -0.00259864 0)
(0.00106754 -0.00156766 0)
(0.00109285 -0.00194193 0)
(0.00112063 -0.00231109 0)
(0.00115111 -0.00267538 0)
(0.000955524 -0.00161048 0)
(0.000972559 -0.00198967 0)
(0.000991973 -0.00236428 0)
(0.0010141 -0.00273459 0)
(0.0008139 -0.00163546 0)
(0.000822467 -0.00201935 0)
(0.000833401 -0.00239941 0)
(0.000847157 -0.00277591 0)
(0.000650462 -0.00164249 0)
(0.000650751 -0.00203098 0)
(0.000653535 -0.00241676 0)
(0.00065942 -0.00279986 0)
(0.000473651 -0.0016324 0)
(0.000466183 -0.00202565 0)
(0.000461674 -0.00241781 0)
(0.000460882 -0.00280823 0)
(0.000292499 -0.00160562 0)
(0.000278375 -0.00200613 0)
(0.000268233 -0.00240636 0)
(0.00026296 -0.00280485 0)
(0.000107049 -0.00155096 0)
(9.40342e-05 -0.00196835 0)
(8.51201e-05 -0.00238311 0)
(8.01429e-05 -0.00279299 0)
(-0.0060487 0.00755823 0)
(-0.00455204 0.00491731 0)
(-0.00683279 0.00268376 0)
(-0.00927466 0.00152164 0)
(-0.0114081 0.00108417 0)
(-0.0130972 0.00104392 0)
(-0.0145155 0.000648832 0)
(-0.0157956 -5.40688e-05 0)
(-0.0161796 0.000180923 0)
(-0.0150566 0.0025185 0)
(-0.013085 0.00212981 0)
(-0.0108827 0.00124668 0)
(-0.00845349 0.000900782 0)
(-0.00598973 0.00041829 0)
(-0.00350887 -0.00276546 0)
(-0.00152175 -0.00428731 0)
(0.00162744 -0.00301603 0)
(0.00495708 -0.0065001 0)
(0.00543094 -0.0133311 0)
(-0.00836933 0.00548995 0)
(-0.00831891 0.00490289 0)
(-0.0100484 0.00398519 0)
(-0.0121711 0.00316219 0)
(-0.0141672 0.00255043 0)
(-0.0156562 0.0021248 0)
(-0.0166818 0.00159321 0)
(-0.0175757 0.000782828 0)
(-0.0180264 -4.04571e-05 0)
(-0.0168393 0.000476047 0)
(-0.0142683 -0.000129526 0)
(-0.011437 -0.00102264 0)
(-0.00833874 -0.00160691 0)
(-0.00478052 -0.0022911 0)
(-0.00203819 -0.00441854 0)
(-0.00102343 -0.0056409 0)
(0.000914209 -0.00556779 0)
(0.00339593 -0.00701178 0)
(0.00365695 -0.00840476 0)
(-0.0109596 0.00666264 0)
(-0.0114295 0.00612019 0)
(-0.0127583 0.00547302 0)
(-0.0144891 0.00466207 0)
(-0.016288 0.00376941 0)
(-0.0176216 0.00287897 0)
(-0.0182601 0.00204065 0)
(-0.018525 0.00112407 0)
(-0.018801 -0.000108002 0)
(-0.0177631 -0.00104044 0)
(-0.0151146 -0.00203575 0)
(-0.0121043 -0.00321899 0)
(-0.00889935 -0.00409164 0)
(-0.00502452 -0.00472431 0)
(-0.00220995 -0.00542702 0)
(-0.00186114 -0.00624464 0)
(-0.000962309 -0.00674221 0)
(0.000248205 -0.00752004 0)
(-0.000817955 -0.00643481 0)
(-0.0111429 0.00730315 0)
(-0.0126336 0.00659303 0)
(-0.0127376 0.00603312 0)
(-0.0131948 0.00538088 0)
(-0.0146403 0.00446548 0)
(-0.016097 0.00335201 0)
(-0.0169007 0.00222724 0)
(-0.0171325 0.00114511 0)
(-0.0172481 8.84586e-05 0)
(-0.0161508 -0.00166733 0)
(-0.0130922 -0.00284459 0)
(-0.00978169 -0.0042729 0)
(-0.00804845 -0.00520667 0)
(-0.0054736 -0.00616653 0)
(-0.00215111 -0.00595413 0)
(-0.00134479 -0.00657011 0)
(-0.000399393 -0.00735918 0)
(0.000574202 -0.007842 0)
(-0.00103943 -0.0104527 0)
(-0.0127015 0.0150533 0)
(-0.0104584 0.00854107 0)
(-0.00801355 0.00709129 0)
(-0.00487042 0.00894154 0)
(-0.00262975 0.00926775 0)
(-0.00130328 0.00663164 0)
(0.000235349 0.00356171 0)
(0.00241267 0.00129191 0)
(0.00534783 -0.00178019 0)
(0.00867569 -0.00820561 0)
(0.0120179 -0.013634 0)
(0.0131772 -0.0134039 0)
(0.00405103 -0.0083292 0)
(-0.00345773 -0.0173581 0)
(-0.00145072 -0.0130226 0)
(0.000106477 -0.00981018 0)
(0.00223689 -0.0111053 0)
(0.00505064 -0.00943965 0)
(0.0077962 -0.00499292 0)
(-0.00172542 0.0068224 0)
(0.00142209 0.00417431 0)
(-0.000630617 0.00205946 0)
(-0.00106504 0.00193316 0)
(0.000663163 0.00308475 0)
(0.0032052 0.00186561 0)
(0.00599047 -0.000277892 0)
(0.00861534 -0.0024842 0)
(0.0109706 -0.00477114 0)
(0.0123092 -0.00649451 0)
(0.0118905 -0.00813439 0)
(0.0112263 -0.000701892 0)
(0.0129098 0.00833236 0)
(0.0134219 -0.00435706 0)
(0.0103734 -0.00846732 0)
(0.00728505 -0.00915176 0)
(0.00463097 -0.0105042 0)
(0.00112036 -0.0109379 0)
(-0.00314205 -5.99987e-06 0)
(-0.00320334 0.00522381 0)
(-0.00168212 0.00505865 0)
(-0.0022242 0.00549257 0)
(-0.0036278 0.00391739 0)
(-0.00325759 0.00230552 0)
(-0.000116748 -0.000513125 0)
(0.00358157 -0.00262926 0)
(0.00581385 -0.0040725 0)
(0.00623486 -0.00574756 0)
(0.00666081 -0.00758526 0)
(0.0082608 -0.00954212 0)
(0.0122127 -0.00793258 0)
(0.0213244 -0.00741996 0)
(0.0270371 -0.00662207 0)
(0.0234578 -0.00486567 0)
(0.0176508 -0.00477884 0)
(0.0117383 -0.00498253 0)
(0.00483156 -0.00459591 0)
(-0.000855512 -0.00488552 0)
(-0.00662084 0.00359817 0)
(-0.004728 0.00433831 0)
(-0.00442286 0.00571571 0)
(-0.00503195 0.00469981 0)
(-0.00440691 0.000416957 0)
(-0.00177005 -0.00384497 0)
(0.000681628 -0.00510555 0)
(0.00206783 -0.0049815 0)
(0.00269713 -0.00576244 0)
(0.00318302 -0.00879454 0)
(0.00445454 -0.0122548 0)
(0.00848495 -0.0136948 0)
(0.0161249 -0.0130763 0)
(0.0215576 -0.00608362 0)
(0.0209151 -0.00109972 0)
(0.0177049 0.000374456 0)
(0.0135132 0.000870783 0)
(0.00832304 0.00111748 0)
(0.00324741 0.00168458 0)
(-0.00895803 0.000865702 0)
(-0.00633613 0.00298889 0)
(-0.00484184 0.00507846 0)
(-0.0040081 0.00447864 0)
(-0.0029939 -0.0011038 0)
(-0.00182975 -0.00540508 0)
(-0.00145151 -0.00593571 0)
(-0.00127533 -0.00564391 0)
(-0.000506999 -0.00637967 0)
(-9.09565e-05 -0.00929639 0)
(-0.000183508 -0.0137712 0)
(0.00113051 -0.0176052 0)
(0.00435009 -0.0181418 0)
(0.0082837 -0.00857981 0)
(0.0109058 -0.00122377 0)
(0.0112901 0.00210992 0)
(0.0100265 0.00385657 0)
(0.00721661 0.0051207 0)
(0.00383909 0.0063088 0)
(-0.0104162 -0.00186915 0)
(-0.00769731 0.000714218 0)
(-0.00519535 0.00347215 0)
(-0.00327848 0.00331344 0)
(-0.00245741 -0.00165232 0)
(-0.00289956 -0.00531064 0)
(-0.00368464 -0.00554335 0)
(-0.00407347 -0.00578235 0)
(-0.00394084 -0.00681313 0)
(-0.00382516 -0.00927041 0)
(-0.00436614 -0.0135565 0)
(-0.00536619 -0.0182381 0)
(-0.00594472 -0.0198065 0)
(-0.00382207 -0.0120742 0)
(0.000132655 -0.00368568 0)
(0.00265861 0.00130073 0)
(0.00372637 0.00446368 0)
(0.00342316 0.00714619 0)
(0.00215671 0.0103222 0)
(-0.0110829 -0.0036674 0)
(-0.00926866 -0.00174357 0)
(-0.00685209 0.00136115 0)
(-0.00475369 0.00183076 0)
(-0.00402719 -0.00146074 0)
(-0.00493381 -0.00428432 0)
(-0.00600417 -0.00488772 0)
(-0.00645175 -0.00555913 0)
(-0.00663594 -0.00675607 0)
(-0.00695223 -0.00891746 0)
(-0.00790648 -0.0124176 0)
(-0.00985397 -0.0166806 0)
(-0.0120619 -0.0191832 0)
(-0.0118054 -0.0147997 0)
(-0.00884841 -0.00675719 0)
(-0.0057365 -0.000951508 0)
(-0.00327178 0.00317451 0)
(-0.00139818 0.00690256 0)
(-0.00034822 0.0112577 0)
(-0.0108953 -0.00424277 0)
(-0.0104576 -0.00320843 0)
(-0.00905413 -0.000464105 0)
(-0.00725575 0.000404554 0)
(-0.00635237 -0.00140713 0)
(-0.00676621 -0.00334863 0)
(-0.0075286 -0.00430772 0)
(-0.00804293 -0.00517868 0)
(-0.00847584 -0.00636707 0)
(-0.00910388 -0.00819735 0)
(-0.0103322 -0.0109574 0)
(-0.0125441 -0.0143934 0)
(-0.015337 -0.0173879 0)
(-0.0167324 -0.015753 0)
(-0.0154384 -0.00931429 0)
(-0.0127026 -0.00360055 0)
(-0.00967185 0.000640516 0)
(-0.00602357 0.00454342 0)
(-0.00276697 0.00887673 0)
(-0.0103118 -0.0038685 0)
(-0.0107844 -0.00348499 0)
(-0.010265 -0.00164356 0)
(-0.00898674 -0.000835689 0)
(-0.00809253 -0.00169558 0)
(-0.00809656 -0.00293033 0)
(-0.00851421 -0.0038555 0)
(-0.00896373 -0.00473108 0)
(-0.00947374 -0.00580796 0)
(-0.0102042 -0.00730714 0)
(-0.0114392 -0.00941179 0)
(-0.0135218 -0.0120444 0)
(-0.0164406 -0.014911 0)
(-0.0190214 -0.0149065 0)
(-0.0195464 -0.0107526 0)
(-0.0179155 -0.00601029 0)
(-0.0148176 -0.00261759 0)
(-0.00973667 0.000221004 0)
(-0.00461204 0.00369634 0)
(-0.00968357 -0.0031444 0)
(-0.0103627 -0.00320491 0)
(-0.0102921 -0.00224876 0)
(-0.00956414 -0.00170961 0)
(-0.00892225 -0.00207574 0)
(-0.00877849 -0.00282359 0)
(-0.00896664 -0.00356065 0)
(-0.00928865 -0.00432946 0)
(-0.00973745 -0.00524836 0)
(-0.0104068 -0.00644595 0)
(-0.0114753 -0.00801803 0)
(-0.0131706 -0.00994223 0)
(-0.015739 -0.0121877 0)
(-0.0187432 -0.0127586 0)
(-0.0207256 -0.0105982 0)
(-0.0206075 -0.00771891 0)
(-0.0178842 -0.00640314 0)
(-0.0118527 -0.0057144 0)
(-0.00557212 -0.00350695 0)
(-0.00905938 -0.00249877 0)
(-0.00965683 -0.00283294 0)
(-0.00977354 -0.0024769 0)
(-0.00942353 -0.00220064 0)
(-0.00902405 -0.00237651 0)
(-0.00886169 -0.00284027 0)
(-0.0089167 -0.00339854 0)
(-0.00910802 -0.00403502 0)
(-0.0094321 -0.0047939 0)
(-0.00994688 -0.00573769 0)
(-0.0107598 -0.00690918 0)
(-0.0120177 -0.00828469 0)
(-0.0139779 -0.00976658 0)
(-0.0165041 -0.0102648 0)
(-0.0186061 -0.00937372 0)
(-0.0190613 -0.0087228 0)
(-0.0167265 -0.0104515 0)
(-0.0109431 -0.0121582 0)
(-0.00511118 -0.0111745 0)
(-0.00837925 -0.00201739 0)
(-0.00883813 -0.00250605 0)
(-0.00900976 -0.00251223 0)
(-0.00886784 -0.0024494 0)
(-0.00863063 -0.00258127 0)
(-0.00848386 -0.00290203 0)
(-0.00845738 -0.00333682 0)
(-0.00852969 -0.00386262 0)
(-0.00870696 -0.00448831 0)
(-0.00902785 -0.00523936 0)
(-0.00955775 -0.00613017 0)
(-0.0103847 -0.0071241 0)
(-0.0116226 -0.00807722 0)
(-0.0131013 -0.00849158 0)
(-0.0141418 -0.00844324 0)
(-0.0139156 -0.00962154 0)
(-0.0118857 -0.0138219 0)
(-0.00762332 -0.0173136 0)
(-0.00359689 -0.0172179 0)
(-0.0076281 -0.00168421 0)
(-0.00795382 -0.00224781 0)
(-0.00811641 -0.00247008 0)
(-0.00807195 -0.0025716 0)
(-0.00792384 -0.00272458 0)
(-0.00778524 -0.00298945 0)
(-0.0076963 -0.0033566 0)
(-0.0076619 -0.00380985 0)
(-0.00769228 -0.00434431 0)
(-0.00780992 -0.00496991 0)
(-0.00804636 -0.00569201 0)
(-0.00842983 -0.00648379 0)
(-0.00895675 -0.00725516 0)
(-0.00941888 -0.00784714 0)
(-0.00931638 -0.00854229 0)
(-0.0083199 -0.0107656 0)
(-0.00685928 -0.0157475 0)
(-0.00487045 -0.0201739 0)
(-0.00325973 -0.0212089 0)
(-0.00682054 -0.00147235 0)
(-0.00702727 -0.00206326 0)
(-0.00714734 -0.00241336 0)
(-0.0071347 -0.00263678 0)
(-0.00702526 -0.0028421 0)
(-0.00687872 -0.00310512 0)
(-0.00673356 -0.00344829 0)
(-0.00660586 -0.00386668 0)
(-0.0065045 -0.00435468 0)
(-0.00643808 -0.00492028 0)
(-0.00641418 -0.00557242 0)
(-0.00642536 -0.00631332 0)
(-0.0064208 -0.00712388 0)
(-0.00622827 -0.00802182 0)
(-0.00556118 -0.00932671 0)
(-0.00438484 -0.0119293 0)
(-0.00343386 -0.0164729 0)
(-0.00298451 -0.0211015 0)
(-0.00304765 -0.0242011 0)
(-0.00597837 -0.00135744 0)
(-0.00608576 -0.00195324 0)
(-0.00614764 -0.00237725 0)
(-0.00612372 -0.00268905 0)
(-0.00601552 -0.00295948 0)
(-0.00584955 -0.00325302 0)
(-0.00565528 -0.00360282 0)
(-0.00545067 -0.00401671 0)
(-0.00524202 -0.00449567 0)
(-0.00503007 -0.00505131 0)
(-0.00480999 -0.00570168 0)
(-0.00456376 -0.00647412 0)
(-0.00424463 -0.00739753 0)
(-0.00375208 -0.00855836 0)
(-0.00297753 -0.0102193 0)
(-0.00201481 -0.0128618 0)
(-0.00135774 -0.0167496 0)
(-0.00124575 -0.021148 0)
(-0.00121601 -0.0261466 0)
(-0.00511974 -0.00131638 0)
(-0.00514941 -0.00191124 0)
(-0.0051509 -0.0023808 0)
(-0.00509133 -0.002759 0)
(-0.00496113 -0.00309346 0)
(-0.00476967 -0.00343248 0)
(-0.00453475 -0.003809 0)
(-0.00427061 -0.00423991 0)
(-0.00398248 -0.00473506 0)
(-0.00366866 -0.00531054 0)
(-0.00332216 -0.00599313 0)
(-0.00292973 -0.00682146 0)
(-0.0024666 -0.00784603 0)
(-0.00189456 -0.00916301 0)
(-0.0012042 -0.0109598 0)
(-0.000519193 -0.0134979 0)
(-0.000133747 -0.0169211 0)
(-0.000288102 -0.0210557 0)
(-0.000242556 -0.0266438 0)
(-0.00426273 -0.00133131 0)
(-0.00423095 -0.00192674 0)
(-0.00417732 -0.00242973 0)
(-0.00407628 -0.0028607 0)
(-0.00391577 -0.00325239 0)
(-0.00369703 -0.00364071 0)
(-0.00342945 -0.00405499 0)
(-0.00312271 -0.00451597 0)
(-0.0027818 -0.00504025 0)
(-0.00240645 -0.00564817 0)
(-0.00199381 -0.00637017 0)
(-0.00154064 -0.00724669 0)
(-0.00104348 -0.00833119 0)
(-0.000505398 -0.00970553 0)
(3.52322e-05 -0.0114949 0)
(0.000454048 -0.0138515 0)
(0.00056198 -0.0168901 0)
(8.52476e-05 -0.020758 0)
(-0.000374613 -0.0268045 0)
(-0.00342623 -0.00138966 0)
(-0.0033461 -0.00198983 0)
(-0.00324556 -0.00252081 0)
(-0.00310548 -0.00299571 0)
(-0.00291468 -0.00343761 0)
(-0.0026711 -0.0038737 0)
(-0.00237935 -0.00432924 0)
(-0.00204608 -0.00482564 0)
(-0.00167641 -0.00538267 0)
(-0.00127336 -0.00602313 0)
(-0.000839922 -0.00677683 0)
(-0.000381895 -0.0076813 0)
(8.93582e-05 -0.00878344 0)
(0.000549397 -0.010145 0)
(0.000943195 -0.0118461 0)
(0.00116396 -0.0139793 0)
(0.00108347 -0.0166493 0)
(0.000449045 -0.0202027 0)
(-0.000223324 -0.0269005 0)
(-0.00262774 -0.0014818 0)
(-0.00251013 -0.00209117 0)
(-0.00237172 -0.00264762 0)
(-0.00219867 -0.00316029 0)
(-0.00198194 -0.003646 0)
(-0.00171874 -0.00412573 0)
(-0.0014116 -0.0046209 0)
(-0.00106578 -0.00515188 0)
(-0.000687222 -0.00573896 0)
(-0.000282103 -0.0064049 0)
(0.000141606 -0.00717709 0)
(0.00057179 -0.00808803 0)
(0.000989435 -0.00917564 0)
(0.00136337 -0.0104843 0)
(0.00164134 -0.0120648 0)
(0.00174325 -0.0139766 0)
(0.0015845 -0.0163253 0)
(0.00100419 -0.0195657 0)
(0.000365469 -0.0265867 0)
(-0.00188223 -0.00159992 0)
(-0.00173631 -0.00222221 0)
(-0.00156886 -0.00280278 0)
(-0.00137026 -0.00334855 0)
(-0.0011339 -0.00387218 0)
(-0.000857579 -0.0043901 0)
(-0.000543388 -0.00492025 0)
(-0.000196453 -0.00548101 0)
(0.000176187 -0.00609154 0)
(0.000565748 -0.006773 0)
(0.000960777 -0.00754964 0)
(0.00134562 -0.00844896 0)
(0.00169879 -0.00950122 0)
(0.00199055 -0.0107392 0)
(0.00217985 -0.012198 0)
(0.0022131 -0.0139222 0)
(0.00203475 -0.0160172 0)
(0.00155779 -0.0189569 0)
(0.00094234 -0.0257444 0)
(-0.00120163 -0.00173742 0)
(-0.00103527 -0.00237527 0)
(-0.000846956 -0.00297893 0)
(-0.000630316 -0.00355395 0)
(-0.000381049 -0.00411007 0)
(-9.81323e-05 -0.00466021 0)
(0.000215877 -0.00521919 0)
(0.000555323 -0.00580293 0)
(0.000911973 -0.00642851 0)
(0.00127506 -0.00711477 0)
(0.00163083 -0.00788283 0)
(0.00196188 -0.00875612 0)
(0.00224672 -0.00976001 0)
(0.00245975 -0.0109216 0)
(0.00257191 -0.0122706 0)
(0.00255161 -0.0138485 0)
(0.00236549 -0.0157571 0)
(0.00199267 -0.0184159 0)
(0.00139444 -0.0244383 0)
(-0.000594791 -0.00188854 0)
(-0.000414806 -0.00254355 0)
(-0.000212893 -0.00316925 0)
(1.48403e-05 -0.00377016 0)
(0.000270719 -0.00435381 0)
(0.000554449 -0.0049303 0)
(0.00086263 -0.00551156 0)
(0.0011888 -0.00611084 0)
(0.00152357 -0.00674272 0)
(0.00185466 -0.00742341 0)
(0.00216667 -0.00817111 0)
(0.00244106 -0.00900628 0)
(0.00265651 -0.00995176 0)
(0.00279034 -0.0110334 0)
(0.00282098 -0.0122827 0)
(0.00273063 -0.0137461 0)
(0.00250521 -0.0155229 0)
(0.0021833 -0.0179403 0)
(0.00165079 -0.0228038 0)
(-6.76141e-05 -0.00204821 0)
(0.000120087 -0.00272114 0)
(0.00032929 -0.0033677 0)
(0.000562064 -0.00399154 0)
(0.000819158 -0.00459837 0)
(0.00109908 -0.00519584 0)
(0.00139755 -0.00579321 0)
(0.00170728 -0.00640099 0)
(0.0020179 -0.007031 0)
(0.0023159 -0.00769667 0)
(0.00258456 -0.00841342 0)
(0.00280405 -0.00919927 0)
(0.00295214 -0.0100756 0)
(0.00300563 -0.0110689 0)
(0.00294287 -0.0122147 0)
(0.00274646 -0.0135676 0)
(0.00240635 -0.0152273 0)
(0.0019456 -0.0174401 0)
(0.00134494 -0.0211982 0)
(0.000376703 -0.00221193 0)
(0.000566998 -0.00290293 0)
(0.000778125 -0.00356915 0)
(0.00101089 -0.00421339 0)
(0.00126487 -0.00483975 0)
(0.00153766 -0.0054537 0)
(0.00182425 -0.00606194 0)
(0.00211669 -0.00667222 0)
(0.0024039 -0.00729351 0)
(0.00267149 -0.00793625 0)
(0.00290162 -0.00861295 0)
(0.00307308 -0.009339 0)
(0.0031617 -0.010134 0)
(0.00314118 -0.0110243 0)
(0.00298419 -0.0120472 0)
(0.0026641 -0.0132614 0)
(0.00216222 -0.0147669 0)
(0.0014265 -0.0167806 0)
(0.000634726 -0.0200494 0)
(0.000737338 -0.00237572 0)
(0.000925808 -0.00308456 0)
(0.00113437 -0.00376933 0)
(0.00136303 -0.00443195 0)
(0.00161063 -0.00507504 0)
(0.00187414 -0.00570204 0)
(0.00214811 -0.00631722 0)
(0.00242427 -0.0069256 0)
(0.00269118 -0.00753318 0)
(0.00293401 -0.00814728 0)
(0.00313424 -0.00877717 0)
(0.00326967 -0.00943517 0)
(0.00331438 -0.0101381 0)
(0.00323897 -0.01091 0)
(0.00301062 -0.0117867 0)
(0.00259473 -0.012825 0)
(0.00196645 -0.0141263 0)
(0.00101458 -0.0159416 0)
(8.83937e-05 -0.0194483 0)
(0.00101553 -0.00253606 0)
(0.00119837 -0.00326234 0)
(0.00140066 -0.00396474 0)
(0.00162198 -0.00464431 0)
(0.00186078 -0.00530224 0)
(0.0021138 -0.0059401 0)
(0.00237548 -0.00655982 0)
(0.00263758 -0.00716377 0)
(0.00288879 -0.00775498 0)
(0.00311438 -0.00833752 0)
(0.00329588 -0.00891724 0)
(0.00341086 -0.00950293 0)
(0.00343287 -0.010108 0)
(0.00333145 -0.0107532 0)
(0.00307243 -0.0114711 0)
(0.00262101 -0.0123165 0)
(0.0019571 -0.0133977 0)
(0.000979987 -0.0150355 0)
(9.48526e-05 -0.0190599 0)
(0.00121424 -0.00268987 0)
(0.0013882 -0.00343317 0)
(0.00158115 -0.00415258 0)
(0.00179254 -0.00484826 0)
(0.0020208 -0.00552008 0)
(0.00226271 -0.00616783 0)
(0.00251295 -0.00679127 0)
(0.00276373 -0.00739024 0)
(0.00300433 -0.00796488 0)
(0.00322075 -0.00851604 0)
(0.00339528 -0.00904608 0)
(0.00350625 -0.00956013 0)
(0.00352785 -0.010068 0)
(0.00343044 -0.0105875 0)
(0.00318158 -0.0111494 0)
(0.0027503 -0.0118098 0)
(0.00212376 -0.0126909 0)
(0.00125063 -0.0141759 0)
(0.000482795 -0.0184861 0)
(0.00133788 -0.00283444 0)
(0.00150018 -0.00359444 0)
(0.00168123 -0.00433056 0)
(0.00188063 -0.0050421 0)
(0.00209698 -0.00572769 0)
(0.00232738 -0.00638548 0)
(0.00256707 -0.00701327 0)
(0.00280903 -0.00760856 0)
(0.00304363 -0.00816878 0)
(0.00325814 -0.00869167 0)
(0.00343629 -0.00917617 0)
(0.00355784 -0.00962375 0)
(0.00359838 -0.0100408 0)
(0.00352952 -0.0104422 0)
(0.00332008 -0.0108581 0)
(0.00293942 -0.0113484 0)
(0.00236969 -0.0120486 0)
(0.0015755 -0.0133728 0)
(0.000795665 -0.0176108 0)
(0.00139204 -0.00296743 0)
(0.0015403 -0.00374394 0)
(0.00170733 -0.00449679 0)
(0.00189299 -0.00522443 0)
(0.00209622 -0.00592434 0)
(0.00231462 -0.00659324 0)
(0.00254419 -0.00722719 0)
(0.00277901 -0.00782161 0)
(0.0030109 -0.00837149 0)
(0.00322888 -0.0088717 0)
(0.00341867 -0.0093178 0)
(0.00356201 -0.00970756 0)
(0.00363614 -0.0100435 0)
(0.00361363 -0.0103374 0)
(0.00346279 -0.0106179 0)
(0.00314879 -0.0109463 0)
(0.00264033 -0.011463 0)
(0.00190211 -0.012578 0)
(0.00106159 -0.0164741 0)
(0.00138327 -0.00308682 0)
(0.00151552 -0.00387982 0)
(0.00166676 -0.00464966 0)
(0.00183717 -0.00539397 0)
(0.00202604 -0.0061092 0)
(0.00223157 -0.00679086 0)
(0.00245066 -0.00743355 0)
(0.00267869 -0.00803098 0)
(0.00290922 -0.00857603 0)
(0.00313343 -0.00906094 0)
(0.00333948 -0.00947806 0)
(0.00351156 -0.00982122 0)
(0.00362884 -0.0100885 0)
(0.00366453 -0.0102869 0)
(0.00358496 -0.0104412 0)
(0.00334829 -0.0106102 0)
(0.002907 -0.0109296 0)
(0.00222781 -0.0117751 0)
(0.00133267 -0.0150799 0)
(0.00131892 -0.00319093 0)
(0.0014336 -0.00400056 0)
(0.00156764 -0.0047878 0)
(0.00172143 -0.0055495 0)
(0.00189458 -0.00628121 0)
(0.00208584 -0.00697747 0)
(0.00229306 -0.0076318 0)
(0.00251303 -0.00823661 0)
(0.00274123 -0.00878309 0)
(0.00297132 -0.00926124 0)
(0.00319434 -0.00966033 0)
(0.00339745 -0.00997001 0)
(0.00356227 -0.0101829 0)
(0.0036627 -0.0102992 0)
(0.00366217 -0.0103364 0)
(0.00350962 -0.010346 0)
(0.00314061 -0.0104531 0)
(0.00253353 -0.0109788 0)
(0.00162751 -0.0134107 0)
(0.00120697 -0.00327846 0)
(0.00130306 -0.00410499 0)
(0.00141888 -0.00491008 0)
(0.00155486 -0.00568978 0)
(0.00171075 -0.00643894 0)
(0.00188575 -0.00715142 0)
(0.00207859 -0.00782009 0)
(0.00228748 -0.00843652 0)
(0.00250989 -0.00899076 0)
(0.00274217 -0.00947106 0)
(0.00297865 -0.00986393 0)
(0.00321019 -0.0101547 0)
(0.00342174 -0.0103293 0)
(0.00358877 -0.0103786 0)
(0.00367146 -0.0103073 0)
(0.00360596 -0.0101524 0)
(0.00330258 -0.0100208 0)
(0.00272447 -0.0101732 0)
(0.00175828 -0.0115339 0)
(0.00105605 -0.00334863 0)
(0.00113316 -0.00419241 0)
(0.00123023 -0.00501564 0)
(0.0013474 -0.00581359 0)
(0.00148434 -0.00658061 0)
(0.00164053 -0.00731029 0)
(0.00181545 -0.00799526 0)
(0.00200857 -0.00862683 0)
(0.00221932 -0.00919449 0)
(0.00244677 -0.00968542 0)
(0.00268887 -0.010084 0)
(0.00294101 -0.0103714 0)
(0.00319318 -0.0105263 0)
(0.00342491 -0.0105271 0)
(0.00359588 -0.0103585 0)
(0.0036293 -0.0100295 0)
(0.00340064 -0.00961235 0)
(0.00281828 -0.00930798 0)
(0.00169733 -0.00960873 0)
(0.000875401 -0.00340133 0)
(0.000934008 -0.00426271 0)
(0.00101234 -0.00510397 0)
(0.00110992 -0.00591974 0)
(0.00122611 -0.00670419 0)
(0.00136052 -0.00745101 0)
(0.00151313 -0.00815306 0)
(0.00168446 -0.00880189 0)
(0.00187559 -0.00938717 0)
(0.00208809 -0.00989586 0)
(0.00232359 -0.0103112 0)
(0.00258275 -0.0106115 0)
(0.00286273 -0.0107685 0)
(0.00315187 -0.0107467 0)
(0.00341757 -0.0105045 0)
(0.00358092 -0.0100054 0)
(0.0034901 -0.00925936 0)
(0.00301713 -0.00839436 0)
(0.00181345 -0.00764614 0)
(0.000675067 -0.00343738 0)
(0.000716627 -0.00431648 0)
(0.000776787 -0.00517494 0)
(0.000854196 -0.00600712 0)
(0.000947814 -0.00680743 0)
(0.00105721 -0.00757003 0)
(0.00118268 -0.00828837 0)
(0.0013254 -0.00895474 0)
(0.00148756 -0.00955959 0)
(0.00167255 -0.0100906 0)
(0.00188512 -0.0105315 0)
(0.00213108 -0.0108595 0)
(0.00241622 -0.0110425 0)
(0.00274273 -0.0110338 0)
(0.0030976 -0.0107645 0)
(0.00342012 -0.0101396 0)
(0.00355402 -0.00906677 0)
(0.00340136 -0.00753539 0)
(0.00222909 -0.00544394 0)
(0.000466232 -0.00345869 0)
(0.000493139 -0.00435481 0)
(0.000536018 -0.00522849 0)
(0.000592725 -0.00607445 0)
(0.000661912 -0.00688778 0)
(0.000743111 -0.00766337 0)
(0.000836714 -0.0083955 0)
(0.000944061 -0.00907744 0)
(0.00106766 -0.00970084 0)
(0.00121159 -0.010255 0)
(0.00138211 -0.0107253 0)
(0.00158843 -0.011091 0)
(0.00184363 -0.0113207 0)
(0.00216527 -0.0113641 0)
(0.00256948 -0.0111355 0)
(0.00303744 -0.010486 0)
(0.00344247 -0.0091847 0)
(0.00385288 -0.0069092 0)
(0.00281312 -0.00274471 0)
(0.000261764 -0.0034681 0)
(0.000276822 -0.00437878 0)
(0.000303094 -0.00526408 0)
(0.000338307 -0.00611986 0)
(0.000381205 -0.00694218 0)
(0.000431385 -0.00772674 0)
(0.000489156 -0.00846861 0)
(0.000555543 -0.00916192 0)
(0.000632489 -0.00979957 0)
(0.000723271 -0.0103726 0)
(0.000833257 -0.010869 0)
(0.000971222 -0.0112721 0)
(0.00115184 -0.011556 0)
(0.0014007 -0.0116772 0)
(0.00175893 -0.011555 0)
(0.00226364 -0.0110274 0)
(0.0028653 -0.00975139 0)
(0.00406336 -0.00690674 0)
(0.00336856 4.70152e-05 0)
(7.72217e-05 -0.00347032 0)
(8.17964e-05 -0.00439227 0)
(9.09825e-05 -0.00528464 0)
(0.000103303 -0.00614565 0)
(0.000118088 -0.0069725 0)
(0.000135152 -0.00776153 0)
(0.000154604 -0.00850831 0)
(0.000176815 -0.00920756 0)
(0.000202495 -0.00985297 0)
(0.000232878 -0.0104369 0)
(0.000270105 -0.0109497 0)
(0.000318011 -0.0113789 0)
(0.000383826 -0.011707 0)
(0.000482349 -0.011906 0)
(0.000644582 -0.0119238 0)
(0.000924942 -0.0116423 0)
(0.00135132 -0.0107406 0)
(0.00247484 -0.00779758 0)
(0.00333514 0.00452054 0)
)
;

boundaryField
{
    leftWall
    {
        type            noSlip;
    }
    rightWall
    {
        type            noSlip;
    }
    lowerWall
    {
        type            noSlip;
    }
    atmosphere
    {
        type            pressureInletOutletVelocity;
        value           nonuniform List<vector> 
46
(
(0 -0.0108819 0)
(0.0066407 0.00624215 0)
(0.00480971 0.0162354 0)
(0.00403269 0.0162704 0)
(0.00350535 0.0155309 0)
(0.00312772 0.0148611 0)
(0.00282656 0.0141998 0)
(0.00257043 0.0135008 0)
(0.00234081 0.0127474 0)
(0.00212822 0.0119362 0)
(0.00192785 0.0110696 0)
(0.00173707 0.0101531 0)
(0.00155444 0.00919365 0)
(0.00137919 0.00819903 0)
(0.0012109 0.00717759 0)
(0.00104933 0.00613787 0)
(0.00089431 0.00508824 0)
(0.000745663 0.00403684 0)
(0.000603825 0.00299184 0)
(0.000470896 0.00196268 0)
(0.000349469 0.000962427 0)
(0.000244894 1.62348e-06 0)
(0 -0.000903616 0)
(0 -0.00155096 0)
(0 -0.00196835 0)
(0 -0.00238311 0)
(0 -0.00279299 0)
(0 -0.00347032 0)
(0 -0.00439227 0)
(0 -0.00528464 0)
(0 -0.00614565 0)
(0 -0.0069725 0)
(0 -0.00776153 0)
(0 -0.00850831 0)
(0 -0.00920756 0)
(0 -0.00985297 0)
(0 -0.0104369 0)
(0 -0.0109497 0)
(0 -0.0113789 0)
(0 -0.011707 0)
(0 -0.011906 0)
(0 -0.0119238 0)
(0 -0.0116423 0)
(0 -0.0107406 0)
(0 -0.00779758 0)
(0.00333514 0.00452054 0)
)
;
    }
    defaultFaces
    {
        type            empty;
    }
}


// ************************************************************************* //
