/*--------------------------------*- C++ -*----------------------------------*\
  =========                 |
  \\      /  F ield         | OpenFOAM: The Open Source CFD Toolbox
   \\    /   O peration     | Website:  https://openfoam.org
    \\  /    A nd           | Version:  9
     \\/     M anipulation  |
\*---------------------------------------------------------------------------*/
FoamFile
{
    format      ascii;
    class       surfaceScalarField;
    location    "7.47";
    object      phi;
}
// * * * * * * * * * * * * * * * * * * * * * * * * * * * * * * * * * * * * * //

dimensions      [0 3 -1 0 0 0 0];

internalField   nonuniform List<scalar> 
4432
(
-8.71597e-09
8.71598e-09
1.90335e-08
-2.77535e-08
6.06758e-08
-4.16485e-08
1.0519e-07
-4.4518e-08
1.52171e-07
-4.69858e-08
2.03234e-07
-5.10665e-08
2.59249e-07
-5.60185e-08
3.19546e-07
-6.0301e-08
3.8135e-07
-6.18087e-08
4.43303e-07
-6.19565e-08
5.08473e-07
-6.51735e-08
5.8725e-07
-7.87806e-08
6.95653e-07
-1.08404e-07
8.45187e-07
-1.49534e-07
1.02281e-06
-1.77623e-07
1.15744e-06
-1.34624e-07
1.0884e-06
6.90359e-08
7.01054e-07
3.87352e-07
3.52141e-08
6.65844e-07
-7.57678e-07
7.92898e-07
-1.1082e-06
3.50525e-07
-7.80578e-07
-3.27613e-07
-7.80572e-07
8.07871e-09
6.30044e-10
3.71486e-08
-5.68303e-08
7.66324e-08
-8.11409e-08
1.21934e-07
-8.98269e-08
1.71392e-07
-9.64495e-08
2.24754e-07
-1.04436e-07
2.81523e-07
-1.12794e-07
3.3984e-07
-1.18624e-07
3.97048e-07
-1.19023e-07
4.51563e-07
-1.16477e-07
5.0542e-07
-1.19034e-07
5.65385e-07
-1.38748e-07
6.40816e-07
-1.83835e-07
7.36356e-07
-2.45073e-07
8.40343e-07
-2.81607e-07
9.06262e-07
-2.00539e-07
8.36047e-07
1.39255e-07
5.40086e-07
6.83321e-07
1.06576e-07
1.09936e-06
-3.46838e-07
1.24632e-06
-6.58657e-07
6.62353e-07
-6.36883e-07
-3.49378e-07
-1.41745e-06
2.15321e-08
-2.09081e-08
5.22807e-08
-8.75841e-08
8.9862e-08
-1.18728e-07
1.33904e-07
-1.33874e-07
1.8274e-07
-1.45289e-07
2.35226e-07
-1.56926e-07
2.89998e-07
-1.67568e-07
3.44723e-07
-1.73351e-07
3.96421e-07
-1.70723e-07
4.43027e-07
-1.63085e-07
4.85297e-07
-1.61305e-07
5.27478e-07
-1.80929e-07
5.75621e-07
-2.31978e-07
6.32452e-07
-3.01904e-07
6.91024e-07
-3.40178e-07
7.22404e-07
-2.31917e-07
6.54723e-07
2.06937e-07
4.2492e-07
9.13128e-07
1.48696e-07
1.37559e-06
-1.00568e-07
1.49559e-06
-3.64673e-07
9.26463e-07
-4.45486e-07
-2.68561e-07
-1.86294e-06
3.062e-08
-5.15324e-08
6.42714e-08
-1.21239e-07
1.01558e-07
-1.56017e-07
1.44512e-07
-1.7683e-07
1.92058e-07
-1.92836e-07
2.42623e-07
-2.07491e-07
2.94376e-07
-2.19319e-07
3.44767e-07
-2.23741e-07
3.90464e-07
-2.16418e-07
4.28776e-07
-2.01396e-07
4.59176e-07
-1.91702e-07
4.83994e-07
-2.05746e-07
5.07405e-07
-2.55387e-07
5.31894e-07
-3.26393e-07
5.56096e-07
-3.64381e-07
5.71084e-07
-2.46906e-07
5.23834e-07
2.54183e-07
3.54753e-07
1.08221e-06
1.8054e-07
1.5498e-06
4.74297e-08
1.6287e-06
-1.56204e-07
1.13009e-06
-2.48182e-07
-1.76583e-07
-2.11112e-06
3.68752e-08
-8.84102e-08
7.37147e-08
-1.5808e-07
1.11645e-07
-1.93948e-07
1.53785e-07
-2.1897e-07
1.9964e-07
-2.38691e-07
2.47461e-07
-2.55309e-07
2.95278e-07
-2.67132e-07
3.40552e-07
-2.69011e-07
3.79671e-07
-2.55534e-07
4.09295e-07
-2.31016e-07
4.27674e-07
-2.10078e-07
4.35588e-07
-2.13658e-07
4.36015e-07
-2.55813e-07
4.31531e-07
-3.2191e-07
4.25411e-07
-3.58263e-07
4.25064e-07
-2.46562e-07
4.14465e-07
2.64777e-07
2.97496e-07
1.19917e-06
2.00657e-07
1.64663e-06
1.39116e-07
1.69023e-06
-2.67457e-09
1.27188e-06
-4.60813e-08
-1.3318e-07
-2.15721e-06
4.18313e-08
-1.30242e-07
8.14203e-08
-1.9767e-07
1.20035e-07
-2.32563e-07
1.61251e-07
-2.60186e-07
2.04857e-07
-2.82296e-07
2.48994e-07
-2.99444e-07
2.91803e-07
-3.0994e-07
3.31027e-07
-3.08232e-07
3.62929e-07
-2.87434e-07
3.83627e-07
-2.51712e-07
3.90272e-07
-2.16721e-07
3.82308e-07
-2.05692e-07
3.61815e-07
-2.35321e-07
3.31029e-07
-2.91125e-07
2.95512e-07
-3.22748e-07
2.71597e-07
-2.22648e-07
2.89517e-07
2.46854e-07
2.45811e-07
1.24287e-06
2.04961e-07
1.68748e-06
1.89276e-07
1.70591e-06
1.29065e-07
1.33209e-06
1.54464e-07
-1.58584e-07
-2.00275e-06
4.62945e-08
-1.76537e-07
8.78809e-08
-2.39255e-07
1.26625e-07
-2.71306e-07
1.664e-07
-2.99961e-07
2.06928e-07
-3.22826e-07
2.46232e-07
-3.38749e-07
2.82749e-07
-3.46457e-07
3.14782e-07
-3.40267e-07
3.38748e-07
-3.114e-07
3.50468e-07
-2.63434e-07
3.46189e-07
-2.12442e-07
3.2416e-07
-1.83664e-07
2.85675e-07
-1.96837e-07
2.32085e-07
-2.37536e-07
1.68888e-07
-2.59552e-07
1.14516e-07
-1.68276e-07
1.18366e-07
2.43003e-07
1.75378e-07
1.18586e-06
1.93873e-07
1.66898e-06
2.1976e-07
1.68003e-06
2.91826e-07
1.26002e-06
3.45507e-07
-2.12266e-07
-1.65724e-06
5.04922e-08
-2.27028e-07
9.32557e-08
-2.82019e-07
1.31454e-07
-3.09504e-07
1.68922e-07
-3.37431e-07
2.05273e-07
-3.5918e-07
2.38397e-07
-3.71878e-07
2.67119e-07
-3.75183e-07
2.90589e-07
-3.63741e-07
3.05786e-07
-3.26601e-07
3.08656e-07
-2.66308e-07
2.94825e-07
-1.98614e-07
2.61444e-07
-1.50285e-07
2.09045e-07
-1.44441e-07
1.37907e-07
-1.66399e-07
5.28424e-08
-1.74488e-07
-2.78744e-08
-8.75597e-08
-4.75844e-08
2.62713e-07
5.85756e-08
1.0797e-06
1.55003e-07
1.57256e-06
2.49614e-07
1.58542e-06
4.20319e-07
1.08932e-06
3.98671e-07
-1.90615e-07
-1.25857e-06
-1.18638e-06
1.18638e-06
-5.93021e-07
-5.93346e-07
3.4077e-08
-6.27112e-07
4.45925e-07
-4.1184e-07
7.48831e-07
-3.0291e-07
9.37645e-07
-1.88816e-07
1.13196e-06
-1.94314e-07
1.40044e-06
-2.68477e-07
1.62421e-06
-2.2376e-07
1.44914e-06
1.75072e-07
8.23575e-07
6.25565e-07
-5.07218e-08
8.74299e-07
-1.0798e-06
1.02907e-06
-1.59553e-06
5.15737e-07
-1.46501e-06
-1.30529e-07
-9.39862e-07
-5.2515e-07
-5.08638e-07
-4.31225e-07
6.62564e-08
-5.749e-07
6.62521e-08
-6.58989e-07
1.84536e-06
-2.47029e-07
-1.00528e-06
6.75453e-08
-9.41704e-07
2.85348e-07
-6.29637e-07
4.33285e-07
-4.50845e-07
5.74866e-07
-3.30396e-07
7.37661e-07
-3.57105e-07
9.20206e-07
-4.51017e-07
1.00222e-06
-3.05769e-07
7.93343e-07
3.83949e-07
3.55062e-07
1.06384e-06
-1.8667e-07
1.41603e-06
-7.37245e-07
1.57964e-06
-1.15142e-06
9.29907e-07
-1.19323e-06
-8.87194e-08
-9.7074e-07
-7.47649e-07
-7.77051e-07
-6.24918e-07
-3.53402e-07
-9.98555e-07
-2.87153e-07
-1.32145e-07
1.97749e-06
1.70846e-08
-1.15449e-06
9.49878e-08
-1.01962e-06
1.74069e-07
-7.08715e-07
2.42241e-07
-5.19016e-07
3.24318e-07
-4.12474e-07
4.31475e-07
-4.64261e-07
5.51478e-07
-5.71019e-07
5.81246e-07
-3.35535e-07
3.70059e-07
5.95139e-07
4.14993e-08
1.3924e-06
-2.72161e-07
1.7297e-06
-5.51108e-07
1.85858e-06
-8.61288e-07
1.24008e-06
-9.65715e-07
1.57075e-08
-8.97044e-07
-8.16326e-07
-9.41726e-07
-5.80238e-07
-7.23317e-07
-1.21697e-06
-1.01047e-06
2.99651e-07
1.67782e-06
1.66351e-07
-1.02117e-06
8.38275e-08
-9.37114e-07
6.4231e-08
-6.89116e-07
7.02501e-08
-5.25037e-07
9.89321e-08
-4.41158e-07
1.52483e-07
-5.17815e-07
2.27511e-07
-6.46047e-07
2.46396e-07
-3.5442e-07
7.99271e-08
7.61611e-07
-1.6635e-07
1.63868e-06
-3.45255e-07
1.90861e-06
-4.87837e-07
2.00116e-06
-6.97449e-07
1.4497e-06
-7.60882e-07
7.91431e-08
-7.54378e-07
-8.22832e-07
-9.70228e-07
-3.64389e-07
-8.92005e-07
-1.29519e-06
-1.90248e-06
4.96343e-07
1.18146e-06
2.07475e-07
-7.32281e-07
2.35026e-08
-7.53155e-07
-5.99431e-08
-6.05669e-07
-1.0018e-07
-4.84803e-07
-1.18294e-07
-4.23047e-07
-1.12133e-07
-5.23978e-07
-7.50228e-08
-6.83158e-07
-4.65012e-08
-3.82942e-07
-1.54435e-07
8.69548e-07
-3.20392e-07
1.80463e-06
-4.02279e-07
1.9905e-06
-4.60866e-07
2.05975e-06
-6.00376e-07
1.58921e-06
-5.54216e-07
3.2987e-08
-5.39819e-07
-8.37231e-07
-8.02914e-07
-1.01294e-07
-7.89883e-07
-1.30822e-06
-2.69236e-06
4.3752e-07
7.43926e-07
1.30973e-07
-4.25714e-07
-8.2804e-08
-5.39389e-07
-1.98885e-07
-4.89585e-07
-2.70624e-07
-4.13062e-07
-3.2778e-07
-3.65891e-07
-3.67852e-07
-4.83905e-07
-3.67764e-07
-6.83246e-07
-3.19469e-07
-4.31236e-07
-3.46396e-07
8.96477e-07
-4.40443e-07
1.89868e-06
-4.45063e-07
1.99512e-06
-4.2747e-07
2.04216e-06
-4.91652e-07
1.65339e-06
-3.46493e-07
-1.12171e-07
-2.74939e-07
-9.08788e-07
-4.55388e-07
7.91536e-08
-5.23572e-07
-1.24004e-06
-3.21593e-06
2.35611e-07
5.083e-07
-2.55529e-08
-1.64535e-07
-2.23064e-07
-3.41885e-07
-3.47951e-07
-3.64695e-07
-4.37895e-07
-3.23113e-07
-5.2461e-07
-2.79172e-07
-6.07095e-07
-4.01418e-07
-6.52267e-07
-6.38071e-07
-5.96136e-07
-4.87366e-07
-5.20595e-07
8.20939e-07
-5.19352e-07
1.89743e-06
-4.66522e-07
1.94229e-06
-4.01959e-07
1.9776e-06
-3.02645e-07
1.55407e-06
-1.12422e-07
-3.02395e-07
-3.10434e-08
-9.90171e-07
-7.26123e-08
1.20719e-07
-1.61875e-07
-1.15077e-06
-3.37781e-06
-6.95258e-08
5.77815e-07
-2.18087e-07
-1.59661e-08
-3.78674e-07
-1.813e-07
-5.00843e-07
-2.42525e-07
-5.979e-07
-2.26053e-07
-7.02715e-07
-1.74354e-07
-8.18039e-07
-2.86091e-07
-9.10795e-07
-5.45313e-07
-8.9567e-07
-5.0249e-07
-6.90245e-07
6.15515e-07
-5.73956e-07
1.78114e-06
-4.53077e-07
1.82141e-06
-3.31123e-07
1.85564e-06
-3.05078e-08
1.25345e-06
1.39423e-07
-4.7233e-07
1.72407e-07
-1.02316e-06
2.83874e-07
9.24633e-09
2.06769e-07
-1.07367e-06
-3.17104e-06
1.2333e-07
-3.50359e-07
2.181e-07
-3.76789e-07
2.92679e-07
-3.84082e-07
3.59958e-07
-4.0471e-07
4.18867e-07
-4.18089e-07
4.63664e-07
-4.16675e-07
4.92941e-07
-4.0446e-07
5.0937e-07
-3.8017e-07
5.09258e-07
-3.26488e-07
4.87161e-07
-2.44211e-07
4.32889e-07
-1.44342e-07
3.35651e-07
-5.3047e-08
1.95496e-07
-4.2853e-09
8.42342e-09
2.06736e-08
-2.16308e-07
5.0243e-08
-4.27037e-07
1.23169e-07
-5.15711e-07
3.51386e-07
-2.56289e-07
8.20281e-07
1.2925e-07
1.18702e-06
5.17213e-07
1.19745e-06
8.08784e-07
7.97742e-07
4.45745e-07
1.72422e-07
-1.17787e-07
-6.95037e-07
1.17615e-07
-4.67978e-07
2.2006e-07
-4.79239e-07
2.89003e-07
-4.53031e-07
3.32083e-07
-4.47799e-07
3.60454e-07
-4.46468e-07
3.69538e-07
-4.25768e-07
3.45e-07
-3.79929e-07
2.94207e-07
-3.29384e-07
2.34893e-07
-2.67179e-07
1.75865e-07
-1.85185e-07
1.16104e-07
-8.45827e-08
4.2601e-08
2.0458e-08
-7.51415e-08
1.13462e-07
-2.44664e-07
1.90203e-07
-4.60514e-07
2.66102e-07
-6.84172e-07
3.46837e-07
-7.75555e-07
4.4278e-07
-5.8064e-07
6.25377e-07
-1.78837e-07
7.85226e-07
2.01671e-07
8.16954e-07
3.05595e-07
6.93821e-07
-5.58619e-08
5.33882e-07
5.03385e-07
-6.77026e-07
-4.47239e-08
-4.2325e-07
-1.05688e-07
-4.1823e-07
-5.25054e-08
-5.06161e-07
-1.64932e-08
-4.83768e-07
-4.30894e-08
-4.19838e-07
-1.09535e-07
-3.59297e-07
-1.70286e-07
-3.19159e-07
-2.42582e-07
-2.57075e-07
-3.29393e-07
-1.8036e-07
-3.98513e-07
-1.16062e-07
-4.23129e-07
-5.99652e-08
-4.25926e-07
2.32517e-08
-4.6126e-07
1.48796e-07
-5.7044e-07
2.99383e-07
-7.49701e-07
4.45363e-07
-9.91892e-07
5.89025e-07
-1.05262e-06
5.03505e-07
-8.19025e-07
3.91766e-07
-4.2758e-07
3.93766e-07
-6.96732e-08
4.5902e-07
2.5924e-08
5.9818e-07
-2.62686e-07
8.22432e-07
9.26573e-07
-6.85986e-07
2.01408e-08
-4.43361e-07
-5.93973e-07
1.95737e-07
-7.34198e-07
-3.65931e-07
-2.75258e-07
-9.42705e-07
-4.05926e-07
-2.8916e-07
-9.8095e-07
2.15726e-07
-8.21869e-07
-4.78253e-07
-5.24875e-07
-5.54076e-07
-5.15437e-07
-1.89808e-07
-5.82251e-07
-4.92592e-08
-5.90908e-07
-5.1322e-08
-5.65102e-07
-2.57084e-09
-5.1911e-07
1.02785e-07
-5.37447e-07
3.17697e-07
-7.51665e-07
6.59552e-07
-8.14029e-07
6.51353e-07
-6.42946e-07
3.32378e-07
-4.03044e-07
1.51804e-07
-4.40533e-07
4.3117e-07
-2.66812e-07
2.85202e-07
-6.1539e-08
3.9279e-07
-1.19721e-07
8.805e-07
1.22394e-06
-4.17233e-07
-1.73661e-06
1.29339e-06
-2.16715e-06
6.264e-07
-2.4595e-06
-7.3648e-08
-3.42797e-06
2.57117e-08
-4.61716e-06
8.99958e-07
-5.63113e-06
1.22963e-06
-4.9e-06
-1.20944e-06
-3.42549e-06
-2.02864e-06
-2.52615e-06
-1.08918e-06
-1.93094e-06
-6.44484e-07
-1.23729e-06
-7.44981e-07
-6.37294e-07
-6.02551e-07
4.26412e-08
-5.77126e-07
8.6623e-07
-5.05852e-07
1.40968e-06
1.16164e-07
1.81201e-06
2.49083e-07
2.06571e-06
7.87347e-08
2.11019e-06
1.0737e-07
8.34546e-07
1.70685e-06
-1.40518e-07
1.26025e-06
-1.57729e-07
4.09962e-07
-2.8387e-07
1.00662e-06
2.10448e-06
-1.16424e-06
5.74304e-07
7.18961e-07
2.07504e-06
-8.74329e-07
2.53475e-06
-5.33454e-07
-2.51036e-07
2.81144e-06
-1.62971e-06
2.27862e-06
-1.23394e-06
8.33853e-07
-1.90661e-06
-5.36756e-07
-2.43228e-06
-1.50293e-06
-2.27506e-06
-1.24636e-06
-1.98957e-06
-9.29917e-07
-1.99605e-06
-7.3846e-07
-2.11266e-06
-4.85908e-07
-2.31464e-06
-3.75105e-07
-1.98538e-06
-8.35087e-07
-9.57991e-07
-9.11199e-07
-4.62864e-07
-2.46014e-07
-8.85845e-07
5.01722e-07
-1.47381e-06
6.95326e-07
-1.59811e-06
1.83114e-06
-2.31297e-06
1.9751e-06
-3.1798e-06
1.27686e-06
-3.51084e-06
1.33787e-06
1.67621e-06
-3.08255e-06
-1.64979e-07
8.8409e-07
-7.59329e-07
-2.79961e-07
-1.19163e-06
-1.01075e-07
-9.06055e-07
2.52598e-06
-7.30436e-07
2.1031e-06
-8.47777e-07
9.51287e-07
-1.266e-06
-1.18445e-07
-1.95332e-06
-8.15555e-07
-2.35663e-06
-8.43011e-07
-2.63701e-06
-6.49541e-07
-2.99652e-06
-3.78994e-07
-3.38248e-06
-1.00028e-07
-3.54663e-06
-2.11087e-07
-3.13315e-06
-1.24871e-06
-2.4271e-06
-1.61743e-06
-1.86258e-06
-8.10755e-07
-1.8652e-06
5.04082e-07
-2.36923e-06
1.19904e-06
-2.53927e-06
2.00077e-06
-3.08753e-06
2.52285e-06
-4.12248e-06
2.31127e-06
-4.1978e-06
1.41284e-06
1.13444e-06
-3.65632e-06
-5.29377e-07
1.41361e-06
-1.3885e-06
5.79139e-07
-2.12395e-06
6.34446e-07
-1.51017e-06
1.91227e-06
-1.13613e-06
1.72914e-06
-1.14614e-06
9.61364e-07
-1.51039e-06
2.45848e-07
-2.09165e-06
-2.34274e-07
-2.59148e-06
-3.43185e-07
-2.95705e-06
-2.84008e-07
-3.26614e-06
-6.99846e-08
-3.48172e-06
1.15429e-07
-3.46927e-06
-2.23704e-07
-3.41599e-06
-1.30218e-06
-3.47543e-06
-1.55821e-06
-3.41646e-06
-8.7e-07
-3.2209e-06
3.08221e-07
-3.1879e-06
1.16571e-06
-3.21782e-06
2.03032e-06
-3.28565e-06
2.59015e-06
-3.36955e-06
2.39448e-06
-3.69632e-06
1.73894e-06
1.30215e-06
-3.86477e-06
-2.82225e-07
1.69577e-06
-9.71341e-07
1.26814e-06
-1.61411e-06
1.27716e-06
-1.44937e-06
1.74749e-06
-1.30866e-06
1.58841e-06
-1.42137e-06
1.07406e-06
-1.74307e-06
5.67541e-07
-2.21014e-06
2.32792e-07
-2.62889e-06
7.55609e-08
-2.93151e-06
1.86188e-08
-3.113e-06
1.11503e-07
-3.15511e-06
1.57544e-07
-3.16932e-06
-2.09489e-07
-3.56291e-06
-9.086e-07
-4.02608e-06
-1.09505e-06
-4.27935e-06
-6.16747e-07
-4.14951e-06
1.78366e-07
-3.96931e-06
9.85553e-07
-3.80118e-06
1.86228e-06
-3.54711e-06
2.33619e-06
-3.4388e-06
2.28628e-06
-3.5534e-06
1.85361e-06
1.42847e-06
-3.67966e-06
-2.80716e-07
1.97635e-06
-7.62427e-07
1.74973e-06
-1.18185e-06
1.69647e-06
-1.23825e-06
1.80379e-06
-1.28254e-06
1.63262e-06
-1.47313e-06
1.26458e-06
-1.78629e-06
8.8064e-07
-2.15762e-06
6.0407e-07
-2.48513e-06
4.03043e-07
-2.7408e-06
2.74281e-07
-2.90419e-06
2.74916e-07
-2.98558e-06
2.38985e-07
-3.15192e-06
-4.30829e-08
-3.59448e-06
-4.65949e-07
-4.09392e-06
-5.95486e-07
-4.37873e-06
-3.31797e-07
-4.40089e-06
2.0069e-07
-4.27537e-06
8.60246e-07
-3.98155e-06
1.56874e-06
-3.66227e-06
2.01728e-06
-3.44517e-06
2.06961e-06
-3.40415e-06
1.81305e-06
1.44811e-06
-3.42328e-06
-2.03659e-07
2.17992e-06
-5.38064e-07
2.08405e-06
-8.49252e-07
2.00757e-06
-1.00897e-06
1.96342e-06
-1.15729e-06
1.78085e-06
-1.37952e-06
1.48671e-06
-1.6687e-06
1.16972e-06
-1.96337e-06
8.98659e-07
-2.23695e-06
6.76539e-07
-2.48336e-06
5.20636e-07
-2.6885e-06
4.80015e-07
-2.85348e-06
4.03962e-07
-3.08791e-06
1.91367e-07
-3.48539e-06
-6.8429e-08
-3.91385e-06
-1.6695e-07
-4.18229e-06
-6.32698e-08
-4.22501e-06
2.43529e-07
-4.09894e-06
7.34321e-07
-3.84573e-06
1.3157e-06
-3.54257e-06
1.71435e-06
-3.28948e-06
1.8168e-06
-3.14005e-06
1.66392e-06
1.35557e-06
-3.04717e-06
-1.65727e-07
2.3456e-06
-4.04051e-07
2.32234e-06
-6.39607e-07
2.24309e-06
-8.21428e-07
2.1452e-06
-1.00331e-06
1.96267e-06
-1.22321e-06
1.70655e-06
-1.47021e-06
1.41663e-06
-1.7116e-06
1.13997e-06
-1.95711e-06
9.2196e-07
-2.21482e-06
7.78275e-07
-2.44397e-06
7.09104e-07
-2.64451e-06
6.04457e-07
-2.89218e-06
4.39001e-07
-3.22425e-06
2.63626e-07
-3.56638e-06
1.75184e-07
-3.79684e-06
1.67196e-07
-3.8627e-06
3.09412e-07
-3.77014e-06
6.41781e-07
-3.54378e-06
1.08938e-06
-3.28038e-06
1.451e-06
-3.0172e-06
1.55368e-06
-2.7936e-06
1.44037e-06
1.16006e-06
-2.59804e-06
-1.38274e-07
2.48387e-06
-3.17256e-07
2.50134e-06
-5.01939e-07
2.42778e-06
-6.71142e-07
2.31439e-06
-8.46531e-07
2.13804e-06
-1.0449e-06
1.90489e-06
-1.25439e-06
1.62608e-06
-1.46727e-06
1.35281e-06
-1.69973e-06
1.15436e-06
-1.95239e-06
1.03088e-06
-2.17171e-06
9.28368e-07
-2.37645e-06
8.09148e-07
-2.60225e-06
6.64759e-07
-2.86295e-06
5.24287e-07
-3.11788e-06
4.30081e-07
-3.32394e-06
3.7323e-07
-3.42453e-06
4.09972e-07
-3.3836e-06
6.00823e-07
-3.20963e-06
9.15376e-07
-2.97521e-06
1.21653e-06
-2.71206e-06
1.29047e-06
-2.45431e-06
1.18255e-06
9.16021e-07
-2.21037e-06
-1.14558e-07
2.59843e-06
-2.53039e-07
2.63986e-06
-4.01485e-07
2.57626e-06
-5.47501e-07
2.46042e-06
-7.01164e-07
2.2917e-06
-8.71239e-07
2.07495e-06
-1.05589e-06
1.81071e-06
-1.25978e-06
1.55666e-06
-1.48216e-06
1.37671e-06
-1.70298e-06
1.25166e-06
-1.90148e-06
1.12683e-06
-2.08831e-06
9.95931e-07
-2.28022e-06
8.5661e-07
-2.48065e-06
7.2467e-07
-2.66957e-06
6.18952e-07
-2.84243e-06
5.46042e-07
-2.95827e-06
5.2575e-07
-2.97107e-06
6.13558e-07
-2.87183e-06
8.16075e-07
-2.66361e-06
1.00824e-06
-2.41777e-06
1.04453e-06
-2.16727e-06
9.31934e-07
6.82349e-07
-1.93374e-06
-9.13527e-08
2.68981e-06
-2.02247e-07
2.75081e-06
-3.24265e-07
2.69831e-06
-4.48696e-07
2.58487e-06
-5.7999e-07
2.423e-06
-7.24456e-07
2.21941e-06
-8.94767e-07
1.98101e-06
-1.08947e-06
1.75134e-06
-1.29155e-06
1.57876e-06
-1.47724e-06
1.43732e-06
-1.64939e-06
1.29893e-06
-1.8118e-06
1.15829e-06
-1.97195e-06
1.0167e-06
-2.13035e-06
8.83007e-07
-2.2795e-06
7.68039e-07
-2.41209e-06
6.78554e-07
-2.51946e-06
6.3304e-07
-2.56542e-06
6.59444e-07
-2.50606e-06
7.56627e-07
-2.34289e-06
8.44982e-07
-2.1363e-06
8.37846e-07
-1.92195e-06
7.17472e-07
4.8841e-07
-1.72813e-06
-7.09831e-08
2.76083e-06
-1.63148e-07
2.84303e-06
-2.68318e-07
2.80351e-06
-3.76495e-07
2.69307e-06
-4.90796e-07
2.53731e-06
-6.17865e-07
2.34648e-06
-7.70106e-07
2.13324e-06
-9.45208e-07
1.92643e-06
-1.11688e-06
1.75041e-06
-1.27499e-06
1.5954e-06
-1.42184e-06
1.44575e-06
-1.5606e-06
1.29701e-06
-1.69461e-06
1.15065e-06
-1.82385e-06
1.01219e-06
-1.94468e-06
8.88798e-07
-2.05352e-06
7.87318e-07
-2.14016e-06
7.19606e-07
-2.17987e-06
6.99075e-07
-2.14108e-06
7.17772e-07
-2.02512e-06
7.2895e-07
-1.86685e-06
6.79503e-07
-1.69961e-06
5.50153e-07
3.40442e-07
-1.55172e-06
-5.77349e-08
2.8186e-06
-1.40112e-07
2.92545e-06
-2.32868e-07
2.89629e-06
-3.28367e-07
2.78859e-06
-4.29578e-07
2.63854e-06
-5.42629e-07
2.45954e-06
-6.73742e-07
2.26435e-06
-8.18327e-07
2.07101e-06
-9.61497e-07
1.89357e-06
-1.09528e-06
1.72917e-06
-1.21989e-06
1.57033e-06
-1.3374e-06
1.41449e-06
-1.44946e-06
1.26267e-06
-1.5559e-06
1.11858e-06
-1.65442e-06
9.8727e-07
-1.74133e-06
8.74177e-07
-1.80791e-06
7.86129e-07
-1.83684e-06
7.27955e-07
-1.8103e-06
6.91177e-07
-1.7287e-06
6.47317e-07
-1.61364e-06
5.64403e-07
-1.49051e-06
4.2698e-07
2.33321e-07
-1.38343e-06
-5.40951e-08
2.87273e-06
-1.32292e-07
3.00368e-06
-2.13393e-07
2.97742e-06
-2.97035e-07
2.87225e-06
-3.85732e-07
2.72725e-06
-4.83442e-07
2.55726e-06
-5.92696e-07
2.37362e-06
-7.10107e-07
2.18843e-06
-8.2704e-07
2.0105e-06
-9.38009e-07
1.84013e-06
-1.04223e-06
1.67454e-06
-1.14041e-06
1.51266e-06
-1.23322e-06
1.35546e-06
-1.3202e-06
1.20554e-06
-1.39942e-06
1.06646e-06
-1.46724e-06
9.41961e-07
-1.51671e-06
8.35567e-07
-1.53682e-06
7.48041e-07
-1.51771e-06
6.72039e-07
-1.46041e-06
5.89997e-07
-1.37864e-06
4.82621e-07
-1.29076e-06
3.39077e-07
1.57972e-07
-1.21544e-06
-5.7738e-08
2.93048e-06
-1.31418e-07
3.07739e-06
-2.02274e-07
3.0483e-06
-2.74678e-07
2.94468e-06
-3.50773e-07
2.80337e-06
-4.32904e-07
2.63941e-06
-5.22128e-07
2.46285e-06
-6.16174e-07
2.28248e-06
-7.10105e-07
2.10443e-06
-8.0036e-07
1.93039e-06
-8.85777e-07
1.75995e-06
-9.66264e-07
1.59314e-06
-1.04178e-06
1.43096e-06
-1.11162e-06
1.27536e-06
-1.17396e-06
1.12879e-06
-1.22562e-06
9.93597e-07
-1.26145e-06
8.71374e-07
-1.27469e-06
7.61259e-07
-1.26019e-06
6.57521e-07
-1.21942e-06
5.49212e-07
-1.16148e-06
4.24659e-07
-1.09932e-06
2.76893e-07
1.05242e-07
-1.04663e-06
-6.45895e-08
2.99508e-06
-1.30867e-07
3.1437e-06
-1.9337e-07
3.11084e-06
-2.55693e-07
3.00703e-06
-3.19685e-07
2.86739e-06
-3.87061e-07
2.70681e-06
-4.58477e-07
2.53428e-06
-5.32623e-07
2.35663e-06
-6.06749e-07
2.17856e-06
-6.78571e-07
2.0022e-06
-7.46945e-07
1.82831e-06
-8.11364e-07
1.65754e-06
-8.71372e-07
1.49095e-06
-9.26071e-07
1.33004e-06
-9.73808e-07
1.1765e-06
-1.01199e-06
1.03175e-06
-1.03701e-06
8.96358e-07
-1.0448e-06
7.69027e-07
-1.03289e-06
6.45576e-07
-1.00286e-06
5.19159e-07
-9.60989e-07
3.82752e-07
-9.16319e-07
2.3218e-07
6.74258e-08
-8.78555e-07
-7.29175e-08
3.06802e-06
-1.28853e-07
3.19968e-06
-1.84446e-07
3.16647e-06
-2.37442e-07
3.06006e-06
-2.89917e-07
2.91989e-06
-3.43614e-07
2.76052e-06
-3.99308e-07
2.58999e-06
-4.56459e-07
2.41379e-06
-5.13592e-07
2.23569e-06
-5.69257e-07
2.05786e-06
-6.22463e-07
1.88151e-06
-6.72534e-07
1.7076e-06
-7.18794e-07
1.53719e-06
-7.60277e-07
1.3715e-06
-7.95532e-07
1.21172e-06
-8.22548e-07
1.05873e-06
-8.38865e-07
9.12636e-07
-8.42119e-07
7.72239e-07
-8.31234e-07
6.3465e-07
-8.07741e-07
4.95623e-07
-7.76055e-07
3.51017e-07
-7.42459e-07
1.98526e-07
3.86e-08
-7.13699e-07
-7.64754e-08
3.14452e-06
-1.2754e-07
3.2508e-06
-1.75799e-07
3.21477e-06
-2.19139e-07
3.10344e-06
-2.60258e-07
2.96103e-06
-3.01179e-07
2.80147e-06
-3.4292e-07
2.63174e-06
-3.85457e-07
2.45634e-06
-4.28039e-07
2.27828e-06
-4.69725e-07
2.09954e-06
-5.09686e-07
1.92145e-06
-5.47195e-07
1.74508e-06
-5.81489e-07
1.57145e-06
-6.11616e-07
1.40159e-06
-6.36336e-07
1.23641e-06
-6.54126e-07
1.07648e-06
-6.63335e-07
9.218e-07
-6.62611e-07
7.71468e-07
-6.51605e-07
6.23595e-07
-6.31656e-07
4.75625e-07
-6.0591e-07
3.25217e-07
-5.7871e-07
1.71265e-07
1.44962e-08
-5.54673e-07
-7.55386e-08
3.22009e-06
-1.27517e-07
3.30283e-06
-1.67139e-07
3.25443e-06
-1.99922e-07
3.13626e-06
-2.29647e-07
2.99079e-06
-2.5861e-07
2.83045e-06
-2.87964e-07
2.66111e-06
-3.17939e-07
2.48632e-06
-3.4815e-07
2.30849e-06
-3.77934e-07
2.12932e-06
-4.06572e-07
1.95008e-06
-4.33335e-07
1.77183e-06
-4.57444e-07
1.59554e-06
-4.78e-07
1.42212e-06
-4.93958e-07
1.25233e-06
-5.04164e-07
1.08665e-06
-5.07511e-07
9.25104e-07
-5.03232e-07
7.67144e-07
-4.9132e-07
6.11638e-07
-4.7288e-07
4.5714e-07
-4.50154e-07
3.02441e-07
-4.26125e-07
1.47185e-07
-7.77542e-09
-4.03909e-07
-7.38779e-08
3.294e-06
-1.26308e-07
3.35531e-06
-1.56126e-07
3.28429e-06
-1.77919e-07
3.15808e-06
-1.9662e-07
3.00952e-06
-2.14679e-07
2.84853e-06
-2.33235e-07
2.67969e-06
-2.52581e-07
2.50568e-06
-2.72468e-07
2.32838e-06
-2.92356e-07
2.14921e-06
-3.11579e-07
1.9693e-06
-3.29415e-07
1.78965e-06
-3.45093e-07
1.6112e-06
-3.57783e-07
1.43478e-06
-3.66597e-07
1.26112e-06
-3.70651e-07
1.09067e-06
-3.69182e-07
9.23602e-07
-3.61752e-07
7.59682e-07
-3.48491e-07
5.98344e-07
-3.30269e-07
4.38884e-07
-3.08672e-07
2.8081e-07
-2.85737e-07
1.24214e-07
-3.00182e-08
-2.63531e-07
-7.55848e-08
3.36962e-06
-1.20122e-07
3.39989e-06
-1.39353e-07
3.30355e-06
-1.50737e-07
3.16949e-06
-1.5954e-07
3.01835e-06
-1.68172e-07
2.85719e-06
-1.77687e-07
2.68922e-06
-1.88345e-07
2.51635e-06
-1.99911e-07
2.33996e-06
-2.11869e-07
2.16117e-06
-2.2356e-07
1.98099e-06
-2.34264e-07
1.80035e-06
-2.43225e-07
1.62015e-06
-2.49673e-07
1.44122e-06
-2.52843e-07
1.26427e-06
-2.52033e-07
1.08984e-06
-2.46697e-07
9.18248e-07
-2.36574e-07
7.4954e-07
-2.21823e-07
5.83575e-07
-2.03103e-07
4.20149e-07
-1.81532e-07
2.59222e-07
-1.58484e-07
1.01147e-07
-5.32155e-08
-1.35303e-07
-7.26035e-08
3.44225e-06
-1.03654e-07
3.43097e-06
-1.13826e-07
3.31375e-06
-1.16565e-07
3.17225e-06
-1.17215e-07
3.01902e-06
-1.18207e-07
2.8582e-06
-1.20567e-07
2.6916e-06
-1.24499e-07
2.5203e-06
-1.29719e-07
2.34519e-06
-1.35677e-07
2.16714e-06
-1.41687e-07
1.98701e-06
-1.47015e-07
1.80569e-06
-1.50917e-07
1.62406e-06
-1.52671e-07
1.44298e-06
-1.516e-07
1.2632e-06
-1.47126e-07
1.08537e-06
-1.38834e-07
9.09951e-07
-1.26552e-07
7.37254e-07
-1.10424e-07
5.67444e-07
-9.09378e-08
4.00662e-07
-6.88732e-08
2.37156e-07
-4.51489e-08
7.74215e-08
-7.77426e-08
-2.06218e-08
-5.63199e-08
3.49858e-06
-7.72792e-08
3.45195e-06
-7.98571e-08
3.31634e-06
-7.54489e-08
3.16786e-06
-6.94688e-08
3.01305e-06
-6.45003e-08
2.85324e-06
-6.15333e-08
2.68864e-06
-6.06493e-08
2.51942e-06
-6.14411e-08
2.34599e-06
-6.32747e-08
2.16898e-06
-6.53966e-08
1.98914e-06
-6.70458e-08
1.80734e-06
-6.74775e-08
1.6245e-06
-6.60112e-08
1.44152e-06
-6.20255e-08
1.25922e-06
-5.5026e-08
1.07837e-06
-4.46774e-08
8.99609e-07
-3.08519e-08
7.23435e-07
-1.36651e-08
5.50266e-07
6.52518e-09
3.80481e-07
2.91768e-08
2.14514e-07
5.36739e-08
5.29344e-08
-1.0354e-07
7.94833e-08
-3.75976e-08
3.53619e-06
-4.67278e-08
3.46108e-06
-4.04775e-08
3.3101e-06
-2.88009e-08
3.15619e-06
-1.68702e-08
3.00113e-06
-7.237e-09
2.84362e-06
-5.98961e-10
2.68201e-06
3.28277e-09
2.51555e-06
5.06088e-09
2.34423e-06
5.57322e-09
2.16848e-06
5.63213e-09
1.98909e-06
6.04952e-09
1.80694e-06
7.56666e-09
1.62299e-06
1.08784e-08
1.43822e-06
1.65296e-08
1.25358e-06
2.49664e-08
1.06995e-06
3.64769e-08
8.88111e-07
5.11648e-08
7.08761e-07
6.89408e-08
5.32505e-07
8.95382e-08
3.59901e-07
1.12567e-07
1.91503e-07
1.3761e-07
2.79073e-08
-1.30252e-07
1.6434e-07
-1.96752e-08
3.55587e-06
-1.47981e-08
3.45621e-06
1.86513e-09
3.29343e-06
2.22427e-08
3.13581e-06
4.00576e-08
2.98332e-06
5.3293e-08
2.83039e-06
6.20479e-08
2.67327e-06
6.72018e-08
2.51041e-06
6.98264e-08
2.34161e-06
7.096e-08
2.16736e-06
7.15779e-08
1.98849e-06
7.25424e-08
1.80599e-06
7.46184e-08
1.62093e-06
7.84495e-08
1.4344e-06
8.45819e-08
1.24746e-06
9.3416e-08
1.06113e-06
1.05203e-07
8.7634e-07
1.20031e-07
6.9395e-07
1.37824e-07
5.14731e-07
1.58369e-07
3.39376e-07
1.81367e-07
1.68524e-07
2.0652e-07
2.77345e-09
-1.5733e-07
2.33617e-07
-4.16408e-09
3.56003e-06
1.69979e-08
3.43504e-06
4.73641e-08
3.26307e-06
7.769e-08
3.10549e-06
1.01254e-07
2.95975e-06
1.1685e-07
2.81479e-06
1.26047e-07
2.66407e-06
1.30722e-07
2.50574e-06
1.32492e-07
2.33985e-06
1.3268e-07
2.16718e-06
1.32383e-07
1.98879e-06
1.32516e-07
1.80587e-06
1.3385e-07
1.61961e-06
1.37023e-07
1.43124e-06
1.4255e-07
1.24195e-06
1.50803e-07
1.05289e-06
1.62011e-07
8.65148e-07
1.76243e-07
6.79734e-07
1.93425e-07
4.97567e-07
2.13364e-07
3.19456e-07
2.35805e-07
1.46103e-07
2.60503e-07
-2.19071e-08
-1.84119e-07
2.87311e-07
1.31801e-08
3.54685e-06
4.94873e-08
3.39872e-06
9.61194e-08
3.21643e-06
1.38264e-07
3.06334e-06
1.66964e-07
2.93105e-06
1.83119e-07
2.79864e-06
1.90835e-07
2.65636e-06
1.93276e-07
2.5033e-06
1.92625e-07
2.3405e-06
1.90444e-07
2.16937e-06
1.87922e-07
1.99132e-06
1.86e-07
1.8078e-06
1.85449e-07
1.62017e-06
1.86892e-07
1.42981e-06
1.90821e-07
1.23803e-06
1.97589e-07
1.04613e-06
2.07401e-07
8.55348e-07
2.20314e-07
6.66836e-07
2.3624e-07
4.81656e-07
2.5498e-07
3.00732e-07
2.76279e-07
1.2482e-07
2.99902e-07
-4.55152e-08
-2.09921e-07
3.25719e-07
3.31611e-08
3.51368e-06
8.66788e-08
3.3452e-06
1.50946e-07
3.15215e-06
2.06052e-07
3.00823e-06
2.37074e-07
2.90002e-06
2.51232e-07
2.78448e-06
2.55395e-07
2.65219e-06
2.53987e-07
2.50471e-06
2.49572e-07
2.34492e-06
2.43834e-07
2.17511e-06
2.37991e-07
1.99717e-06
2.32983e-07
1.81281e-06
2.29566e-07
1.6236e-06
2.28346e-07
1.43103e-06
2.29796e-07
1.23659e-06
2.34256e-07
1.04168e-06
2.41916e-07
8.47697e-07
2.52819e-07
6.55944e-07
2.66858e-07
4.6763e-07
2.83805e-07
2.83799e-07
3.03371e-07
1.05268e-07
3.2529e-07
-6.74229e-08
-2.34038e-07
3.49418e-07
6.45277e-08
3.44915e-06
1.41824e-07
3.2679e-06
2.21262e-07
3.07271e-06
2.78669e-07
2.95082e-06
3.09906e-07
2.86878e-06
3.19111e-07
2.77527e-06
3.18139e-07
2.65316e-06
3.11747e-07
2.5111e-06
3.026e-07
2.35407e-06
2.92413e-07
2.1853e-06
2.82399e-07
2.00719e-06
2.73483e-07
1.82173e-06
2.66398e-07
1.63069e-06
2.6173e-07
1.43571e-06
2.5994e-07
1.23838e-06
2.61359e-07
1.04027e-06
2.66176e-07
8.42886e-07
2.74427e-07
6.47701e-07
2.85982e-07
4.56084e-07
3.00572e-07
2.69218e-07
3.17843e-07
8.80065e-08
3.3746e-07
-8.70316e-08
-2.55808e-07
3.59237e-07
1.32013e-07
3.31713e-06
2.32345e-07
3.16756e-06
3.11815e-07
2.99324e-06
3.58285e-07
2.90434e-06
3.82133e-07
2.84493e-06
3.84692e-07
2.77271e-06
3.77761e-07
2.66009e-06
3.65706e-07
2.52315e-06
3.51168e-07
2.36861e-06
3.35884e-07
2.20058e-06
3.21066e-07
2.02201e-06
3.07616e-07
1.83518e-06
2.96236e-07
1.64207e-06
2.8749e-07
1.44446e-06
2.81822e-07
1.24406e-06
2.79564e-07
1.04253e-06
2.80916e-07
8.41538e-07
2.85921e-07
6.42701e-07
2.94442e-07
4.47568e-07
3.06161e-07
2.57506e-07
3.2063e-07
7.35436e-08
3.37402e-07
-1.03799e-07
-2.74626e-07
3.56225e-07
2.30809e-07
3.08632e-06
3.56718e-07
3.04164e-06
4.21754e-07
2.9282e-06
4.50453e-07
2.87564e-06
4.55211e-07
2.84017e-06
4.48949e-07
2.77897e-06
4.34606e-07
2.67443e-06
4.15852e-07
2.5419e-06
3.95159e-07
2.3893e-06
3.74181e-07
2.22156e-06
3.54062e-07
2.04213e-06
3.35626e-07
1.85362e-06
3.19506e-07
1.65819e-06
3.06209e-07
1.45775e-06
2.96157e-07
1.25411e-06
2.89684e-07
1.04901e-06
2.87014e-07
8.44209e-07
2.88228e-07
6.4149e-07
2.93205e-07
4.42595e-07
3.01593e-07
2.49122e-07
3.12826e-07
6.23138e-08
3.26285e-07
-1.17255e-07
-2.89957e-07
3.41618e-07
3.46698e-07
2.73962e-06
5.04376e-07
2.88396e-06
5.50609e-07
2.88196e-06
5.51545e-07
2.8747e-06
5.34868e-07
2.85685e-06
5.14734e-07
2.7991e-06
4.89824e-07
2.69934e-06
4.625e-07
2.56923e-06
4.34582e-07
2.41721e-06
4.07315e-07
2.24883e-06
3.81541e-07
2.0679e-06
3.57865e-07
1.87729e-06
3.3676e-07
1.67929e-06
3.18628e-07
1.47589e-06
3.03837e-07
1.2689e-06
2.92716e-07
1.06013e-06
2.85532e-07
8.51393e-07
2.82437e-07
6.44586e-07
2.83382e-07
4.41652e-07
2.8802e-07
2.44486e-07
2.95662e-07
5.4674e-08
3.05423e-07
-1.27015e-07
-3.01336e-07
3.16803e-07
4.7917e-07
2.26045e-06
6.6258e-07
2.70055e-06
6.89515e-07
2.85502e-06
6.60422e-07
2.90379e-06
6.20935e-07
2.89633e-06
5.81528e-07
2.8385e-06
5.42608e-07
2.73826e-06
5.04878e-07
2.60696e-06
4.68906e-07
2.45318e-06
4.35064e-07
2.28267e-06
4.03604e-07
2.09936e-06
3.74735e-07
1.90616e-06
3.48671e-07
1.70536e-06
3.25649e-07
1.49891e-06
3.05948e-07
1.2886e-06
2.89876e-07
1.0762e-06
2.77753e-07
8.63515e-07
2.69842e-07
6.52496e-07
2.66244e-07
4.45251e-07
2.66718e-07
2.44013e-07
2.70479e-07
5.09138e-08
2.76237e-07
-1.32774e-07
-3.08369e-07
2.83269e-07
6.29484e-07
1.63096e-06
8.27996e-07
2.50204e-06
8.2923e-07
2.85379e-06
7.70199e-07
2.96282e-06
7.03528e-07
2.963e-06
6.42764e-07
2.89927e-06
5.88813e-07
2.79221e-06
5.40525e-07
2.65524e-06
4.96815e-07
2.49689e-06
4.56897e-07
2.32258e-06
4.20275e-07
2.13598e-06
3.86683e-07
1.93975e-06
3.56025e-07
1.73601e-06
3.28342e-07
1.52659e-06
3.03795e-07
1.31315e-06
2.82645e-07
1.09735e-06
2.65249e-07
8.8091e-07
2.52009e-07
6.65735e-07
2.43273e-07
4.53986e-07
2.39082e-07
2.48204e-07
2.3869e-07
5.1306e-08
2.4019e-07
-1.34275e-07
-3.10712e-07
2.42532e-07
8.36094e-07
7.94868e-07
1.02084e-06
2.31729e-06
9.64771e-07
2.90986e-06
8.63558e-07
3.06403e-06
7.68472e-07
3.05809e-06
6.88927e-07
2.97881e-06
6.22774e-07
2.85836e-06
5.6635e-07
2.71167e-06
5.16812e-07
2.54643e-06
4.72298e-07
2.3671e-06
4.3167e-07
2.17661e-06
3.94265e-07
1.97715e-06
3.59733e-07
1.77054e-06
3.27933e-07
1.55838e-06
2.98892e-07
1.34219e-06
2.72787e-07
1.12345e-06
2.49953e-07
9.03743e-07
2.30896e-07
6.8479e-07
2.16271e-07
4.68611e-07
2.06665e-07
2.5781e-07
2.01764e-07
5.6207e-08
1.98711e-07
-1.31223e-07
-3.08053e-07
1.9605e-07
1.12162e-06
-3.26749e-07
1.24683e-06
2.19207e-06
1.07951e-06
3.07718e-06
9.23127e-07
3.22042e-06
8.03424e-07
3.17779e-06
7.12539e-07
3.06969e-06
6.4058e-07
2.93032e-06
5.80573e-07
2.77167e-06
5.28306e-07
2.5987e-06
4.81341e-07
2.41406e-06
4.38265e-07
2.21968e-06
3.98257e-07
2.01716e-06
3.60841e-07
1.80796e-06
3.25761e-07
1.59346e-06
2.92912e-07
1.37503e-06
2.6233e-07
1.15403e-06
2.34221e-07
9.31851e-07
2.09031e-07
7.09979e-07
1.87595e-07
4.90047e-07
1.71295e-07
2.74109e-07
1.61249e-07
6.62533e-08
1.5314e-07
-1.23115e-07
-3.00068e-07
1.45154e-07
1.27054e-06
-1.59729e-06
1.48518e-06
1.97743e-06
1.14624e-06
3.41611e-06
9.31255e-07
3.43541e-06
8.02043e-07
3.307e-06
7.12903e-07
3.15883e-06
6.43436e-07
2.99979e-06
5.84777e-07
2.83033e-06
5.32788e-07
2.65068e-06
4.85347e-07
2.4615e-06
4.41266e-07
2.26376e-06
3.99839e-07
2.05859e-06
3.60616e-07
1.84718e-06
3.23296e-07
1.63078e-06
2.87662e-07
1.41067e-06
2.53571e-07
1.18812e-06
2.20963e-07
9.64458e-07
1.89937e-07
7.41005e-07
1.60958e-07
5.19026e-07
1.35717e-07
2.99351e-07
1.18272e-07
8.36973e-08
1.0395e-07
-1.08793e-07
-2.86972e-07
9.08528e-08
7.07215e-07
1.197e-06
1.03079e-06
8.79479e-07
7.7979e-07
7.04516e-07
6.41363e-07
5.85434e-07
5.34456e-07
4.87159e-07
4.42749e-07
4.00694e-07
3.60603e-07
3.22161e-07
2.85078e-07
2.49054e-07
2.1376e-07
1.78822e-07
1.43637e-07
1.07028e-07
7.11517e-08
4.47568e-08
3.22302e-08
-8.33206e-07
1.38165e-07
-9.62039e-07
1.28828e-07
-1.08702e-06
1.24971e-07
1.39536e-07
-1.22656e-06
-8.20561e-07
2.81708e-07
-9.69611e-07
2.7788e-07
-1.10467e-06
2.60036e-07
2.27747e-07
-1.19286e-06
-7.63617e-07
3.59301e-07
-8.3842e-07
3.52654e-07
-9.16293e-07
3.37906e-07
3.10777e-07
-9.993e-07
-5.71778e-07
5.13872e-07
-6.86511e-07
4.67138e-07
-7.70583e-07
4.21775e-07
3.79172e-07
-8.39057e-07
-1.51615e-06
8.65899e-07
-1.99188e-06
9.43082e-07
-2.60091e-06
1.03087e-06
7.23921e-07
-2.94586e-06
-2.99553e-06
7.7846e-07
-3.02746e-06
9.74855e-07
-3.08624e-06
1.08932e-06
7.02043e-07
-3.06471e-06
-3.59836e-06
7.20265e-07
-3.43271e-06
8.09084e-07
-3.05595e-06
7.1236e-07
4.99404e-07
-2.85343e-06
-3.75149e-06
6.06766e-07
-3.51772e-06
5.75132e-07
-3.28131e-06
4.75863e-07
3.23497e-07
-3.10534e-06
-3.63354e-06
5.60829e-07
-3.52542e-06
4.67111e-07
-3.38263e-06
3.33193e-07
1.6887e-07
-3.22787e-06
-3.39461e-06
5.32488e-07
-3.33562e-06
4.08349e-07
-3.24535e-06
2.43104e-07
3.71345e-08
-3.1135e-06
-2.99524e-06
4.80725e-07
-2.93556e-06
3.48813e-07
-2.86605e-06
1.73713e-07
-5.22902e-08
-2.77658e-06
-2.50879e-06
3.91464e-07
-2.42475e-06
2.64789e-07
-2.35617e-06
1.05153e-07
-8.62053e-08
-2.32227e-06
-2.10497e-06
2.85961e-07
-2.01246e-06
1.72214e-07
-1.94574e-06
3.83939e-08
-1.07172e-07
-1.92482e-06
-1.83904e-06
1.91137e-07
-1.76047e-06
9.35701e-08
-1.70673e-06
-1.5401e-08
-1.32284e-07
-1.68167e-06
-1.65433e-06
1.17239e-07
-1.59636e-06
3.55417e-08
-1.55864e-06
-5.31728e-08
-1.45905e-07
-1.54506e-06
-1.49816e-06
6.36237e-08
-1.45818e-06
-4.47575e-09
-1.43454e-06
-7.68467e-08
-1.51311e-07
-1.42916e-06
-1.34616e-06
2.63189e-08
-1.31954e-06
-3.11181e-08
-1.3053e-06
-9.10982e-08
-1.5212e-07
-1.30452e-06
-1.19003e-06
8.83202e-10
-1.17257e-06
-4.86036e-08
-1.16414e-06
-9.9546e-08
-1.5091e-07
-1.16537e-06
-1.02923e-06
-1.65541e-08
-1.01757e-06
-6.02923e-08
-1.01235e-06
-1.04788e-07
-1.49328e-07
-1.01396e-06
-8.66091e-07
-2.90717e-08
-8.57671e-07
-6.87499e-08
-8.53757e-07
-1.08735e-07
-1.48538e-07
-8.54581e-07
-7.03855e-07
-3.89749e-08
-6.96787e-07
-7.58603e-08
-6.92793e-07
-1.12765e-07
-1.49352e-07
-6.92014e-07
-5.45815e-07
-4.78873e-08
-5.38791e-07
-8.29228e-08
-5.33793e-07
-1.17796e-07
-1.52273e-07
-5.309e-07
-3.94967e-07
-5.68708e-08
-3.87164e-07
-9.07544e-08
-3.80623e-07
-1.24362e-07
-1.57533e-07
-3.75383e-07
-2.53882e-07
-6.65456e-08
-2.44862e-07
-9.97906e-08
-2.36548e-07
-1.32689e-07
-1.65133e-07
-2.2896e-07
-1.24663e-07
-7.71948e-08
-1.14284e-07
-1.10176e-07
-1.04211e-07
-1.42767e-07
-1.74893e-07
-9.44528e-08
-8.95845e-09
-8.8855e-08
2.70985e-09
-1.21841e-07
1.43554e-08
-1.54408e-07
-1.86508e-07
2.59728e-08
9.20282e-08
-1.01389e-07
1.04765e-07
-1.34569e-07
1.17676e-07
-1.67311e-07
-1.99582e-07
1.30757e-07
1.77509e-07
-1.14544e-07
1.90998e-07
-1.48047e-07
2.04795e-07
-1.81097e-07
-2.13673e-07
2.18894e-07
2.47083e-07
-1.27995e-07
2.60954e-07
-1.61906e-07
2.7522e-07
-1.95351e-07
-2.28319e-07
2.89874e-07
3.00713e-07
-1.41384e-07
3.14572e-07
-1.75754e-07
3.28879e-07
-2.09648e-07
-2.43061e-07
3.43629e-07
3.38688e-07
-1.54344e-07
3.52141e-07
-1.89198e-07
3.66073e-07
-2.23571e-07
-2.57463e-07
3.8048e-07
3.61596e-07
-1.66515e-07
3.74267e-07
-2.01863e-07
3.87431e-07
-2.36728e-07
-2.71116e-07
4.01089e-07
3.70289e-07
-1.77562e-07
3.8183e-07
-2.13401e-07
3.93867e-07
-2.4876e-07
-2.83654e-07
4.06407e-07
3.65846e-07
-1.87181e-07
3.75945e-07
-2.23497e-07
3.86535e-07
-2.59348e-07
-2.94754e-07
3.97637e-07
3.49543e-07
-1.95105e-07
3.57927e-07
-2.31879e-07
3.66798e-07
-2.68217e-07
-3.04144e-07
3.76189e-07
3.22804e-07
-2.01107e-07
3.29247e-07
-2.38322e-07
3.36179e-07
-2.75148e-07
-3.11614e-07
3.43649e-07
2.87163e-07
-2.05002e-07
2.91494e-07
-2.42653e-07
2.96333e-07
-2.79987e-07
-3.17031e-07
3.0175e-07
2.44194e-07
-2.06664e-07
2.4632e-07
-2.4478e-07
2.49012e-07
-2.82679e-07
-3.20372e-07
2.52352e-07
1.95443e-07
-2.06058e-07
1.95402e-07
-2.4474e-07
1.96048e-07
-2.83325e-07
-3.21779e-07
1.97454e-07
1.42383e-07
-2.03289e-07
1.40449e-07
-2.42806e-07
1.39414e-07
-2.8229e-07
-3.21643e-07
1.39278e-07
8.64426e-08
-1.98879e-07
8.33315e-08
-2.39695e-07
8.13803e-08
-2.80339e-07
-3.20688e-07
8.04249e-08
2.89739e-08
2.68074e-08
2.54698e-08
2.47499e-08
-9.4978e-07
3.01022e-07
-1.08055e-06
1.14794e-07
-1.31678e-06
5.49253e-08
-1.56623e-06
6.92334e-09
-1.79197e-06
-3.18714e-10
-2.00125e-06
3.49244e-08
-2.26899e-06
-1.83528e-08
-2.60183e-06
-2.1248e-07
-2.70857e-06
-3.95746e-07
-2.21298e-06
1.19922e-07
-1.46833e-06
1.03649e-06
-7.8009e-07
1.13318e-06
6.43399e-09
1.06912e-06
8.50703e-07
4.0918e-07
1.0382e-06
-6.59829e-07
9.55765e-07
-9.40725e-07
1.37572e-06
-4.10712e-07
1.26256e-06
-9.60507e-07
-1.90849e-06
-1.29617e-06
4.04342e-07
-1.52621e-06
3.44852e-07
-1.79795e-06
3.2668e-07
-2.06903e-06
2.78013e-07
-2.28097e-06
2.11629e-07
-2.40204e-06
1.55999e-07
-2.51426e-06
9.38697e-08
-2.70216e-06
-2.45742e-08
-2.87365e-06
-2.24261e-07
-2.5539e-06
-1.99836e-07
-1.59465e-06
7.72346e-08
-5.17864e-07
5.63856e-08
6.19023e-07
-6.77742e-08
1.39758e-06
-3.69389e-07
1.4034e-06
-6.65647e-07
1.1868e-06
-7.24134e-07
1.39902e-06
-6.22936e-07
1.21054e-06
-7.7202e-07
-6.9795e-07
-1.22327e-06
6.28275e-07
-1.64708e-06
7.68674e-07
-1.96471e-06
6.44331e-07
-2.19712e-06
5.10447e-07
-2.35538e-06
3.6992e-07
-2.39127e-06
1.91921e-07
-2.31557e-06
1.81917e-08
-2.27128e-06
-6.88323e-08
-2.45678e-06
-3.87376e-08
-2.32577e-06
-3.30829e-07
-1.28784e-06
-9.60657e-07
-2.27413e-08
-1.20866e-06
1.22754e-06
-1.31802e-06
1.93502e-06
-1.07681e-06
1.77324e-06
-5.03811e-07
1.39542e-06
-3.46252e-07
1.27808e-06
-5.05528e-07
6.33981e-07
-1.27859e-07
-6.39545e-08
-1.18272e-06
9.71953e-07
-1.92185e-06
1.50765e-06
-2.19076e-06
9.13169e-07
-2.06508e-06
3.84742e-07
-2.08265e-06
3.87481e-07
-2.19327e-06
3.02529e-07
-2.15878e-06
-1.62999e-08
-2.20923e-06
-1.83793e-08
-2.25451e-06
6.5443e-09
-1.86084e-06
-7.24494e-07
-8.63106e-07
-1.95837e-06
2.44313e-07
-2.31605e-06
8.12475e-07
-1.88614e-06
1.44602e-06
-1.71034e-06
1.63349e-06
-6.91257e-07
1.4069e-06
-1.19672e-07
1.08188e-06
-1.80545e-07
7.79571e-07
1.7442e-07
7.15597e-07
-3.27419e-06
1.30034e-06
-4.34283e-06
2.57615e-06
-3.76576e-06
3.36061e-07
-2.64418e-06
-7.36864e-07
-1.66881e-06
-5.87911e-07
-1.11678e-06
-2.49542e-07
-5.08095e-07
-6.25048e-07
3.34204e-07
-8.60726e-07
1.44643e-06
-1.10574e-06
2.5989e-06
-1.87703e-06
2.85407e-06
-2.2136e-06
1.45322e-06
-9.15273e-07
-9.55834e-07
5.22863e-07
-1.71823e-06
-9.47988e-07
-1.59924e-06
-8.10307e-07
-1.12529e-06
-5.93649e-07
-8.82401e-07
-4.23422e-07
-2.09687e-07
-4.9823e-07
5.05915e-07
-2.76634e-06
1.00184e-06
-1.70099e-06
1.51076e-06
-1.1471e-06
-2.17791e-07
-1.34191e-06
-5.42051e-07
-1.28453e-06
-6.45311e-07
-8.35031e-07
-6.99065e-07
-2.5138e-07
-1.20873e-06
6.65952e-07
-1.7781e-06
1.87703e-06
-2.31687e-06
2.54847e-06
-2.54851e-06
1.96206e-06
-1.62722e-06
8.76595e-07
1.70184e-07
7.25806e-07
6.73638e-07
-1.9141e-08
-2.03056e-07
-5.12736e-07
-3.1671e-07
-6.79816e-07
-4.26549e-07
-1.38523e-06
2.82054e-07
-1.82374e-06
-5.96242e-08
-1.3178e-06
-2.43505e-06
5.83344e-07
-1.32718e-06
4.02857e-07
-1.22517e-06
-3.19784e-07
-1.55316e-06
-2.14069e-07
-2.08934e-06
-1.09148e-07
-2.00814e-06
-7.80256e-07
-1.32491e-06
-1.89191e-06
-5.92804e-07
-2.51012e-06
-1.69165e-07
-2.7404e-06
5.07509e-08
-2.76829e-06
6.68668e-07
-2.24496e-06
2.17446e-06
-1.33542e-06
3.57598e-06
-7.277e-07
3.46996e-06
-9.689e-08
2.90827e-06
2.45118e-07
2.08954e-06
3.92279e-07
1.35743e-06
1.01421e-06
2.07833e-07
1.09003e-06
-1.10996e-06
-2.69741e-06
1.75413e-07
-2.15328e-06
-1.41228e-07
-2.16234e-06
-3.10708e-07
-2.35438e-06
-2.20469e-08
-2.48013e-06
1.66008e-08
-2.16577e-06
-1.0946e-06
-1.52406e-06
-2.53355e-06
-1.0905e-06
-2.9436e-06
-8.95821e-07
-2.93495e-06
-6.34579e-07
-3.02937e-06
2.43697e-07
-3.12307e-06
1.8701e-06
-2.96168e-06
3.22234e-06
-2.0798e-06
3.75542e-06
-6.29861e-07
3.74609e-06
2.54523e-07
3.28306e-06
8.55351e-07
2.7883e-06
1.50898e-06
2.05045e-06
1.82789e-06
9.40482e-07
-2.82422e-06
-2.28156e-07
-2.36626e-06
-5.99097e-07
-2.19633e-06
-4.80619e-07
-2.12141e-06
-9.69972e-08
-1.97062e-06
-1.34233e-07
-1.50861e-06
-1.55664e-06
-1.18612e-06
-2.85607e-06
-1.17895e-06
-2.95079e-06
-1.24937e-06
-2.86455e-06
-1.21833e-06
-3.06042e-06
-7.8506e-07
-3.55634e-06
9.75177e-08
-3.84425e-06
1.17705e-06
-3.15933e-06
2.35751e-06
-1.81033e-06
2.89153e-06
-2.79508e-07
2.90405e-06
8.42818e-07
2.66317e-06
1.74984e-06
1.98954e-06
2.50151e-06
2.93001e-06
-2.74771e-06
-5.93868e-07
-2.319e-06
-1.02773e-06
-1.92882e-06
-8.70784e-07
-1.60266e-06
-4.23201e-07
-1.23828e-06
-4.98664e-07
-1.04104e-06
-1.75393e-06
-1.20807e-06
-2.6891e-06
-1.44101e-06
-2.71793e-06
-1.62332e-06
-2.68232e-06
-1.76294e-06
-2.92089e-06
-1.815e-06
-3.50436e-06
-1.71574e-06
-3.9436e-06
-9.92109e-07
-3.88303e-06
1.60684e-07
-2.96318e-06
1.03886e-06
-1.15774e-06
1.48942e-06
3.92229e-07
1.60581e-06
1.63341e-06
1.26034e-06
2.84696e-06
4.19035e-06
-2.53835e-06
-8.32062e-07
-2.23826e-06
-1.32779e-06
-1.82471e-06
-1.28434e-06
-1.36259e-06
-8.85365e-07
-1.029e-06
-8.3229e-07
-1.12957e-06
-1.65341e-06
-1.54557e-06
-2.27316e-06
-1.82074e-06
-2.44284e-06
-1.97857e-06
-2.52456e-06
-2.14972e-06
-2.74983e-06
-2.47467e-06
-3.17951e-06
-2.80282e-06
-3.61555e-06
-2.61617e-06
-4.06975e-06
-1.96648e-06
-3.61293e-06
-1.1571e-06
-1.96717e-06
-3.74206e-07
-3.90701e-07
1.40495e-07
1.11869e-06
2.85785e-07
2.70167e-06
4.47614e-06
-2.2808e-06
-8.73543e-07
-2.14156e-06
-1.46706e-06
-1.89232e-06
-1.53362e-06
-1.56576e-06
-1.21198e-06
-1.34127e-06
-1.05682e-06
-1.46636e-06
-1.52836e-06
-1.77692e-06
-1.96263e-06
-2.05322e-06
-2.16659e-06
-2.27039e-06
-2.30744e-06
-2.51848e-06
-2.5018e-06
-2.88462e-06
-2.81343e-06
-3.27521e-06
-3.22502e-06
-3.67543e-06
-3.66959e-06
-3.67463e-06
-3.61378e-06
-3.07346e-06
-2.56837e-06
-2.13426e-06
-1.32991e-06
-1.32565e-06
3.10076e-07
-6.42059e-07
2.01809e-06
3.8341e-06
-1.97406e-06
-8.24361e-07
-2.02226e-06
-1.41891e-06
-1.99471e-06
-1.56122e-06
-1.87904e-06
-1.3277e-06
-1.70356e-06
-1.23234e-06
-1.76306e-06
-1.46889e-06
-1.97938e-06
-1.74634e-06
-2.21874e-06
-1.92725e-06
-2.46065e-06
-2.06556e-06
-2.7382e-06
-2.22428e-06
-3.09851e-06
-2.45315e-06
-3.57497e-06
-2.7486e-06
-4.19566e-06
-3.04892e-06
-4.60326e-06
-3.20619e-06
-4.35146e-06
-2.82017e-06
-3.68366e-06
-1.99769e-06
-2.66498e-06
-7.08576e-07
-1.44011e-06
7.93249e-07
2.39401e-06
-1.73558e-06
-7.70518e-07
-1.89519e-06
-1.25935e-06
-2.01909e-06
-1.43737e-06
-1.98553e-06
-1.36132e-06
-1.90829e-06
-1.30961e-06
-1.94976e-06
-1.42744e-06
-2.10315e-06
-1.59297e-06
-2.3046e-06
-1.72581e-06
-2.53425e-06
-1.83593e-06
-2.8058e-06
-1.95274e-06
-3.15634e-06
-2.10262e-06
-3.61944e-06
-2.28551e-06
-4.1892e-06
-2.47915e-06
-4.73501e-06
-2.66037e-06
-4.97761e-06
-2.57754e-06
-4.80265e-06
-2.17261e-06
-3.97745e-06
-1.53374e-06
-2.33512e-06
-8.49035e-07
5.89239e-08
-1.60977e-06
-7.05854e-07
-1.76299e-06
-1.10618e-06
-1.9013e-06
-1.29909e-06
-1.94688e-06
-1.31577e-06
-1.94657e-06
-1.30995e-06
-1.99923e-06
-1.37479e-06
-2.12077e-06
-1.47143e-06
-2.28714e-06
-1.55944e-06
-2.48748e-06
-1.63558e-06
-2.72922e-06
-1.711e-06
-3.03354e-06
-1.79828e-06
-3.41969e-06
-1.89934e-06
-3.88897e-06
-2.00985e-06
-4.44953e-06
-2.09979e-06
-4.93181e-06
-2.09522e-06
-5.14197e-06
-1.96241e-06
-4.75406e-06
-1.9216e-06
-3.02383e-06
-2.57921e-06
-2.96488e-06
-1.48968e-06
-6.45374e-07
-1.61878e-06
-9.77106e-07
-1.74822e-06
-1.16968e-06
-1.82553e-06
-1.23849e-06
-1.86919e-06
-1.26631e-06
-1.93354e-06
-1.31044e-06
-2.03554e-06
-1.36942e-06
-2.16956e-06
-1.42542e-06
-2.33172e-06
-1.47341e-06
-2.52675e-06
-1.51596e-06
-2.76658e-06
-1.55842e-06
-3.06389e-06
-1.60201e-06
-3.4319e-06
-1.64181e-06
-3.86764e-06
-1.66401e-06
-4.32329e-06
-1.63953e-06
-4.646e-06
-1.63966e-06
-4.44567e-06
-2.12187e-06
-2.94227e-06
-4.08255e-06
-5.90712e-06
-1.35591e-06
-5.9401e-07
-1.46022e-06
-8.72837e-07
-1.5719e-06
-1.05804e-06
-1.6562e-06
-1.15422e-06
-1.71753e-06
-1.205e-06
-1.7834e-06
-1.24457e-06
-1.8669e-06
-1.28592e-06
-1.96826e-06
-1.32405e-06
-2.0868e-06
-1.35486e-06
-2.22474e-06
-1.37801e-06
-2.38743e-06
-1.39571e-06
-2.57945e-06
-1.40996e-06
-2.80302e-06
-1.41821e-06
-3.05038e-06
-1.41661e-06
-3.27533e-06
-1.41454e-06
-3.37624e-06
-1.5387e-06
-3.13137e-06
-2.36668e-06
-2.17588e-06
-5.03799e-06
-8.08298e-06
-1.20623e-06
-5.53192e-07
-1.28691e-06
-7.92195e-07
-1.37811e-06
-9.66878e-07
-1.45605e-06
-1.07631e-06
-1.51839e-06
-1.14268e-06
-1.57613e-06
-1.18685e-06
-1.63814e-06
-1.22391e-06
-1.70597e-06
-1.25622e-06
-1.77918e-06
-1.28164e-06
-1.85676e-06
-1.30043e-06
-1.93746e-06
-1.315e-06
-2.01704e-06
-1.33036e-06
-2.08376e-06
-1.35147e-06
-2.11137e-06
-1.38896e-06
-2.04306e-06
-1.48281e-06
-1.79716e-06
-1.78455e-06
-1.35315e-06
-2.81064e-06
-1.00616e-06
-5.38492e-06
-9.08911e-06
-1.04445e-06
-5.22751e-07
-1.10338e-06
-7.33308e-07
-1.17324e-06
-8.97068e-07
-1.23716e-06
-1.01243e-06
-1.28981e-06
-1.09006e-06
-1.33323e-06
-1.14345e-06
-1.37183e-06
-1.18531e-06
-1.40717e-06
-1.22089e-06
-1.43748e-06
-1.25134e-06
-1.45905e-06
-1.27885e-06
-1.46576e-06
-1.30827e-06
-1.44711e-06
-1.34899e-06
-1.38388e-06
-1.41468e-06
-1.24245e-06
-1.53035e-06
-9.70368e-07
-1.75486e-06
-5.20659e-07
-2.23421e-06
-2.91007e-08
-3.30215e-06
1.80313e-07
-5.59427e-06
-8.90877e-06
-8.74953e-07
-5.02424e-07
-9.15322e-07
-6.92988e-07
-9.64105e-07
-8.4833e-07
-1.0101e-06
-9.66472e-07
-1.04695e-06
-1.05323e-06
-1.07268e-06
-1.11773e-06
-1.0885e-06
-1.16951e-06
-1.09451e-06
-1.21488e-06
-1.08799e-06
-1.25785e-06
-1.06384e-06
-1.30299e-06
-1.01405e-06
-1.35805e-06
-9.26684e-07
-1.43634e-06
-7.83889e-07
-1.55744e-06
-5.59594e-07
-1.75461e-06
-2.2427e-07
-2.09014e-06
2.24283e-07
-2.68272e-06
6.69893e-07
-3.74771e-06
6.91111e-07
-5.61544e-06
-8.21763e-06
-7.02603e-07
-4.91879e-07
-7.26625e-07
-6.6901e-07
-7.56347e-07
-8.18647e-07
-7.83623e-07
-9.39227e-07
-8.02616e-07
-1.03426e-06
-8.10192e-07
-1.11016e-06
-8.05275e-07
-1.17442e-06
-7.86666e-07
-1.23349e-06
-7.5147e-07
-1.29304e-06
-6.94602e-07
-1.35985e-06
-6.0879e-07
-1.44385e-06
-4.84953e-07
-1.56015e-06
-3.11531e-07
-1.73083e-06
-7.62913e-08
-1.98981e-06
2.24847e-07
-2.39124e-06
5.6333e-07
-3.02115e-06
8.21077e-07
-4.0054e-06
7.15197e-07
-5.50951e-06
-7.50241e-06
-5.32158e-07
-4.90657e-07
-5.41876e-07
-6.59328e-07
-5.54661e-07
-8.05889e-07
-5.64512e-07
-9.29396e-07
-5.66478e-07
-1.0323e-06
-5.572e-07
-1.11944e-06
-5.34688e-07
-1.19693e-06
-4.97131e-07
-1.27103e-06
-4.4187e-07
-1.34829e-06
-3.65069e-07
-1.43663e-06
-2.61977e-07
-1.54691e-06
-1.27683e-07
-1.69441e-06
4.1796e-08
-1.90028e-06
2.46262e-07
-2.19424e-06
4.73373e-07
-2.6183e-06
6.82046e-07
-3.22978e-06
7.77147e-07
-4.10046e-06
5.86351e-07
-5.31866e-06
-6.91603e-06
-3.67978e-07
-4.98088e-07
-3.65328e-07
-6.62e-07
-3.6355e-07
-8.07683e-07
-3.58178e-07
-9.34777e-07
-3.45206e-07
-1.04527e-06
-3.2158e-07
-1.14306e-06
-2.85192e-07
-1.2333e-06
-2.34304e-07
-1.3219e-06
-1.67005e-07
-1.41556e-06
-8.11664e-08
-1.52244e-06
2.51347e-08
-1.65319e-06
1.52599e-07
-1.82184e-06
2.99051e-07
-2.04669e-06
4.5614e-07
-2.35129e-06
6.0334e-07
-2.76546e-06
6.99023e-07
-3.32542e-06
6.71963e-07
-4.07335e-06
4.29143e-07
-5.07579e-06
-6.48687e-06
-2.13787e-07
-5.13278e-07
-2.00674e-07
-6.75122e-07
-1.86767e-07
-8.21594e-07
-1.68737e-07
-9.52806e-07
-1.43471e-07
-1.07053e-06
-1.08482e-07
-1.17803e-06
-6.20042e-08
-1.27976e-06
-2.79829e-09
-1.38108e-06
7.00108e-08
-1.48834e-06
1.56896e-07
-1.6093e-06
2.57313e-07
-1.75357e-06
3.68716e-07
-1.93321e-06
4.84962e-07
-2.1629e-06
5.93724e-07
-2.46001e-06
6.7261e-07
-2.84431e-06
6.84696e-07
-3.33746e-06
5.77405e-07
-3.96602e-06
2.99166e-07
-4.79751e-06
-6.18769e-06
-7.25928e-08
-5.35144e-07
-5.08932e-08
-6.9682e-07
-2.72268e-08
-8.45256e-07
8.51013e-10
-9.80876e-07
3.5654e-08
-1.10532e-06
7.90178e-08
-1.22137e-06
1.32134e-07
-1.33285e-06
1.95555e-07
-1.44448e-06
2.69179e-07
-1.56194e-06
3.52012e-07
-1.6921e-06
4.41708e-07
-1.84324e-06
5.33724e-07
-2.0252e-06
6.20148e-07
-2.2493e-06
6.88057e-07
-2.52789e-06
7.17496e-07
-2.87372e-06
6.79825e-07
-3.29976e-06
5.39479e-07
-3.82564e-06
2.68312e-07
-4.52631e-06
-5.91936e-06
5.33047e-08
-5.62474e-07
8.17688e-08
-7.25276e-07
1.12947e-07
-8.76425e-07
1.4861e-07
-1.01653e-06
1.90375e-07
-1.14707e-06
2.3943e-07
-1.27041e-06
2.96344e-07
-1.38975e-06
3.60969e-07
-1.50908e-06
4.32317e-07
-1.63327e-06
5.08333e-07
-1.76809e-06
5.85518e-07
-1.9204e-06
6.58397e-07
-2.09806e-06
7.18866e-07
-2.30974e-06
7.5549e-07
-2.56449e-06
7.52961e-07
-2.87116e-06
6.92232e-07
-3.239e-06
5.52484e-07
-3.68587e-06
3.17403e-07
-4.2912e-06
-5.60195e-06
1.62278e-07
-5.93988e-07
1.95775e-07
-7.58761e-07
2.32422e-07
-9.13059e-07
2.73453e-07
-1.05755e-06
3.19913e-07
-1.19351e-06
3.72414e-07
-1.32289e-06
4.30949e-07
-1.44826e-06
4.94748e-07
-1.57286e-06
5.62122e-07
-1.70062e-06
6.30274e-07
-1.83623e-06
6.95054e-07
-1.98516e-06
7.50707e-07
-2.15369e-06
7.89688e-07
-2.34871e-06
8.02695e-07
-2.57748e-06
7.79118e-07
-2.84757e-06
7.08091e-07
-3.16796e-06
5.79099e-07
-3.55685e-06
3.72459e-07
-4.08454e-06
-5.22948e-06
2.53306e-07
-6.28391e-07
2.90224e-07
-7.95665e-07
3.3051e-07
-9.53332e-07
3.74992e-07
-1.10202e-06
4.24257e-07
-1.24277e-06
4.78448e-07
-1.37707e-06
5.37079e-07
-1.50688e-06
5.9888e-07
-1.63465e-06
6.61645e-07
-1.76337e-06
7.22077e-07
-1.89664e-06
7.75658e-07
-2.03873e-06
8.16589e-07
-2.19461e-06
8.37925e-07
-2.37003e-06
8.32037e-07
-2.57158e-06
7.91645e-07
-2.80716e-06
7.11442e-07
-3.08774e-06
5.88582e-07
-3.43398e-06
4.10339e-07
-3.90629e-06
-4.81914e-06
3.25913e-07
-6.64421e-07
3.64777e-07
-8.34516e-07
4.07103e-07
-9.95647e-07
4.53422e-07
-1.14832e-06
5.03981e-07
-1.29331e-06
5.58568e-07
-1.43164e-06
6.1634e-07
-1.56464e-06
6.75667e-07
-1.69396e-06
7.33987e-07
-1.82168e-06
7.87677e-07
-1.95033e-06
8.31973e-07
-2.08302e-06
8.61003e-07
-2.22363e-06
8.68014e-07
-2.37704e-06
8.45943e-07
-2.54951e-06
7.88459e-07
-2.74967e-06
6.91489e-07
-2.99077e-06
5.5393e-07
-3.29642e-06
3.71213e-07
-3.72356e-06
-4.44793e-06
3.80097e-07
-7.0088e-07
4.19585e-07
-8.73992e-07
4.62577e-07
-1.03863e-06
5.09403e-07
-1.19514e-06
5.60083e-07
-1.34398e-06
6.14167e-07
-1.48572e-06
6.70582e-07
-1.62104e-06
7.27483e-07
-1.75086e-06
7.82104e-07
-1.8763e-06
8.30639e-07
-1.99886e-06
8.6816e-07
-2.12054e-06
8.88634e-07
-2.24411e-06
8.85095e-07
-2.3735e-06
8.50048e-07
-2.51446e-06
7.76106e-07
-2.67573e-06
6.56741e-07
-2.8714e-06
4.86686e-07
-3.12636e-06
2.61293e-07
-3.49817e-06
-4.18663e-06
4.16272e-07
-7.36665e-07
4.55213e-07
-9.12924e-07
4.97704e-07
-1.08111e-06
5.43956e-07
-1.24139e-06
5.93859e-07
-1.39388e-06
6.4684e-07
-1.53869e-06
7.01723e-07
-1.67592e-06
7.56588e-07
-1.80572e-06
8.08627e-07
-1.92833e-06
8.54004e-07
-2.04423e-06
8.87752e-07
-2.15429e-06
9.03723e-07
-2.26008e-06
8.94656e-07
-2.36443e-06
8.52384e-07
-2.47219e-06
7.68156e-07
-2.5915e-06
6.32984e-07
-2.73623e-06
4.3856e-07
-2.93194e-06
1.83641e-07
-3.24325e-06
-4.00299e-06
4.35203e-07
-7.70774e-07
4.72578e-07
-9.50291e-07
5.13582e-07
-1.12211e-06
5.58379e-07
-1.28618e-06
6.06811e-07
-1.44231e-06
6.58279e-07
-1.59015e-06
7.11623e-07
-1.72926e-06
7.64992e-07
-1.85908e-06
8.15695e-07
-1.97903e-06
8.60051e-07
-2.08859e-06
8.9324e-07
-2.18748e-06
9.0919e-07
-2.27603e-06
9.00553e-07
-2.3558e-06
8.58824e-07
-2.43046e-06
7.74674e-07
-2.50736e-06
6.38682e-07
-2.60024e-06
4.43671e-07
-2.73693e-06
1.93838e-07
-2.99341e-06
-3.80916e-06
4.3796e-07
-8.02323e-07
4.72892e-07
-9.85218e-07
5.11583e-07
-1.1608e-06
5.54196e-07
-1.32879e-06
6.00587e-07
-1.4887e-06
6.50211e-07
-1.63978e-06
7.02028e-07
-1.78107e-06
7.54383e-07
-1.91144e-06
8.04865e-07
-2.02952e-06
8.50137e-07
-2.13386e-06
8.85748e-07
-2.22309e-06
9.05947e-07
-2.29623e-06
9.0356e-07
-2.35341e-06
8.70036e-07
-2.39694e-06
7.95852e-07
-2.43318e-06
6.71659e-07
-2.47605e-06
4.91241e-07
-2.55651e-06
2.59124e-07
-2.7613e-06
-3.55003e-06
4.25869e-07
-8.30553e-07
4.57625e-07
-1.01697e-06
4.93315e-07
-1.19649e-06
5.33126e-07
-1.3686e-06
5.76963e-07
-1.53253e-06
6.2439e-07
-1.6872e-06
6.74566e-07
-1.83125e-06
7.26141e-07
-1.96301e-06
7.77131e-07
-2.08051e-06
8.24726e-07
-2.18146e-06
8.65066e-07
-2.26343e-06
8.92957e-07
-2.32413e-06
9.01606e-07
-2.36207e-06
8.82447e-07
-2.37779e-06
8.25324e-07
-2.37606e-06
7.19388e-07
-2.37012e-06
5.54995e-07
-2.39212e-06
3.23776e-07
-2.53008e-06
-3.22626e-06
4.00481e-07
-8.54844e-07
4.28476e-07
-1.04496e-06
4.60606e-07
-1.22862e-06
4.97077e-07
-1.40507e-06
5.37849e-07
-1.5733e-06
5.82626e-07
-1.73198e-06
6.30811e-07
-1.87943e-06
6.81444e-07
-2.01364e-06
7.33078e-07
-2.13214e-06
7.83597e-07
-2.23198e-06
8.29946e-07
-2.30978e-06
8.67747e-07
-2.36193e-06
8.90812e-07
-2.38514e-06
8.90609e-07
-2.37759e-06
8.55889e-07
-2.34134e-06
7.72887e-07
-2.28712e-06
6.26112e-07
-2.24535e-06
3.93394e-07
-2.29737e-06
-2.83287e-06
3.63548e-07
-8.74744e-07
3.87364e-07
-1.06878e-06
4.15506e-07
-1.25676e-06
4.48162e-07
-1.43773e-06
4.85333e-07
-1.61047e-06
5.26854e-07
-1.7735e-06
5.72396e-07
-1.92497e-06
6.21423e-07
-2.06267e-06
6.73103e-07
-2.18382e-06
7.26141e-07
-2.28502e-06
7.78493e-07
-2.36214e-06
8.26889e-07
-2.41033e-06
8.66108e-07
-2.42436e-06
8.8794e-07
-2.39942e-06
8.79931e-07
-2.33333e-06
8.24427e-07
-2.23162e-06
6.98551e-07
-2.11948e-06
4.69556e-07
-2.06837e-06
-2.36331e-06
3.17015e-07
-8.90009e-07
3.36427e-07
-1.08819e-06
3.60295e-07
-1.28063e-06
3.88726e-07
-1.46616e-06
4.21718e-07
-1.64347e-06
4.59217e-07
-1.81099e-06
5.01141e-07
-1.9669e-06
5.47371e-07
-2.1089e-06
5.97704e-07
-2.23415e-06
6.51735e-07
-2.33905e-06
7.08592e-07
-2.41899e-06
7.66446e-07
-2.46819e-06
8.2159e-07
-2.4795e-06
8.66842e-07
-2.44468e-06
8.89015e-07
-2.35551e-06
8.65707e-07
-2.20831e-06
7.62916e-07
-2.01669e-06
5.30578e-07
-1.83604e-06
-1.83274e-06
2.63017e-07
-9.00676e-07
2.78037e-07
-1.10321e-06
2.97498e-07
-1.30009e-06
3.21357e-07
-1.49002e-06
3.49568e-07
-1.67168e-06
3.82144e-07
-1.84357e-06
4.19198e-07
-2.00395e-06
4.60967e-07
-2.15067e-06
5.07811e-07
-2.281e-06
5.60174e-07
-2.39142e-06
6.18431e-07
-2.47725e-06
6.82486e-07
-2.53224e-06
7.50863e-07
-2.54788e-06
8.18771e-07
-2.51259e-06
8.74218e-07
-2.41096e-06
8.91287e-07
-2.22538e-06
8.22197e-07
-1.9476e-06
5.86133e-07
-1.59998e-06
-1.24661e-06
2.03921e-07
-9.07144e-07
2.14815e-07
-1.11411e-06
2.29885e-07
-1.31516e-06
2.48893e-07
-1.50903e-06
2.71717e-07
-1.6945e-06
2.98398e-07
-1.87025e-06
3.29167e-07
-2.03472e-06
3.64493e-07
-2.18599e-06
4.05133e-07
-2.32164e-06
4.52193e-07
-2.43848e-06
5.07149e-07
-2.53221e-06
5.71706e-07
-2.5968e-06
6.47248e-07
-2.62343e-06
7.33218e-07
-2.59856e-06
8.22813e-07
-2.50055e-06
8.92727e-07
-2.2953e-06
8.85742e-07
-1.94062e-06
6.86189e-07
-1.40042e-06
-5.60417e-07
1.42379e-07
-9.10246e-07
1.49649e-07
-1.12138e-06
1.60446e-07
-1.32596e-06
1.74365e-07
-1.52295e-06
1.9123e-07
-1.71137e-06
2.11076e-07
-1.8901e-06
2.34161e-07
-2.0578e-06
2.61015e-07
-2.21285e-06
2.92524e-07
-2.35315e-06
3.30081e-07
-2.47603e-06
3.75781e-07
-2.57791e-06
4.32653e-07
-2.65368e-06
5.0478e-07
-2.69556e-06
5.96915e-07
-2.6907e-06
7.12039e-07
-2.61568e-06
8.40788e-07
-2.42405e-06
9.29864e-07
-2.0297e-06
8.21053e-07
-1.29161e-06
2.60636e-07
8.14634e-08
-9.11285e-07
8.5692e-08
-1.12561e-06
9.23156e-08
-1.33258e-06
1.00911e-07
-1.53155e-06
1.11312e-07
-1.72177e-06
1.23541e-07
-1.90232e-06
1.37794e-07
-2.07206e-06
1.54477e-07
-2.22953e-06
1.74289e-07
-2.37296e-06
1.98386e-07
-2.50013e-06
2.28654e-07
-2.60818e-06
2.68186e-07
-2.69321e-06
3.22022e-07
-2.74939e-06
3.98273e-07
-2.76695e-06
5.09898e-07
-2.72731e-06
6.74538e-07
-2.58869e-06
8.83869e-07
-2.23903e-06
9.34952e-07
-1.3427e-06
1.19559e-06
2.48147e-08
2.6283e-08
2.86139e-08
3.15901e-08
3.51361e-08
3.92575e-08
4.40254e-08
4.95879e-08
5.62056e-08
6.43278e-08
7.47437e-08
8.88991e-08
1.09566e-07
1.42172e-07
1.97376e-07
2.97722e-07
4.97166e-07
7.80011e-07
)
;

boundaryField
{
    leftWall
    {
        type            calculated;
        value           uniform 0;
    }
    rightWall
    {
        type            calculated;
        value           uniform 0;
    }
    lowerWall
    {
        type            calculated;
        value           uniform 0;
    }
    atmosphere
    {
        type            calculated;
        value           nonuniform List<scalar> 
46
(
-2.30451e-06
1.48765e-06
3.58232e-06
3.58672e-06
3.40669e-06
3.23411e-06
3.06294e-06
2.88626e-06
2.70166e-06
2.5088e-06
2.30817e-06
2.10064e-06
1.88727e-06
1.66922e-06
1.44775e-06
1.22414e-06
9.99752e-07
7.75942e-07
5.54211e-07
3.3596e-07
1.19573e-07
-8.23992e-08
-2.74446e-07
-1.95623e-07
-2.37528e-07
-2.79001e-07
-3.19968e-07
-9.11351e-07
-1.12707e-06
-1.33491e-06
-1.53452e-06
-1.72531e-06
-1.90645e-06
-2.07682e-06
-2.23509e-06
-2.37958e-06
-2.50825e-06
-2.6186e-06
-2.70736e-06
-2.77006e-06
-2.79955e-06
-2.78251e-06
-2.68903e-06
-2.43847e-06
-1.62554e-06
1.9756e-06
)
;
    }
    defaultFaces
    {
        type            empty;
        value           nonuniform List<scalar> 0();
    }
}


// ************************************************************************* //
