/*--------------------------------*- C++ -*----------------------------------*\
  =========                 |
  \\      /  F ield         | OpenFOAM: The Open Source CFD Toolbox
   \\    /   O peration     | Website:  https://openfoam.org
    \\  /    A nd           | Version:  9
     \\/     M anipulation  |
\*---------------------------------------------------------------------------*/
FoamFile
{
    format      ascii;
    class       volVectorField;
    location    "3.57";
    object      U;
}
// * * * * * * * * * * * * * * * * * * * * * * * * * * * * * * * * * * * * * //

dimensions      [0 1 -1 0 0 0 0];

internalField   nonuniform List<vector> 
2268
(
(0.000706234 -0.000541043 0)
(0.00399507 -0.00122777 0)
(0.00862122 -0.00142452 0)
(0.013413 -0.0013891 0)
(0.0180016 -0.00128097 0)
(0.0221965 -0.00113907 0)
(0.025913 -0.00098485 0)
(0.0291047 -0.000820218 0)
(0.0317051 -0.000632692 0)
(0.0336352 -0.000430287 0)
(0.0348668 -0.000236797 0)
(0.0354536 -7.12255e-05 0)
(0.0354782 5.5348e-05 0)
(0.0350693 0.000118116 0)
(0.0344427 8.66832e-05 0)
(0.0336799 -5.55005e-05 0)
(0.0334345 -0.000160287 0)
(0.0308676 0.00201008 0)
(0.0189735 0.00598483 0)
(-0.000204605 0.00524703 0)
(-0.011444 0.00146402 0)
(-0.0120469 -0.00178993 0)
(-0.00515916 -0.00234098 0)
(0.00158893 -0.00166154 0)
(0.00511428 -0.00294454 0)
(0.00952332 -0.00341376 0)
(0.0142117 -0.00342093 0)
(0.0187913 -0.00321759 0)
(0.0230595 -0.00290741 0)
(0.0269006 -0.00254646 0)
(0.0302428 -0.00214333 0)
(0.0330073 -0.00168472 0)
(0.0351084 -0.00118389 0)
(0.0364964 -0.000685291 0)
(0.0371823 -0.00023088 0)
(0.0372176 0.000154851 0)
(0.036657 0.000441671 0)
(0.0355603 0.000603241 0)
(0.0338678 0.000659901 0)
(0.0315745 0.00112124 0)
(0.0275024 0.00507103 0)
(0.0197343 0.0105602 0)
(0.00834913 0.0103863 0)
(-0.000994365 0.0047129 0)
(-0.0059012 -0.00143442 0)
(-0.00545547 -0.00608534 0)
(0.00217114 -0.00338021 0)
(0.00593616 -0.00485408 0)
(0.0102812 -0.00545627 0)
(0.0148722 -0.00550754 0)
(0.0193846 -0.0052287 0)
(0.0236278 -0.00476348 0)
(0.0274801 -0.00420034 0)
(0.0308619 -0.00355728 0)
(0.033687 -0.00281935 0)
(0.0358611 -0.00200494 0)
(0.0373183 -0.00117702 0)
(0.0380441 -0.00039802 0)
(0.0380542 0.000299849 0)
(0.0373589 0.000893328 0)
(0.0359457 0.00137565 0)
(0.0336661 0.00183484 0)
(0.0302305 0.00291807 0)
(0.0256674 0.00764085 0)
(0.0202894 0.0135414 0)
(0.0136629 0.0140344 0)
(0.00668822 0.00804438 0)
(0.000387272 0.000462128 0)
(-0.00268314 -0.00773744 0)
(0.002467 -0.00534575 0)
(0.00653326 -0.00690096 0)
(0.0109468 -0.00755574 0)
(0.0155113 -0.00762394 0)
(0.0199809 -0.0072679 0)
(0.024192 -0.0066527 0)
(0.0280339 -0.00589363 0)
(0.0314306 -0.00501543 0)
(0.0342922 -0.00399902 0)
(0.0365141 -0.00286601 0)
(0.0380162 -0.00169627 0)
(0.0387665 -0.000569871 0)
(0.0387569 0.000476559 0)
(0.0379666 0.00142957 0)
(0.0363418 0.00230984 0)
(0.0337122 0.00326802 0)
(0.029724 0.0049937 0)
(0.0251842 0.0098031 0)
(0.0213417 0.0156289 0)
(0.0174799 0.0165299 0)
(0.012525 0.010974 0)
(0.00620195 0.0031178 0)
(0.00112155 -0.00721758 0)
(0.00261667 -0.00745209 0)
(0.00698235 -0.00905905 0)
(0.0115273 -0.00970339 0)
(0.0161159 -0.0097572 0)
(0.0205689 -0.00931578 0)
(0.0247524 -0.00855231 0)
(0.0285766 -0.00760428 0)
(0.0319782 -0.00649895 0)
(0.0348667 -0.00520846 0)
(0.0371268 -0.00375508 0)
(0.0386651 -0.00223525 0)
(0.0394384 -0.000745773 0)
(0.0394232 0.000674949 0)
(0.0385803 0.00202457 0)
(0.0368422 0.00334787 0)
(0.0340746 0.0048326 0)
(0.0300434 0.00710607 0)
(0.0256979 0.011676 0)
(0.022694 0.0170132 0)
(0.0204861 0.0181267 0)
(0.0169429 0.0134567 0)
(0.0110014 0.00626256 0)
(0.00457718 -0.00463567 0)
(0.0027289 -0.00967519 0)
(0.00735307 -0.0113095 0)
(0.0120298 -0.0118871 0)
(0.0166592 -0.0118925 0)
(0.0211088 -0.0113515 0)
(0.0252664 -0.0104377 0)
(0.0290674 -0.00930803 0)
(0.0324666 -0.00798671 0)
(0.0353756 -0.00643049 0)
(0.0376686 -0.0046593 0)
(0.039241 -0.00278701 0)
(0.0400429 -0.000927627 0)
(0.0400427 0.000880263 0)
(0.0391921 0.00264328 0)
(0.0374292 0.00441888 0)
(0.0346798 0.00639851 0)
(0.0308721 0.00908219 0)
(0.0268704 0.0133625 0)
(0.0242733 0.0179909 0)
(0.0227686 0.019151 0)
(0.020015 0.0155548 0)
(0.0146645 0.00957493 0)
(0.00760716 -0.00036456 0)
(0.00287516 -0.0119911 0)
(0.00768613 -0.0136348 0)
(0.0124496 -0.0141013 0)
(0.0171078 -0.0140315 0)
(0.0215526 -0.0133755 0)
(0.0256804 -0.0123061 0)
(0.0294506 -0.0110006 0)
(0.0328387 -0.00947494 0)
(0.0357606 -0.00766246 0)
(0.0380815 -0.00557731 0)
(0.0396881 -0.00335298 0)
(0.0405282 -0.00112243 0)
(0.0405663 0.00107669 0)
(0.039751 0.00325605 0)
(0.0380347 0.00547166 0)
(0.0354014 0.00789116 0)
(0.0319062 0.0108722 0)
(0.0283059 0.0148857 0)
(0.0258901 0.018843 0)
(0.0244597 0.019968 0)
(0.0220345 0.0173293 0)
(0.0174152 0.0127213 0)
(0.010702 0.00488114 0)
(0.00309835 -0.0144373 0)
(0.00798644 -0.0160445 0)
(0.0127619 -0.0163634 0)
(0.0174192 -0.0162014 0)
(0.0218475 -0.0154172 0)
(0.0259377 -0.0141851 0)
(0.0296676 -0.012706 0)
(0.0330332 -0.0109845 0)
(0.0359564 -0.00892352 0)
(0.0382973 -0.00652678 0)
(0.0399381 -0.00394976 0)
(0.0408276 -0.00134712 0)
(0.040928 0.00124585 0)
(0.0401858 0.00384102 0)
(0.0385696 0.00648006 0)
(0.0361076 0.00928881 0)
(0.0329308 0.0124993 0)
(0.0296722 0.0162979 0)
(0.0272965 0.0197452 0)
(0.0256464 0.0208398 0)
(0.0232121 0.0189456 0)
(0.0189829 0.0156843 0)
(0.014542 0.0134221 0)
(-0.014886 0.00412297 0)
(-0.0147925 -0.0015769 0)
(-0.00721819 -0.00236432 0)
(-0.00301996 -0.00140344 0)
(-0.00132726 -0.000478185 0)
(-0.0025984 0.000455949 0)
(-0.0064163 0.00139892 0)
(-0.0123336 0.00178306 0)
(-0.0184434 0.00132859 0)
(-0.0208782 -0.000717067 0)
(-0.0138393 -0.00191478 0)
(-0.0145631 0.00361559 0)
(-0.0337357 0.00521238 0)
(-0.0400838 -0.00175622 0)
(-0.0149223 -0.0114066 0)
(0.0229808 -0.0107631 0)
(0.0472234 1.3884e-06 0)
(0.030933 0.00732133 0)
(-0.000527258 0.00331071 0)
(-0.00999062 0.00875599 0)
(-0.00853314 -0.00185596 0)
(-0.0061427 -0.00310706 0)
(-0.00582541 -0.00147343 0)
(-0.00727882 0.000284693 0)
(-0.0103703 0.00183785 0)
(-0.0144593 0.00326164 0)
(-0.0196662 0.00382993 0)
(-0.0245108 0.00253477 0)
(-0.0263456 -0.00111099 0)
(-0.0245204 -0.00194907 0)
(-0.0258034 0.00600862 0)
(-0.0313982 0.00632686 0)
(-0.0266422 -0.00530288 0)
(-0.0101301 -0.0196995 0)
(0.0116459 -0.0194885 0)
(0.0303786 -0.00170157 0)
(0.0284761 0.0142636 0)
(0.00500144 0.00937855 0)
(-0.00478065 0.0111323 0)
(-0.00522013 -0.00199114 0)
(-0.00626206 -0.00292747 0)
(-0.00862519 -0.000728421 0)
(-0.0119247 0.00163963 0)
(-0.015921 0.00348861 0)
(-0.0201663 0.00513281 0)
(-0.0248459 0.00574355 0)
(-0.0287842 0.00378837 0)
(-0.0307396 -0.000843031 0)
(-0.0310181 -0.00172171 0)
(-0.0305423 0.0061725 0)
(-0.0284362 0.00455886 0)
(-0.020287 -0.00987758 0)
(-0.00894894 -0.0254534 0)
(0.00341637 -0.0263639 0)
(0.0192765 -0.00585394 0)
(0.0237444 0.0179035 0)
(0.00778638 0.0161472 0)
(-0.00213114 0.0126574 0)
(-0.00369562 -0.00115136 0)
(-0.00742828 -0.00169131 0)
(-0.0117651 0.000799973 0)
(-0.0162815 0.00340692 0)
(-0.0207424 0.00529527 0)
(-0.0249576 0.00697311 0)
(-0.0291453 0.00743396 0)
(-0.0323254 0.0049032 0)
(-0.0343172 -0.000267366 0)
(-0.0354485 -0.00160817 0)
(-0.0331172 0.00467273 0)
(-0.0265747 0.00179647 0)
(-0.0177958 -0.013862 0)
(-0.0104334 -0.029096 0)
(-0.00395496 -0.0313711 0)
(0.00995653 -0.0110198 0)
(0.0201039 0.0198486 0)
(0.00941549 0.0223685 0)
(-0.000263606 0.013597 0)
(-0.00353815 0.000458512 0)
(-0.00949327 0.000460053 0)
(-0.0152904 0.00294609 0)
(-0.0205982 0.00545809 0)
(-0.0251993 0.00714144 0)
(-0.0291567 0.00871264 0)
(-0.0328067 0.00888091 0)
(-0.0352358 0.00581954 0)
(-0.0368735 0.000407233 0)
(-0.0380076 -0.00170428 0)
(-0.0344545 0.00208157 0)
(-0.0257649 -0.00183164 0)
(-0.0175697 -0.0169355 0)
(-0.0133997 -0.0311655 0)
(-0.0106434 -0.0348031 0)
(0.000729108 -0.0171273 0)
(0.0158801 0.0194169 0)
(0.0131523 0.0283039 0)
(0.00212827 0.0141668 0)
(-0.00475275 0.00310536 0)
(-0.0124256 0.00334274 0)
(-0.0192053 0.00546883 0)
(-0.0249252 0.00764638 0)
(-0.0293787 0.00889494 0)
(-0.0328043 0.010257 0)
(-0.0357762 0.0100568 0)
(-0.0374592 0.00646032 0)
(-0.0384109 0.000899072 0)
(-0.0388511 -0.00210559 0)
(-0.0346937 -0.000875818 0)
(-0.0258499 -0.00561088 0)
(-0.0188708 -0.0190955 0)
(-0.0169802 -0.0320961 0)
(-0.0165814 -0.036961 0)
(-0.0083574 -0.0233056 0)
(0.00981104 0.0155651 0)
(0.0175639 0.0342641 0)
(0.00384182 0.0147064 0)
(-0.00763979 0.00690019 0)
(-0.0162449 0.00671717 0)
(-0.0234863 0.008184 0)
(-0.0292628 0.00984266 0)
(-0.0333109 0.0104287 0)
(-0.0359364 0.0114947 0)
(-0.0380284 0.0109277 0)
(-0.0389173 0.0067897 0)
(-0.0390293 0.00103557 0)
(-0.0384817 -0.00286255 0)
(-0.0341031 -0.00373074 0)
(-0.0262564 -0.00889383 0)
(-0.0208283 -0.0205311 0)
(-0.0205751 -0.0321782 0)
(-0.0220194 -0.0380648 0)
(-0.0174705 -0.028708 0)
(0.000641864 0.00804303 0)
(0.0202104 0.039694 0)
(-0.000835402 0.0162572 0)
(-0.0123979 0.0110484 0)
(-0.0209117 0.0102435 0)
(-0.0280677 0.0109239 0)
(-0.0335732 0.0119096 0)
(-0.0370288 0.0116259 0)
(-0.0386413 0.0122565 0)
(-0.039554 0.0113762 0)
(-0.0395139 0.00675253 0)
(-0.038739 0.000756321 0)
(-0.037225 -0.00395088 0)
(-0.0329201 -0.00628296 0)
(-0.0264998 -0.0115081 0)
(-0.0226444 -0.0213293 0)
(-0.0237321 -0.0315016 0)
(-0.0268649 -0.0381155 0)
(-0.025623 -0.032772 0)
(-0.0111167 -0.00149811 0)
(0.0163621 0.0437764 0)
(0.00349881 -0.0187028 0)
(0.00828569 -0.0200222 0)
(0.012988 -0.0200601 0)
(0.0175938 -0.01973 0)
(0.0219722 -0.0187263 0)
(0.0259965 -0.0172277 0)
(0.0296551 -0.0154695 0)
(0.0329633 -0.0134423 0)
(0.0358589 -0.0109979 0)
(0.0382114 -0.00811425 0)
(0.039907 -0.00497982 0)
(0.0408959 -0.00178641 0)
(0.0411306 0.00143705 0)
(0.0405521 0.00469045 0)
(0.039151 0.00797804 0)
(0.0370002 0.0113414 0)
(0.0342809 0.0148624 0)
(0.0314308 0.0184546 0)
(0.0289705 0.0214068 0)
(0.0267246 0.0225901 0)
(0.0237596 0.0216842 0)
(0.0194224 0.0199334 0)
(0.015935 0.0194434 0)
(0.00407087 -0.0246733 0)
(0.00790323 -0.0251013 0)
(0.0124553 -0.0247094 0)
(0.0167914 -0.024131 0)
(0.0209457 -0.0227741 0)
(0.0248943 -0.0208905 0)
(0.0284768 -0.0187675 0)
(0.0316044 -0.0163427 0)
(0.0342883 -0.0134386 0)
(0.0365437 -0.0100326 0)
(0.0383189 -0.00632473 0)
(0.0395279 -0.002499 0)
(0.040047 0.00143057 0)
(0.0397914 0.00541691 0)
(0.0387614 0.00939413 0)
(0.0370176 0.0133099 0)
(0.034735 0.0171609 0)
(0.0321983 0.0207579 0)
(0.0295623 0.023638 0)
(0.0264116 0.0253291 0)
(0.0218523 0.0256636 0)
(0.0152397 0.0252102 0)
(0.00755165 0.0249325 0)
(0.00354007 -0.0288257 0)
(0.00611997 -0.0277584 0)
(0.0115493 -0.0275435 0)
(0.0146174 -0.0271988 0)
(0.0176121 -0.025607 0)
(0.0217065 -0.0232801 0)
(0.0254598 -0.0209417 0)
(0.0281432 -0.0182506 0)
(0.0303746 -0.0150355 0)
(0.032667 -0.0112864 0)
(0.0347517 -0.00729286 0)
(0.0363562 -0.00311487 0)
(0.0372227 0.00131521 0)
(0.0373396 0.0058945 0)
(0.0368003 0.0103514 0)
(0.035324 0.0146382 0)
(0.0331292 0.0187878 0)
(0.0308969 0.022701 0)
(0.02884 0.0259603 0)
(0.0261424 0.0285099 0)
(0.021105 0.0300122 0)
(0.0118537 0.0306336 0)
(-0.000716436 0.0314782 0)
(-0.00216204 -0.0319792 0)
(0.00403361 -0.0291468 0)
(0.01656 -0.0287932 0)
(0.0122012 -0.0276926 0)
(0.00892365 -0.0279477 0)
(0.0154991 -0.0254809 0)
(0.020833 -0.0220189 0)
(0.0211053 -0.0184993 0)
(0.0220338 -0.0164593 0)
(0.0261639 -0.0126892 0)
(0.0296082 -0.0082984 0)
(0.0320173 -0.00378429 0)
(0.0331875 0.00137285 0)
(0.0336868 0.00639085 0)
(0.0351108 0.0109818 0)
(0.0337958 0.0164407 0)
(0.0302699 0.0205395 0)
(0.0282546 0.0243122 0)
(0.0290218 0.026883 0)
(0.0310626 0.030073 0)
(0.0302215 0.0336228 0)
(0.0176253 0.0358895 0)
(-0.00615342 0.0363558 0)
(-0.041704 -0.0212009 0)
(-0.0115719 -0.0704607 0)
(0.0240868 -0.0499577 0)
(0.00579615 -0.00376923 0)
(-0.0145483 -0.0377306 0)
(-0.0108233 -0.0469657 0)
(0.000490413 -0.0354542 0)
(0.00735351 -0.0215733 0)
(0.0139201 -0.0277325 0)
(0.0197672 -0.0241376 0)
(0.0258759 -0.0174638 0)
(0.03183 -0.0105242 0)
(0.0374861 -0.00180787 0)
(0.0439851 0.00273077 0)
(0.0508475 0.00657246 0)
(0.0573622 0.023346 0)
(0.0628034 0.0256982 0)
(0.0709367 0.0254779 0)
(0.0776494 0.025742 0)
(0.0804181 0.0331281 0)
(0.0774714 0.0514657 0)
(0.0550591 0.100516 0)
(-0.0188448 0.113823 0)
(0.0111752 0.0209303 0)
(0.00618764 -0.0799029 0)
(0.0124076 -0.0612057 0)
(0.0374751 0.0112438 0)
(0.0373116 -0.0106686 0)
(0.0268072 -0.0392621 0)
(0.0281382 -0.0387083 0)
(0.0367151 -0.0286958 0)
(0.0381155 -0.0273712 0)
(0.0316351 -0.0229761 0)
(0.0284861 -0.0184466 0)
(0.0288472 -0.0132239 0)
(0.0315598 -0.00742295 0)
(0.0354978 -0.00471296 0)
(0.0383143 -0.00108785 0)
(0.0435543 0.0107878 0)
(0.0516259 0.0116133 0)
(0.0588914 0.0132233 0)
(0.0641279 0.0194625 0)
(0.0608712 0.0346999 0)
(0.0409766 0.0600939 0)
(0.014069 0.137318 0)
(-0.00696868 0.127225 0)
(0.045097 -0.0359663 0)
(0.0302909 -0.0685266 0)
(-0.000498825 -0.0655819 0)
(0.0208984 -0.0272232 0)
(0.0569866 -0.0198511 0)
(0.0684425 -0.0385122 0)
(0.0582202 -0.0387445 0)
(0.0526852 -0.0319857 0)
(0.0487732 -0.0196689 0)
(0.038316 -0.0149691 0)
(0.0304248 -0.0156537 0)
(0.0264843 -0.0129428 0)
(0.0260144 -0.00926948 0)
(0.026654 -0.00606724 0)
(0.0240587 -0.000930023 0)
(0.024115 0.00786451 0)
(0.0237007 0.00865107 0)
(0.0147367 0.0118034 0)
(0.00718645 0.0164755 0)
(0.00832618 0.0457363 0)
(0.00106372 0.0809194 0)
(0.0031133 0.142548 0)
(0.0282719 0.112956 0)
(0.0161765 -0.0676106 0)
(0.0244429 -0.0447554 0)
(-0.00519624 -0.0531202 0)
(0.00347209 -0.0544285 0)
(0.0292386 -0.048918 0)
(0.0441306 -0.0425044 0)
(0.0461309 -0.0293577 0)
(0.0373266 -0.0240883 0)
(0.0279271 -0.00904105 0)
(0.0224661 -0.00475833 0)
(0.0173129 -0.00763135 0)
(0.0121024 -0.00908011 0)
(0.00781941 -0.00805874 0)
(0.00395798 -0.00410805 0)
(-0.00118415 0.0025342 0)
(-0.00689915 0.00921412 0)
(-0.0140475 0.0166244 0)
(-0.0227502 0.0242803 0)
(-0.0263675 0.0194774 0)
(-0.0211085 0.0404016 0)
(-0.00853669 0.0740917 0)
(0.0157376 0.116867 0)
(0.0430872 0.0927669 0)
(-0.0160316 -0.071645 0)
(-0.00509022 -0.0441383 0)
(0.00169867 -0.0470712 0)
(0.00607381 -0.0663401 0)
(0.0075914 -0.0621952 0)
(0.00667983 -0.04782 0)
(0.00531897 -0.0275005 0)
(0.00374216 -0.015321 0)
(0.00165315 -0.00624198 0)
(0.00039742 -0.0029646 0)
(-0.00191446 -0.00366127 0)
(-0.00562982 -0.00399049 0)
(-0.00982543 -0.00241412 0)
(-0.014163 0.00191034 0)
(-0.0184932 0.00891962 0)
(-0.0222855 0.0168881 0)
(-0.0254581 0.0242876 0)
(-0.027562 0.0288333 0)
(-0.0297393 0.020879 0)
(-0.0276721 0.0292924 0)
(-0.0162358 0.054255 0)
(0.00896634 0.0865513 0)
(0.0338883 0.0792572 0)
(-0.00798155 -0.0547447 0)
(-0.00604422 -0.0525568 0)
(-0.00270886 -0.0556993 0)
(-0.00494771 -0.0635075 0)
(-0.0109778 -0.0581313 0)
(-0.0163803 -0.0441065 0)
(-0.0191278 -0.0270644 0)
(-0.0197242 -0.0147642 0)
(-0.0196138 -0.00652855 0)
(-0.0192566 -0.00259888 0)
(-0.019982 -0.00153728 0)
(-0.0221076 -0.000629431 0)
(-0.0250402 0.0014518 0)
(-0.0280941 0.00554944 0)
(-0.0304313 0.0117536 0)
(-0.0313519 0.0186558 0)
(-0.030496 0.0245591 0)
(-0.0279331 0.0270588 0)
(-0.0270118 0.0220919 0)
(-0.0281508 0.0236369 0)
(-0.0238756 0.0400364 0)
(-0.00786193 0.0623016 0)
(0.00951514 0.0671729 0)
(-0.00184912 -0.0541272 0)
(-0.00442447 -0.0526265 0)
(-0.00751835 -0.0540183 0)
(-0.0141791 -0.0552222 0)
(-0.0227145 -0.049429 0)
(-0.029725 -0.0383469 0)
(-0.0336452 -0.0253861 0)
(-0.0348908 -0.0147095 0)
(-0.0347714 -0.00719967 0)
(-0.0342697 -0.00286215 0)
(-0.0344179 -0.000600524 0)
(-0.0354877 0.00123205 0)
(-0.0370554 0.00367883 0)
(-0.0384922 0.00734939 0)
(-0.0390649 0.0122592 0)
(-0.0381942 0.0174761 0)
(-0.0357062 0.021693 0)
(-0.0321819 0.023425 0)
(-0.0299816 0.0220271 0)
(-0.0298274 0.0232906 0)
(-0.0275805 0.0328962 0)
(-0.0186961 0.0472202 0)
(-0.00652363 0.0556916 0)
(-0.00146388 -0.0504323 0)
(-0.00624629 -0.048046 0)
(-0.0126015 -0.0476323 0)
(-0.0210684 -0.046259 0)
(-0.0301358 -0.0409373 0)
(-0.0375419 -0.0323246 0)
(-0.0421768 -0.0224879 0)
(-0.044281 -0.0138327 0)
(-0.0448393 -0.00735113 0)
(-0.0447814 -0.0030556 0)
(-0.044845 -0.000237665 0)
(-0.0452507 0.00204094 0)
(-0.0457786 0.00452896 0)
(-0.0460123 0.00766804 0)
(-0.045446 0.0114435 0)
(-0.0437188 0.0152852 0)
(-0.0408467 0.0183824 0)
(-0.0374596 0.0200357 0)
(-0.0349899 0.0205008 0)
(-0.0337301 0.0226372 0)
(-0.0313206 0.0291082 0)
(-0.0251218 0.0383319 0)
(-0.0159795 0.0454358 0)
(-0.00323633 -0.0458053 0)
(-0.0094604 -0.0413663 0)
(-0.0172868 -0.039493 0)
(-0.0261522 -0.0371615 0)
(-0.0349205 -0.0326479 0)
(-0.0421474 -0.0261387 0)
(-0.0470899 -0.0188255 0)
(-0.0498599 -0.0121291 0)
(-0.0511146 -0.00680705 0)
(-0.0515544 -0.00293279 0)
(-0.051697 -0.000113386 0)
(-0.0517538 0.00219101 0)
(-0.0516622 0.00448767 0)
(-0.0511837 0.00708076 0)
(-0.050023 0.00997086 0)
(-0.048003 0.0128447 0)
(-0.0452223 0.0152715 0)
(-0.0421531 0.0169831 0)
(-0.0395621 0.0183273 0)
(-0.0375632 0.0206856 0)
(-0.0348618 0.0254091 0)
(-0.0298932 0.0316884 0)
(-0.0227562 0.0370011 0)
(-0.00529879 -0.0382231 0)
(-0.012667 -0.033341 0)
(-0.021077 -0.030857 0)
(-0.0297668 -0.0283854 0)
(-0.0379628 -0.0248022 0)
(-0.0447741 -0.0200626 0)
(-0.0497297 -0.014804 0)
(-0.0528734 -0.00984909 0)
(-0.054611 -0.00571257 0)
(-0.0554272 -0.00250665 0)
(-0.055704 -3.82038e-05 0)
(-0.0556384 0.00201584 0)
(-0.0552487 0.00397663 0)
(-0.0544296 0.0060496 0)
(-0.0530401 0.00825867 0)
(-0.0510184 0.0104563 0)
(-0.0484733 0.0124453 0)
(-0.045707 0.0141544 0)
(-0.0431032 0.0158453 0)
(-0.0407084 0.0181792 0)
(-0.0378469 0.0217758 0)
(-0.0336261 0.0262272 0)
(-0.0279571 0.0302646 0)
(-0.0068318 -0.0285838 0)
(-0.015091 -0.0244687 0)
(-0.0237458 -0.0221797 0)
(-0.0321023 -0.0201078 0)
(-0.0397 -0.0175228 0)
(-0.0460252 -0.0142859 0)
(-0.0508089 -0.0107106 0)
(-0.0540744 -0.00726144 0)
(-0.0560747 -0.00427186 0)
(-0.0571383 -0.00185023 0)
(-0.0575478 8.87689e-05 0)
(-0.0574782 0.00173232 0)
(-0.0569916 0.00328019 0)
(-0.0560675 0.00487171 0)
(-0.0546611 0.00654504 0)
(-0.0527724 0.0082475 0)
(-0.0504948 0.00990639 0)
(-0.0480108 0.0115264 0)
(-0.045507 0.0132773 0)
(-0.042977 0.0154837 0)
(-0.0400883 0.0183716 0)
(-0.0363962 0.0217111 0)
(-0.0317764 0.0248545 0)
(-0.00775801 -0.0175536 0)
(-0.0165956 -0.01505 0)
(-0.0253088 -0.0136055 0)
(-0.0333037 -0.0123252 0)
(-0.0403508 -0.0108005 0)
(-0.0461911 -0.00888546 0)
(-0.0507043 -0.00672447 0)
(-0.0539232 -0.00457645 0)
(-0.0560173 -0.00265172 0)
(-0.0572144 -0.00103824 0)
(-0.057726 0.000295483 0)
(-0.0577032 0.00145391 0)
(-0.0572276 0.00256038 0)
(-0.0563265 0.00371019 0)
(-0.0550082 0.00494537 0)
(-0.0533016 0.00626069 0)
(-0.0512801 0.00764171 0)
(-0.0490519 0.0091144 0)
(-0.0467075 0.0107793 0)
(-0.0442278 0.0127868 0)
(-0.0414391 0.0152032 0)
(-0.0381207 0.0178607 0)
(-0.0341931 0.0203806 0)
(-0.00817889 -0.00574933 0)
(-0.0172574 -0.00537221 0)
(-0.0258735 -0.0052163 0)
(-0.0334937 -0.00499881 0)
(-0.0400387 -0.00458799 0)
(-0.0454173 -0.00387968 0)
(-0.0496153 -0.00294473 0)
(-0.0526871 -0.00193193 0)
(-0.054761 -0.000974932 0)
(-0.056004 -0.000141232 0)
(-0.0565786 0.000574588 0)
(-0.0566139 0.00122843 0)
(-0.0561958 0.00189544 0)
(-0.0553747 0.00264049 0)
(-0.0541846 0.00350202 0)
(-0.0526648 0.00449382 0)
(-0.050871 0.00562371 0)
(-0.0488681 0.00691648 0)
(-0.0466999 0.00842496 0)
(-0.0443486 0.0102084 0)
(-0.0417221 0.0122649 0)
(-0.0387092 0.0144646 0)
(-0.0352758 0.0165574 0)
(-0.00819645 0.00625884 0)
(-0.0172044 0.00428085 0)
(-0.0255749 0.00289976 0)
(-0.0327848 0.00188613 0)
(-0.0388504 0.0011516 0)
(-0.0437876 0.000733303 0)
(-0.0476529 0.000578208 0)
(-0.0505221 0.00058933 0)
(-0.0525048 0.000675511 0)
(-0.053732 0.000783301 0)
(-0.0543334 0.000904718 0)
(-0.0544186 0.00106679 0)
(-0.0540703 0.00131345 0)
(-0.0533463 0.0016874 0)
(-0.0522902 0.0022191 0)
(-0.0509422 0.00292586 0)
(-0.0493448 0.00381958 0)
(-0.0475377 0.00491604 0)
(-0.045543 0.00623652 0)
(-0.0433476 0.00779272 0)
(-0.0409033 0.00955318 0)
(-0.0381569 0.0114138 0)
(-0.0351017 0.0132041 0)
(-0.00787371 0.0180031 0)
(-0.0165554 0.0136552 0)
(-0.0245373 0.0106371 0)
(-0.0312772 0.00831236 0)
(-0.0368598 0.00643364 0)
(-0.0413654 0.00495811 0)
(-0.0448918 0.0038203 0)
(-0.0475299 0.00294065 0)
(-0.0493801 0.0022473 0)
(-0.0505517 0.00169338 0)
(-0.0511514 0.00126227 0)
(-0.0512725 0.000962459 0)
(-0.0509902 0.000816653 0)
(-0.0503616 0.0008504 0)
(-0.049431 0.00108424 0)
(-0.0482352 0.0015313 0)
(-0.0468068 0.0021994 0)
(-0.0451715 0.00309373 0)
(-0.0433412 0.00421521 0)
(-0.041308 0.00555096 0)
(-0.0390478 0.00705788 0)
(-0.0365379 0.00865102 0)
(-0.033785 0.0102098 0)
(-0.00731575 0.0291445 0)
(-0.0154305 0.0225286 0)
(-0.0228678 0.0178758 0)
(-0.0290615 0.0142399 0)
(-0.0341408 0.0112552 0)
(-0.0382147 0.00879613 0)
(-0.0414 0.00677065 0)
(-0.0437939 0.00509767 0)
(-0.0454902 0.0037101 0)
(-0.046583 0.00256143 0)
(-0.0471619 0.00162768 0)
(-0.0473065 0.000903974 0)
(-0.0470824 0.000397494 0)
(-0.0465419 0.000119894 0)
(-0.0457253 8.13997e-05 0)
(-0.0446649 0.000287819 0)
(-0.0433857 0.000739933 0)
(-0.0419052 0.00143323 0)
(-0.0402308 0.00235563 0)
(-0.0383588 0.0034817 0)
(-0.0362784 0.00476513 0)
(-0.0339823 0.0061351 0)
(-0.0314825 0.00750197 0)
(-0.00660238 0.0393743 0)
(-0.0139251 0.0306863 0)
(-0.0206631 0.0244899 0)
(-0.026231 0.0196167 0)
(-0.030777 0.0156011 0)
(-0.0344125 0.0122448 0)
(-0.0372554 0.00942482 0)
(-0.039401 0.00704963 0)
(-0.0409349 0.00504885 0)
(-0.0419382 0.00337219 0)
(-0.0424867 0.0019884 0)
(-0.042647 0.000881965 0)
(-0.0424754 4.79109e-05 0)
(-0.0420167 -0.00051367 0)
(-0.041306 -0.000802297 0)
(-0.04037 -0.000820191 0)
(-0.0392281 -0.00057402 0)
(-0.0378927 -7.6276e-05 0)
(-0.0363693 0.000652614 0)
(-0.0346568 0.00158103 0)
(-0.0327519 0.00266297 0)
(-0.0306546 0.0038379 0)
(-0.0283777 0.00503557 0)
(-0.00575414 0.0484583 0)
(-0.0121108 0.0379412 0)
(-0.0180219 0.0303644 0)
(-0.0228886 0.0243861 0)
(-0.0268661 0.0194498 0)
(-0.030053 0.015299 0)
(-0.0325538 0.0117821 0)
(-0.0344528 0.00879443 0)
(-0.0358242 0.00625908 0)
(-0.0367366 0.00412016 0)
(-0.0372526 0.00233931 0)
(-0.037427 0.000892076 0)
(-0.0373061 -0.000236393 0)
(-0.0369272 -0.00105567 0)
(-0.0363189 -0.00157392 0)
(-0.0355026 -0.00180085 0)
(-0.0344931 -0.00174984 0)
(-0.0332997 -0.00143957 0)
(-0.0319264 -0.000895793 0)
(-0.030374 -0.000153061 0)
(-0.0286426 0.000744236 0)
(-0.0267359 0.001743 0)
(-0.0246655 0.00278532 0)
(-0.00479021 0.056203 0)
(-0.0100506 0.04415 0)
(-0.0150363 0.0354025 0)
(-0.0191373 0.0284934 0)
(-0.0225161 0.0227796 0)
(-0.0252475 0.0179549 0)
(-0.0274097 0.0138454 0)
(-0.0290687 0.0103361 0)
(-0.030284 0.00734383 0)
(-0.0311105 0.00480729 0)
(-0.0315978 0.00268174 0)
(-0.0317896 0.000935292 0)
(-0.0317222 -0.00045495 0)
(-0.0314249 -0.00150649 0)
(-0.0309199 -0.00223475 0)
(-0.0302237 -0.00265583 0)
(-0.0293472 -0.00278858 0)
(-0.0282969 -0.0026563 0)
(-0.0270762 -0.00228805 0)
(-0.0256864 -0.00171958 0)
(-0.0241297 -0.000993376 0)
(-0.0224105 -0.000157145 0)
(-0.0205393 0.000739275 0)
(-0.00373507 0.0624523 0)
(-0.00779915 0.0492082 0)
(-0.0117894 0.0395261 0)
(-0.0150802 0.0318961 0)
(-0.017845 0.0255772 0)
(-0.0201234 0.0202143 0)
(-0.0219563 0.0156225 0)
(-0.0233863 0.0116835 0)
(-0.0244559 0.00831137 0)
(-0.0252055 0.00544066 0)
(-0.0256721 0.00302172 0)
(-0.0258878 0.00101675 0)
(-0.0258795 -0.000603459 0)
(-0.0256684 -0.00186263 0)
(-0.0252708 -0.00278194 0)
(-0.024698 -0.00338248 0)
(-0.0239577 -0.00368728 0)
(-0.0230543 -0.00372285 0)
(-0.0219903 -0.0035202 0)
(-0.0207672 -0.00311533 0)
(-0.0193876 -0.00254884 0)
(-0.0178562 -0.00186447 0)
(-0.0161821 -0.00110654 0)
(-0.00255197 0.0670806 0)
(-0.00537077 0.053056 0)
(-0.00835688 0.042697 0)
(-0.0108308 0.0345738 0)
(-0.0129865 0.0278452 0)
(-0.0148257 0.0220871 0)
(-0.0163437 0.0171256 0)
(-0.0175581 0.0128491 0)
(-0.0184943 0.00917296 0)
(-0.0191779 0.00603019 0)
(-0.0196331 0.0033678 0)
(-0.0198807 0.00114378 0)
(-0.0199381 -0.000675632 0)
(-0.019819 -0.00211869 0)
(-0.0195333 -0.00321069 0)
(-0.0190883 -0.00397629 0)
(-0.0184882 -0.00444139 0)
(-0.0177358 -0.00463449 0)
(-0.0168325 -0.0045876 0)
(-0.0157797 -0.0043364 0)
(-0.0145799 -0.00391973 0)
(-0.0132378 -0.00337825 0)
(-0.0117607 -0.00275236 0)
(-0.00111759 0.0699715 0)
(-0.0027281 0.0556952 0)
(-0.00479893 0.044954 0)
(-0.00651787 0.0365528 0)
(-0.00809989 0.0296001 0)
(-0.0095165 0.0235891 0)
(-0.0107339 0.018369 0)
(-0.011746 0.0138459 0)
(-0.0125607 0.00994046 0)
(-0.0131889 0.00658622 0)
(-0.0136415 0.0037288 0)
(-0.0139282 0.0013238 0)
(-0.0140571 -0.000665303 0)
(-0.0140344 -0.00226949 0)
(-0.0138644 -0.00351655 0)
(-0.0135501 -0.00443325 0)
(-0.013093 -0.00504706 0)
(-0.012494 -0.00538748 0)
(-0.0117538 -0.00548673 0)
(-0.0108734 -0.00537984 0)
(-0.00985503 -0.00510402 0)
(-0.00870265 -0.00469747 0)
(-0.00742269 -0.00419757 0)
(0.000531808 0.0707675 0)
(4.21423e-05 0.05721 0)
(-0.00122248 0.0464062 0)
(-0.00227412 0.0379133 0)
(-0.00334136 0.0308729 0)
(-0.00435911 0.0247376 0)
(-0.00528985 0.0193664 0)
(-0.00611158 0.0146861 0)
(-0.00681535 0.0106244 0)
(-0.00739678 0.00711766 0)
(-0.00785355 0.00411189 0)
(-0.0081843 0.00156235 0)
(-0.00838801 -0.000568295 0)
(-0.0084637 -0.00231196 0)
(-0.00841036 -0.00369726 0)
(-0.00822702 -0.00475158 0)
(-0.00791281 -0.00550281 0)
(-0.00746708 -0.00598049 0)
(-0.00688966 -0.00621649 0)
(-0.0061811 -0.00624494 0)
(-0.0053432 -0.00610154 0)
(-0.00437933 -0.00582244 0)
(-0.00329488 -0.00544262 0)
(0.00203193 0.0692675 0)
(0.00264827 0.0577406 0)
(0.00219679 0.0471418 0)
(0.00174332 0.0387305 0)
(0.0011455 0.031706 0)
(0.000497781 0.0255526 0)
(-0.000162558 0.0201317 0)
(-0.000806171 0.0153807 0)
(-0.0014082 0.0112336 0)
(-0.0019492 0.00763094 0)
(-0.00241398 0.00452142 0)
(-0.00279041 0.00186192 0)
(-0.00306879 -0.000383695 0)
(-0.00324134 -0.00224639 0)
(-0.00330206 -0.00375393 0)
(-0.00324649 -0.00493294 0)
(-0.00307154 -0.00581055 0)
(-0.0027753 -0.00641556 0)
(-0.00235692 -0.00677899 0)
(-0.00181654 -0.00693392 0)
(-0.00115543 -0.00691469 0)
(-0.000376312 -0.00675575 0)
(0.000516478 -0.00649007 0)
(0.00310831 0.066019 0)
(0.00479014 0.0571456 0)
(0.00521755 0.0471623 0)
(0.00535495 0.0390275 0)
(0.00521816 0.0321274 0)
(0.00492281 0.0260545 0)
(0.00451513 0.02068 0)
(0.00403716 0.0159401 0)
(0.00352918 0.0117747 0)
(0.00302476 0.00812967 0)
(0.00255123 0.00495834 0)
(0.00213085 0.00222132 0)
(0.00178149 -0.000114372 0)
(0.00151724 -0.00207688 0)
(0.00134871 -0.00369154 0)
(0.00128343 -0.00498281 0)
(0.00132638 -0.00597598 0)
(0.00148043 -0.00669837 0)
(0.00174689 -0.00717976 0)
(0.00212593 -0.00745214 0)
(0.0026168 -0.00754873 0)
(0.00321754 -0.00750257 0)
(0.00392496 -0.00734496 0)
(0.00364519 0.0615665 0)
(0.0062961 0.0554144 0)
(0.00765029 0.0464341 0)
(0.0084231 0.03878 0)
(0.00876032 0.0321419 0)
(0.00880455 0.0262603 0)
(0.00863345 0.0210252 0)
(0.00831028 0.0163735 0)
(0.00789068 0.0122522 0)
(0.00742133 0.00861464 0)
(0.00694086 0.00542053 0)
(0.00648094 0.00263614 0)
(0.00606711 0.000233508 0)
(0.00571923 -0.00181096 0)
(0.00545208 -0.00351854 0)
(0.00527594 -0.00491016 0)
(0.00519724 -0.00600824 0)
(0.00521947 -0.00683791 0)
(0.00534407 -0.00742745 0)
(0.00557134 -0.00780787 0)
(0.00590099 -0.00801153 0)
(0.00633202 -0.00807052 0)
(0.00686253 -0.00801475 0)
(0.00375868 0.0564282 0)
(0.00722642 0.0526833 0)
(0.0094634 0.0449297 0)
(0.010881 0.037957 0)
(0.0116903 0.0317495 0)
(0.0120625 0.0261819 0)
(0.0121159 0.0211779 0)
(0.0119387 0.0166874 0)
(0.0116028 0.0126686 0)
(0.0111679 0.00908467 0)
(0.0106832 0.00590382 0)
(0.0101892 0.00309983 0)
(0.00971853 0.000651534 0)
(0.00929643 -0.00145848 0)
(0.00894148 -0.00324582 0)
(0.00866627 -0.00472654 0)
(0.00847832 -0.00591911 0)
(0.00838126 -0.00684581 0)
(0.00837621 -0.00753323 0)
(0.00846329 -0.00801162 0)
(0.00864264 -0.00831307 0)
(0.00891435 -0.0084692 0)
(0.00927819 -0.00850892 0)
(0.00366438 0.0510037 0)
(0.00776873 0.049144 0)
(0.010754 0.042697 0)
(0.0127522 0.036578 0)
(0.0139963 0.0309651 0)
(0.0146736 0.0258327 0)
(0.0149341 0.0211494 0)
(0.0148901 0.0168892 0)
(0.0146303 0.013027 0)
(0.0142267 0.00953907 0)
(0.0137386 0.00640434 0)
(0.0132145 0.00360587 0)
(0.0126936 0.00113099 0)
(0.012206 -0.00102987 0)
(0.0117738 -0.00288517 0)
(0.0114116 -0.0044447 0)
(0.0111274 -0.00572186 0)
(0.0109247 -0.00673535 0)
(0.0108034 -0.0075099 0)
(0.0107631 -0.00807548 0)
(0.0108041 -0.00846479 0)
(0.0109281 -0.00870972 0)
(0.0111367 -0.00883858 0)
(0.00354862 0.0454777 0)
(0.00811 0.0449922 0)
(0.0116718 0.0398612 0)
(0.0141408 0.0347205 0)
(0.0157451 0.029834 0)
(0.0166775 0.0252427 0)
(0.0171104 0.0209608 0)
(0.0171756 0.0169928 0)
(0.0169761 0.0133356 0)
(0.0165946 0.00998117 0)
(0.016099 0.00692141 0)
(0.0155449 0.00415034 0)
(0.0149771 0.00166529 0)
(0.01443 -0.000533993 0)
(0.0139289 -0.00244739 0)
(0.0134901 -0.00407703 0)
(0.013122 -0.00542996 0)
(0.012827 -0.00652042 0)
(0.0126033 -0.00737101 0)
(0.0124487 -0.00801227 0)
(0.0123639 -0.00847888 0)
(0.0123521 -0.00880409 0)
(0.0124179 -0.00901603 0)
(0.00351791 0.039869 0)
(0.00839547 0.0403998 0)
(0.0123694 0.0365758 0)
(0.0151788 0.0324984 0)
(0.017041 0.0284347 0)
(0.0181534 0.0244664 0)
(0.0187042 0.0206503 0)
(0.01884 0.0170248 0)
(0.0186743 0.0136116 0)
(0.0182977 0.0104212 0)
(0.0177843 0.00745987 0)
(0.017195 0.00473394 0)
(0.0165787 0.00225184 0)
(0.0159738 2.37193e-05 0)
(0.0154082 -0.0019405 0)
(0.0149 -0.00363393 0)
(0.0144581 -0.00505583 0)
(0.0140832 -0.00621458 0)
(0.0137704 -0.00713013 0)
(0.0135145 -0.00783483 0)
(0.0133158 -0.00836764 0)
(0.0131803 -0.00876473 0)
(0.0131162 -0.00905443 0)
(0.00359259 0.0341228 0)
(0.00869454 0.03549 0)
(0.0129551 0.0329864 0)
(0.0159824 0.0300384 0)
(0.017991 0.0268667 0)
(0.019192 0.0235788 0)
(0.0197912 0.0202729 0)
(0.0199471 0.0170242 0)
(0.0197799 0.0138818 0)
(0.0193843 0.0108767 0)
(0.0188375 0.00803061 0)
(0.0182027 0.00536275 0)
(0.0175316 0.0028931 0)
(0.0168653 0.000642661 0)
(0.0162344 -0.00136819 0)
(0.0156592 -0.00312239 0)
(0.0151498 -0.00460965 0)
(0.0147053 -0.00583036 0)
(0.0143159 -0.00680023 0)
(0.0139705 -0.00755532 0)
(0.0136689 -0.00814286 0)
(0.0134211 -0.00860414 0)
(0.0132403 -0.0089677 0)
(0.00372119 0.0281876 0)
(0.00899369 0.0303332 0)
(0.0134755 0.0292034 0)
(0.0166299 0.0274563 0)
(0.018679 0.025235 0)
(0.0198721 0.022666 0)
(0.0204436 0.0198941 0)
(0.0205644 0.0170379 0)
(0.0203577 0.0141788 0)
(0.0199177 0.0113698 0)
(0.01932 0.0086487 0)
(0.0186272 0.00604732 0)
(0.0178914 0.00359664 0)
(0.0171551 0.0013279 0)
(0.0164519 -0.000728305 0)
(0.0158057 -0.00254421 0)
(0.0152295 -0.00409799 0)
(0.0147226 -0.00537843 0)
(0.0142672 -0.006393 0)
(0.0138424 -0.00718433 0)
(0.0134466 -0.00781509 0)
(0.013097 -0.00833452 0)
(0.0128132 -0.00877062 0)
(0.00380687 0.0220805 0)
(0.00924196 0.0249546 0)
(0.0139389 0.0252862 0)
(0.0171597 0.0248448 0)
(0.0191505 0.02364 0)
(0.0202416 0.0218147 0)
(0.0207141 0.0195793 0)
(0.020752 0.0171119 0)
(0.0204754 0.0145336 0)
(0.0199715 0.0119215 0)
(0.0193099 0.00932927 0)
(0.0185486 0.00680004 0)
(0.0177372 0.00437396 0)
(0.0169186 0.00209052 0)
(0.0161295 -1.12168e-05 0)
(0.0153996 -0.0018935 0)
(0.0147488 -0.00352132 0)
(0.0141808 -0.00486623 0)
(0.0136676 -0.00591762 0)
(0.0131699 -0.00672921 0)
(0.0126849 -0.00739247 0)
(0.0122423 -0.00796765 0)
(0.0118704 -0.00847924 0)
(0.00384193 0.0158829 0)
(0.00951159 0.0193156 0)
(0.01437 0.0212545 0)
(0.0175653 0.0222911 0)
(0.0193918 0.0221812 0)
(0.0203014 0.0211038 0)
(0.0206282 0.019381 0)
(0.0205595 0.0172779 0)
(0.0202027 0.0149643 0)
(0.0196313 0.0125427 0)
(0.0189037 0.0100805 0)
(0.01807 0.00762971 0)
(0.0171749 0.00523659 0)
(0.01626 0.00294549 0)
(0.0153648 0.000800337 0)
(0.0145269 -0.00115429 0)
(0.0137797 -0.00287106 0)
(0.013142 -0.00429736 0)
(0.0125724 -0.00538018 0)
(0.0120018 -0.00619187 0)
(0.0114268 -0.00687955 0)
(0.0108996 -0.00751525 0)
(0.0104582 -0.00811215 0)
(0.00422038 0.00945353 0)
(0.0101386 0.0133998 0)
(0.0147618 0.0172524 0)
(0.0177163 0.0199509 0)
(0.0192861 0.0209645 0)
(0.0199939 0.0205872 0)
(0.0201873 0.0193189 0)
(0.020034 0.0175371 0)
(0.019619 0.0154638 0)
(0.0189987 0.0132234 0)
(0.0182188 0.0108935 0)
(0.0173198 0.00853155 0)
(0.0163398 0.00618628 0)
(0.0153168 0.00390273 0)
(0.014291 0.0017247 0)
(0.0133073 -0.000303126 0)
(0.0124178 -0.00213068 0)
(0.0116806 -0.00367753 0)
(0.0110397 -0.00478923 0)
(0.0103854 -0.00556929 0)
(0.00971303 -0.00627887 0)
(0.00911359 -0.00699231 0)
(0.00862983 -0.00769375 0)
(0.00521379 0.00210083 0)
(0.0109501 0.00768681 0)
(0.0146682 0.0138305 0)
(0.0171911 0.0180505 0)
(0.0185795 0.0200224 0)
(0.0192222 0.0202275 0)
(0.0193972 0.0193419 0)
(0.0192414 0.0178442 0)
(0.0188257 0.0159959 0)
(0.0181973 0.0139364 0)
(0.0173945 0.0117499 0)
(0.01645 0.00949646 0)
(0.0153947 0.00722496 0)
(0.0142607 0.00497748 0)
(0.0130831 0.0027915 0)
(0.0119028 0.00070086 0)
(0.0107878 -0.00125796 0)
(0.00988214 -0.00299487 0)
(0.00910642 -0.00414275 0)
(0.0083468 -0.00484857 0)
(0.00756896 -0.0055989 0)
(0.00692571 -0.00642787 0)
(0.00644532 -0.0072617 0)
(0.00498271 -0.00579292 0)
(0.00989972 0.00352069 0)
(0.0129807 0.0112666 0)
(0.0153267 0.016276 0)
(0.0170071 0.0189184 0)
(0.0179612 0.0196809 0)
(0.018343 0.0192407 0)
(0.0183131 0.0180971 0)
(0.0179743 0.016532 0)
(0.0173893 0.0147026 0)
(0.0166004 0.0127063 0)
(0.0156384 0.0106104 0)
(0.0145284 0.00846527 0)
(0.0132933 0.00630952 0)
(0.0119545 0.00416837 0)
(0.0105338 0.00204902 0)
(0.00908434 -4.80345e-05 0)
(0.00787464 -0.0020249 0)
(0.00669968 -0.00327242 0)
(0.00583325 -0.00396105 0)
(0.00498454 -0.00486553 0)
(0.00437736 -0.00588256 0)
(0.00397994 -0.00687793 0)
(-0.00146669 -0.0107786 0)
(0.00464544 -0.00363352 0)
(0.00844958 0.00604884 0)
(0.0119886 0.0120414 0)
(0.0148047 0.0160536 0)
(0.0165349 0.0181092 0)
(0.0173565 0.0186413 0)
(0.0175629 0.0181637 0)
(0.0173525 0.0170637 0)
(0.0168375 0.0155848 0)
(0.0160812 0.0138739 0)
(0.0151204 0.0120248 0)
(0.0139768 0.0101024 0)
(0.012661 0.00815524 0)
(0.0111701 0.00621695 0)
(0.00950184 0.00430389 0)
(0.00773404 0.00237856 0)
(0.00607277 0.000170572 0)
(0.00328747 -0.001413 0)
(0.00252663 -0.00261654 0)
(0.00188605 -0.00404827 0)
(0.00153211 -0.00540257 0)
(0.00134274 -0.00659513 0)
(0.00968311 0.0150253 0)
(-0.000164969 0.0114231 0)
(-0.00724564 0.0103693 0)
(-0.0160058 0.0105106 0)
(-0.000457333 0.0246661 0)
(-0.00677358 0.0243612 0)
(-0.01337 0.0235891 0)
(-0.0196768 0.0225674 0)
(-0.0103117 0.0335137 0)
(-0.0156516 0.0344112 0)
(-0.0204383 0.0337583 0)
(-0.024865 0.0316291 0)
(-0.0231339 0.0391629 0)
(-0.0261871 0.0380687 0)
(-0.0224794 0.0357018 0)
(-0.0191447 0.0349267 0)
(-0.0393572 0.0774361 0)
(-0.0330158 0.0398945 0)
(-0.0253277 0.0259255 0)
(-0.0172605 0.0317575 0)
(-0.00228719 0.0567864 0)
(-0.000591301 0.0199536 0)
(-0.00442346 0.00601289 0)
(-0.00905791 0.00872244 0)
(0.036269 0.0572324 0)
(0.0335639 0.0354618 0)
(0.020541 0.0353173 0)
(0.00174014 0.0353805 0)
(0.0467169 0.06198 0)
(0.0412148 0.0563172 0)
(0.0318958 0.0693874 0)
(0.022393 0.0653851 0)
(0.0340818 0.0678823 0)
(0.0305453 0.0694886 0)
(0.0301709 0.0748226 0)
(0.032042 0.070139 0)
(0.0146384 0.0672892 0)
(0.0175199 0.0673231 0)
(0.0211223 0.0658706 0)
(0.0249385 0.0608365 0)
(0.00102642 0.0577606 0)
(0.00561732 0.0577676 0)
(0.0100965 0.0561431 0)
(0.0141226 0.0525669 0)
(-0.00901925 0.0476787 0)
(-0.00464759 0.0480293 0)
(-0.000502676 0.0471874 0)
(0.00315891 0.045073 0)
(-0.0170008 0.0390602 0)
(-0.0133485 0.0396388 0)
(-0.00984982 0.0394493 0)
(-0.00667875 0.0384035 0)
(-0.023329 0.0321034 0)
(-0.0203637 0.0327784 0)
(-0.0174797 0.0329585 0)
(-0.0147798 0.0325927 0)
(-0.0280055 0.0264537 0)
(-0.0255622 0.0271591 0)
(-0.0231599 0.0275341 0)
(-0.0208661 0.0275692 0)
(-0.0310381 0.0217661 0)
(-0.0289892 0.0224662 0)
(-0.0269568 0.0229541 0)
(-0.0249853 0.0232247 0)
(-0.0325635 0.0177887 0)
(-0.0308015 0.0184666 0)
(-0.0290425 0.0190113 0)
(-0.0273142 0.0194163 0)
(-0.0327134 0.014321 0)
(-0.0311603 0.0149701 0)
(-0.0296017 0.0155352 0)
(-0.0280548 0.01601 0)
(-0.0316434 0.0112304 0)
(-0.030248 0.0118449 0)
(-0.0288408 0.0124064 0)
(-0.027433 0.0129092 0)
(-0.0295391 0.0084332 0)
(-0.0282696 0.00900741 0)
(-0.0269837 0.00954851 0)
(-0.0256888 0.0100517 0)
(-0.0266043 0.00587912 0)
(-0.0254425 0.00640819 0)
(-0.024261 0.00691753 0)
(-0.023065 0.00740287 0)
(-0.0230472 0.0035413 0)
(-0.021984 0.00402172 0)
(-0.020899 0.00449169 0)
(-0.0197958 0.00494734 0)
(-0.0190697 0.00140777 0)
(-0.0181015 0.00183738 0)
(-0.0171103 0.00226328 0)
(-0.0160989 0.00268188 0)
(-0.0148595 -0.000524908 0)
(-0.0139857 -0.000147015 0)
(-0.0130885 0.000232266 0)
(-0.01217 0.000609584 0)
(-0.0105855 -0.00225623 0)
(-0.00980671 -0.00192998 0)
(-0.00900456 -0.00159831 0)
(-0.00818078 -0.00126437 0)
(-0.00639523 -0.00378492 0)
(-0.00571187 -0.00350953 0)
(-0.00500561 -0.0032254 0)
(-0.00427782 -0.00293552 0)
(-0.00241434 -0.00511089 0)
(-0.00182608 -0.00488507 0)
(-0.00121557 -0.00464773 0)
(-0.000583897 -0.00440171 0)
(0.00125264 -0.00623632 0)
(0.00174733 -0.00605847 0)
(0.00226352 -0.00586676 0)
(0.00280035 -0.00566391 0)
(0.0045211 -0.007166 0)
(0.00492502 -0.00703435 0)
(0.00534965 -0.00688691 0)
(0.00579432 -0.00672628 0)
(0.00732477 -0.00790722 0)
(0.00764184 -0.00781996 0)
(0.00797886 -0.0077154 0)
(0.00833534 -0.00759597 0)
(0.00961405 -0.00846949 0)
(0.00984917 -0.00842488 0)
(0.0101036 -0.00836186 0)
(0.0103769 -0.00828272 0)
(0.0113549 -0.00886409 0)
(0.0115137 -0.00886056 0)
(0.0116913 -0.00883796 0)
(0.0118875 -0.0087984 0)
(0.0125279 -0.00910374 0)
(0.0126169 -0.00914003 0)
(0.0127242 -0.00915708 0)
(0.0128499 -0.00915672 0)
(0.0131284 -0.00920234 0)
(0.0131544 -0.00927772 0)
(0.0131987 -0.0093341 0)
(0.0132615 -0.00937303 0)
(0.013166 -0.00917499 0)
(0.0131367 -0.00928943 0)
(0.0131259 -0.00938549 0)
(0.0131342 -0.00946434 0)
(0.0126647 -0.00903819 0)
(0.0125886 -0.00919264 0)
(0.0125319 -0.00932954 0)
(0.0124948 -0.00944953 0)
(0.0116621 -0.00881045 0)
(0.011549 -0.00900712 0)
(0.0114566 -0.00918688 0)
(0.0113849 -0.00934976 0)
(0.0102077 -0.00851353 0)
(0.0100696 -0.00875599 0)
(0.00995377 -0.00898141 0)
(0.00985979 -0.00918916 0)
(0.00836096 -0.00817497 0)
(0.00821324 -0.00846775 0)
(0.00808927 -0.00874171 0)
(0.00798761 -0.00899565 0)
(0.00619163 -0.00783236 0)
(0.00605467 -0.00817885 0)
(0.00594128 -0.00850233 0)
(0.00584891 -0.00880149 0)
(0.00378643 -0.00754091 0)
(0.00368474 -0.00793884 0)
(0.0036028 -0.00830673 0)
(0.00353746 -0.00864421 0)
(0.00126143 -0.00734571 0)
(0.00122087 -0.00778688 0)
(0.00118956 -0.00818839 0)
(0.00116535 -0.00855226 0)
(-0.0189348 0.017946 0)
(-0.0218313 0.0166045 0)
(-0.0289722 0.0155779 0)
(-0.0355659 0.0151741 0)
(-0.0402389 0.014736 0)
(-0.0424472 0.0128854 0)
(-0.0423903 0.0124238 0)
(-0.0408721 0.0110323 0)
(-0.0386971 0.00594018 0)
(-0.0364123 -0.000383293 0)
(-0.0339751 -0.00593682 0)
(-0.0304351 -0.00959436 0)
(-0.0262926 -0.0144566 0)
(-0.0245774 -0.021581 0)
(-0.0272756 -0.0292 0)
(-0.0326697 -0.0361791 0)
(-0.0364724 -0.03569 0)
(-0.0316297 -0.0128438 0)
(-0.0063302 0.0416909 0)
(-0.027093 0.0223356 0)
(-0.0325096 0.0217012 0)
(-0.0381948 0.0210569 0)
(-0.0427628 0.0194669 0)
(-0.0453682 0.0167336 0)
(-0.0459919 0.0130788 0)
(-0.0444221 0.0104137 0)
(-0.0403016 0.00753104 0)
(-0.0351797 0.0024062 0)
(-0.0308794 -0.0032967 0)
(-0.0279237 -0.00832312 0)
(-0.0255691 -0.0121432 0)
(-0.0235898 -0.0160466 0)
(-0.0235261 -0.0203283 0)
(-0.0267584 -0.024624 0)
(-0.0335374 -0.0298587 0)
(-0.0424043 -0.0319784 0)
(-0.0467815 -0.022514 0)
(-0.0282278 0.00742784 0)
(-0.0315287 0.0278412 0)
(-0.0384161 0.0250463 0)
(-0.0430823 0.0236029 0)
(-0.0449545 0.0212898 0)
(-0.045268 0.0173336 0)
(-0.04463 0.0127981 0)
(-0.0423226 0.00826796 0)
(-0.0375428 0.00362935 0)
(-0.0313989 -0.00136902 0)
(-0.0260905 -0.00594344 0)
(-0.0227557 -0.00980748 0)
(-0.0206939 -0.0132244 0)
(-0.0196491 -0.0164958 0)
(-0.0202676 -0.0193482 0)
(-0.0227694 -0.0215727 0)
(-0.0285225 -0.0243252 0)
(-0.0379216 -0.0268152 0)
(-0.0446655 -0.0285283 0)
(-0.0291613 -0.023501 0)
(-0.0230825 0.0310617 0)
(-0.0352732 0.0274754 0)
(-0.0430917 0.0242101 0)
(-0.0434318 0.0211653 0)
(-0.0419376 0.0169121 0)
(-0.0391595 0.0123736 0)
(-0.0356312 0.00686865 0)
(-0.0307957 0.000627749 0)
(-0.0249747 -0.00363672 0)
(-0.0209975 -0.00704918 0)
(-0.0183122 -0.0103249 0)
(-0.0163834 -0.0134095 0)
(-0.0158782 -0.0164566 0)
(-0.0177374 -0.0189332 0)
(-0.0207618 -0.0207279 0)
(-0.0255555 -0.0214485 0)
(-0.0321002 -0.0227407 0)
(-0.038818 -0.0277996 0)
(-0.0381327 -0.0496881 0)
(-0.00379528 0.0478382 0)
(-0.00257004 0.0586568 0)
(-0.0247344 0.0355281 0)
(-0.0372 0.0246095 0)
(-0.0381709 0.0134698 0)
(-0.0260795 0.000364045 0)
(-0.0120973 -0.00380349 0)
(-0.00242364 -0.0142384 0)
(0.00479043 -0.0195404 0)
(0.0109283 -0.0198143 0)
(0.0167709 -0.0206627 0)
(0.0248292 -0.0205616 0)
(0.0264554 -0.0139464 0)
(0.0186668 -0.0101338 0)
(0.0157624 -0.00944172 0)
(0.023838 -0.00454142 0)
(0.0418558 -0.00690595 0)
(0.0446726 -0.016758 0)
(0.00308784 -0.106372 0)
(-0.0129065 0.0258916 0)
(-0.00706369 0.0536822 0)
(-0.0036796 0.043774 0)
(-0.000652106 0.0300952 0)
(0.00551468 0.00791039 0)
(0.0102716 -0.0114 0)
(0.0162258 -0.0122038 0)
(0.0215925 -0.0144658 0)
(0.0233414 -0.0158396 0)
(0.0235786 -0.018055 0)
(0.0249424 -0.0216748 0)
(0.0267293 -0.0225015 0)
(0.0285574 -0.0121034 0)
(0.0293313 -0.00881588 0)
(0.0297496 -0.0217598 0)
(0.0347305 -0.0339127 0)
(0.0423958 -0.0381992 0)
(0.045365 0.0115827 0)
(0.0132024 -0.0326947 0)
(-0.0106931 0.0325562 0)
(-0.0018929 0.0414785 0)
(0.0121468 0.0340289 0)
(0.0268344 0.0190608 0)
(0.0379972 0.00239431 0)
(0.037306 -0.0094178 0)
(0.032093 -0.0132339 0)
(0.0298713 -0.014681 0)
(0.0276822 -0.014656 0)
(0.0246884 -0.0167099 0)
(0.0217147 -0.0212729 0)
(0.0178315 -0.0215684 0)
(0.0189335 -0.0155137 0)
(0.0265182 -0.0112859 0)
(0.0303931 -0.0211064 0)
(0.0273058 -0.0312385 0)
(0.0131674 -0.031145 0)
(0.00945814 0.0186774 0)
(0.0176843 -0.0260323 0)
(0.0126225 0.0387784 0)
(0.0144695 0.0328308 0)
(0.0245462 0.0226776 0)
(0.0352806 0.00703201 0)
(0.0423216 -0.00236945 0)
(0.0407618 -0.00262177 0)
(0.0318245 -0.00828003 0)
(0.0243858 -0.0116534 0)
(0.0186564 -0.0113453 0)
(0.013669 -0.013212 0)
(0.00886955 -0.0183922 0)
(0.00551237 -0.0196738 0)
(0.00728814 -0.0209609 0)
(0.0140317 -0.0175733 0)
(0.017597 -0.0190822 0)
(0.012881 -0.022781 0)
(-0.00246706 -0.02078 0)
(0.00159977 0.00548657 0)
(0.0220037 -0.0162619 0)
(0.0317584 0.0442736 0)
(0.0273029 0.029145 0)
(0.0297096 0.0159497 0)
(0.0307298 0.00168813 0)
(0.0275045 -0.00272411 0)
(0.0232938 0.00257981 0)
(0.0191144 -0.000415752 0)
(0.0128521 -0.00421456 0)
(0.00570551 -0.0051713 0)
(-0.000253024 -0.00802735 0)
(-0.00449233 -0.0140566 0)
(-0.00602885 -0.0197343 0)
(-0.00487329 -0.0241371 0)
(-0.00203652 -0.0230385 0)
(-0.000364754 -0.0179228 0)
(-0.00144835 -0.0169251 0)
(-0.00457742 -0.0174008 0)
(0.000467675 -0.00783419 0)
(0.0106692 -0.00236663 0)
(0.0285905 0.0460828 0)
(0.0271058 0.0300043 0)
(0.0257521 0.0167472 0)
(0.0221331 0.00666692 0)
(0.0163181 0.00327313 0)
(0.0118141 0.00456354 0)
(0.00852792 0.0032349 0)
(0.00344067 0.00180664 0)
(-0.00317455 0.000747863 0)
(-0.00888218 -0.00385133 0)
(-0.0119391 -0.0121515 0)
(-0.0131358 -0.01976 0)
(-0.0149008 -0.0235438 0)
(-0.0177414 -0.022496 0)
(-0.0199856 -0.0174381 0)
(-0.0196926 -0.0172825 0)
(-0.0186742 -0.0192459 0)
(-0.0133606 -0.010932 0)
(-0.00390989 -0.00502373 0)
(0.0189582 0.0437022 0)
(0.0199278 0.0310065 0)
(0.0182 0.0200786 0)
(0.0138606 0.0121274 0)
(0.00824412 0.00832096 0)
(0.00405637 0.00747255 0)
(0.000949445 0.0066515 0)
(-0.00323543 0.00669068 0)
(-0.0084946 0.00607257 0)
(-0.0128772 -0.000469872 0)
(-0.0153774 -0.0104965 0)
(-0.0185101 -0.0170929 0)
(-0.0246701 -0.0187593 0)
(-0.0320619 -0.0176994 0)
(-0.0357834 -0.0165823 0)
(-0.0343604 -0.0198621 0)
(-0.0312817 -0.0234089 0)
(-0.0241207 -0.0203223 0)
(-0.0100952 -0.0165331 0)
(0.00802477 0.0397692 0)
(0.0103984 0.0307844 0)
(0.00957339 0.0225789 0)
(0.00629162 0.0164061 0)
(0.00201988 0.0124485 0)
(-0.00139998 0.0103657 0)
(-0.00424545 0.00976204 0)
(-0.00754822 0.0103546 0)
(-0.0109773 0.00988181 0)
(-0.014005 0.00229915 0)
(-0.0176819 -0.00715549 0)
(-0.0238156 -0.0113359 0)
(-0.032286 -0.0110032 0)
(-0.0392121 -0.0126966 0)
(-0.0406853 -0.0167079 0)
(-0.0386016 -0.0227038 0)
(-0.036524 -0.0273571 0)
(-0.0312531 -0.0315475 0)
(-0.0164193 -0.0346876 0)
(-0.00217351 0.035444 0)
(0.00097002 0.0295647 0)
(0.00135423 0.0237972 0)
(-0.00028006 0.0191353 0)
(-0.00291047 0.0154078 0)
(-0.00557702 0.0128906 0)
(-0.00807204 0.0123297 0)
(-0.0104734 0.0129211 0)
(-0.0123866 0.0121248 0)
(-0.0147474 0.00533502 0)
(-0.0194524 -0.00189719 0)
(-0.0263143 -0.00431503 0)
(-0.0329542 -0.00449087 0)
(-0.0364985 -0.0102439 0)
(-0.0361647 -0.0179713 0)
(-0.0342486 -0.0243617 0)
(-0.0334222 -0.0290234 0)
(-0.031264 -0.0413337 0)
(-0.0176794 -0.058515 0)
(-0.0107373 0.0311569 0)
(-0.00722178 0.0276006 0)
(-0.00581321 0.023759 0)
(-0.00598204 0.0203464 0)
(-0.0071869 0.0172814 0)
(-0.0090273 0.0149702 0)
(-0.011026 0.0143017 0)
(-0.0126306 0.0145537 0)
(-0.0135753 0.0133434 0)
(-0.0152556 0.00838857 0)
(-0.0191661 0.00324145 0)
(-0.023939 0.000932205 0)
(-0.0271994 -0.00141026 0)
(-0.028367 -0.00951078 0)
(-0.0282304 -0.018893 0)
(-0.0276601 -0.0250988 0)
(-0.0263557 -0.0303889 0)
(-0.0233152 -0.0477781 0)
(-0.0113018 -0.0785639 0)
(-0.0172992 0.0270898 0)
(-0.0136976 0.0251631 0)
(-0.0116201 0.0227656 0)
(-0.0107792 0.0203957 0)
(-0.010893 0.0181544 0)
(-0.0117633 0.0163763 0)
(-0.0129196 0.0156242 0)
(-0.0136768 0.015362 0)
(-0.0139277 0.0139349 0)
(-0.0147138 0.0103988 0)
(-0.0167673 0.00643409 0)
(-0.0189671 0.0033153 0)
(-0.0197842 -0.000750551 0)
(-0.019763 -0.0092069 0)
(-0.0202029 -0.0186643 0)
(-0.0204957 -0.025596 0)
(-0.0183001 -0.0337367 0)
(-0.0140365 -0.0532146 0)
(-0.00461459 -0.0904968 0)
(-0.0218374 0.0233262 0)
(-0.0183088 0.0224987 0)
(-0.015847 0.0211621 0)
(-0.0143345 0.0196549 0)
(-0.0136127 0.0181412 0)
(-0.0135103 0.0168764 0)
(-0.0136465 0.0161053 0)
(-0.0135392 0.0154367 0)
(-0.0131266 0.0139299 0)
(-0.012975 0.0110842 0)
(-0.0134044 0.00757218 0)
(-0.0137444 0.00382154 0)
(-0.0132525 -0.001235 0)
(-0.0126142 -0.00918584 0)
(-0.0127094 -0.0182004 0)
(-0.0124065 -0.0265649 0)
(-0.0098397 -0.0375039 0)
(-0.00651689 -0.0575076 0)
(-0.000615381 -0.0956111 0)
(-0.0245005 0.0198616 0)
(-0.0211001 0.0197555 0)
(-0.0184207 0.0191766 0)
(-0.0164328 0.0183409 0)
(-0.015046 0.0173879 0)
(-0.0141169 0.016489 0)
(-0.0133666 0.0157311 0)
(-0.0124844 0.0148416 0)
(-0.0114234 0.0132775 0)
(-0.0104607 0.0107074 0)
(-0.00973498 0.00733336 0)
(-0.00892594 0.00322778 0)
(-0.00776165 -0.00221285 0)
(-0.00670666 -0.00966129 0)
(-0.00619824 -0.0183594 0)
(-0.00552846 -0.0278408 0)
(-0.00359816 -0.0402422 0)
(-0.00168327 -0.0598892 0)
(0.000848109 -0.0966422 0)
(-0.0255003 0.0166502 0)
(-0.022237 0.0170021 0)
(-0.0194402 0.0169403 0)
(-0.0171194 0.0165899 0)
(-0.0152276 0.0160429 0)
(-0.013658 0.0153953 0)
(-0.0122192 0.0146636 0)
(-0.010717 0.013658 0)
(-0.00911233 0.0120462 0)
(-0.00753865 0.00957856 0)
(-0.00607336 0.00625547 0)
(-0.00460544 0.00202505 0)
(-0.00308695 -0.00345357 0)
(-0.00181942 -0.0105072 0)
(-0.00106335 -0.0189083 0)
(-0.000560206 -0.0287118 0)
(0.000177951 -0.0413876 0)
(-0.000147935 -0.0604545 0)
(-0.000783328 -0.0969913 0)
(-0.0250831 0.0136477 0)
(-0.0219559 0.0142746 0)
(-0.019113 0.0145471 0)
(-0.0165791 0.0145253 0)
(-0.0143326 0.0142581 0)
(-0.0123044 0.0137836 0)
(-0.010374 0.0130841 0)
(-0.0084249 0.0120228 0)
(-0.00642831 0.0103815 0)
(-0.00445381 0.00796678 0)
(-0.0025665 0.00470465 0)
(-0.000766039 0.000511937 0)
(0.000897244 -0.00481311 0)
(0.00220542 -0.0114596 0)
(0.00295646 -0.0194196 0)
(0.00316174 -0.0289124 0)
(0.00289903 -0.0410353 0)
(0.000950157 -0.0591148 0)
(-0.00113113 -0.097795 0)
(-0.0235099 0.0108249 0)
(-0.0205221 0.0116013 0)
(-0.0176915 0.0120754 0)
(-0.0150472 0.0122628 0)
(-0.0125844 0.0121779 0)
(-0.010264 0.0118223 0)
(-0.00801843 0.0111592 0)
(-0.00578418 0.0100842 0)
(-0.00354828 0.00844309 0)
(-0.00135889 0.00608779 0)
(0.000719744 0.00292819 0)
(0.00263715 -0.00111819 0)
(0.00430663 -0.00617743 0)
(0.00555855 -0.0123728 0)
(0.00622265 -0.0197737 0)
(0.00620901 -0.0286365 0)
(0.00544768 -0.0399151 0)
(0.00318311 -0.0568767 0)
(0.000942169 -0.0971033 0)
(-0.0210402 0.00816918 0)
(-0.018202 0.00901012 0)
(-0.0154343 0.00959286 0)
(-0.0127671 0.00990384 0)
(-0.0102071 0.00993215 0)
(-0.00773821 0.00965756 0)
(-0.00532893 0.00903428 0)
(-0.00295263 0.00797725 0)
(-0.000613861 0.006372 0)
(0.00164292 0.00410488 0)
(0.0037531 0.00109172 0)
(0.00564762 -0.00273971 0)
(0.00723394 -0.00747386 0)
(0.00837833 -0.0131991 0)
(0.0089402 -0.0200078 0)
(0.00880257 -0.028161 0)
(0.00784128 -0.0385431 0)
(0.00560029 -0.0543821 0)
(0.00306489 -0.0943479 0)
(-0.0179195 0.00567983 0)
(-0.0152464 0.00652902 0)
(-0.0125865 0.00715745 0)
(-0.00996896 0.00753321 0)
(-0.00740906 0.00762888 0)
(-0.00490779 0.00741144 0)
(-0.00245861 0.00683189 0)
(-6.02638e-05 0.00581843 0)
(0.00226804 0.00428247 0)
(0.00448047 0.00213546 0)
(0.00651321 -0.000695363 0)
(0.00829404 -0.0042718 0)
(0.00973788 -0.00865714 0)
(0.0107411 -0.0139212 0)
(0.0111951 -0.0201603 0)
(0.0109905 -0.0276259 0)
(0.00997353 -0.0371306 0)
(0.0078441 -0.0517376 0)
(0.00482538 -0.0897914 0)
(-0.0143722 0.00336378 0)
(-0.0118818 0.00418484 0)
(-0.00936764 0.00481764 0)
(-0.00685837 0.00521968 0)
(-0.00437512 0.00535374 0)
(-0.00193132 0.00518013 0)
(0.000462353 0.00464985 0)
(0.00278979 0.00370101 0)
(0.00502063 0.00226247 0)
(0.00710658 0.000263196 0)
(0.00898584 -0.00235913 0)
(0.0105897 -0.00565942 0)
(0.0118442 -0.00969238 0)
(0.0126715 -0.0145215 0)
(0.0129976 -0.020245 0)
(0.0127427 -0.0270989 0)
(0.0117582 -0.0357995 0)
(0.00992744 -0.0490414 0)
(0.00666372 -0.0834399 0)
(-0.010597 0.00123101 0)
(-0.00830588 0.00200127 0)
(-0.00596811 0.00261235 0)
(-0.00361191 0.00301653 0)
(-0.00126262 0.00317175 0)
(0.00105759 0.00303571 0)
(0.00332617 0.00256131 0)
(0.00551516 0.00169453 0)
(0.00758607 0.000376309 0)
(0.00948801 -0.00145247 0)
(0.0111606 -0.00384674 0)
(0.0125391 -0.00685831 0)
(0.013559 -0.0105417 0)
(0.0141613 -0.0149651 0)
(0.0143008 -0.0202368 0)
(0.0139354 -0.026588 0)
(0.0129663 -0.0346376 0)
(0.0115797 -0.0465457 0)
(0.0083876 -0.0752472 0)
(-0.0067658 -0.000708687 0)
(-0.00468715 -2.66628e-06 0)
(-0.00254841 0.000570892 0)
(-0.000377374 0.000962802 0)
(0.00179777 0.0011296 0)
(0.00394876 0.00102917 0)
(0.00604496 0.000617511 0)
(0.00805024 -0.000152819 0)
(0.00992006 -0.00133201 0)
(0.0116007 -0.00297084 0)
(0.0130313 -0.0051193 0)
(0.0141479 -0.00782869 0)
(0.0148889 -0.011158 0)
(0.0152013 -0.0151866 0)
(0.0150483 -0.0200411 0)
(0.0144014 -0.025963 0)
(0.0131971 -0.0334925 0)
(0.0117413 -0.0442171 0)
(0.00855665 -0.0661657 0)
(-0.0030238 -0.00244786 0)
(-0.00116638 -0.00181355 0)
(0.000758649 -0.00128661 0)
(0.00272392 -0.000915205 0)
(0.00469942 -0.000741751 0)
(0.00665282 -0.00080631 0)
(0.00854805 -0.00114896 0)
(0.0103433 -0.00181114 0)
(0.0119895 -0.00283585 0)
(0.0134295 -0.00426722 0)
(0.0145999 -0.00615109 0)
(0.0154335 -0.00853832 0)
(0.0158633 -0.0114921 0)
(0.0158272 -0.0151018 0)
(0.0152712 -0.0195097 0)
(0.0141418 -0.0249669 0)
(0.0123656 -0.0319485 0)
(0.0100514 -0.0415607 0)
(0.00646522 -0.0580268 0)
(0.000508491 -0.00398258 0)
(0.00214095 -0.00342371 0)
(0.00384498 -0.00294844 0)
(0.0055938 -0.00260215 0)
(0.00735644 -0.00242456 0)
(0.00909809 -0.00245238 0)
(0.0107792 -0.0027211 0)
(0.0123542 -0.00326628 0)
(0.0137704 -0.00412424 0)
(0.0149674 -0.00533275 0)
(0.0158779 -0.00693272 0)
(0.0164287 -0.0089722 0)
(0.0165425 -0.0115141 0)
(0.0161386 -0.0146497 0)
(0.0151314 -0.0185243 0)
(0.0134256 -0.0233844 0)
(0.010937 -0.0296563 0)
(0.00754168 -0.0382161 0)
(0.00348473 -0.0520951 0)
(0.00373306 -0.00531275 0)
(0.00514169 -0.00483097 0)
(0.00662401 -0.00441016 0)
(0.00815401 -0.00409182 0)
(0.00970059 -0.00391186 0)
(0.0112277 -0.0039027 0)
(0.0126939 -0.00409473 0)
(0.0140514 -0.00451744 0)
(0.0152452 -0.00520046 0)
(0.0162125 -0.00617468 0)
(0.0168823 -0.00747448 0)
(0.0171758 -0.00914174 0)
(0.0170052 -0.0112331 0)
(0.0162719 -0.0138322 0)
(0.014861 -0.0170725 0)
(0.0126409 -0.0211806 0)
(0.00951769 -0.0265637 0)
(0.00511934 -0.0342034 0)
(0.00067556 -0.048711 0)
(0.00657182 -0.00644209 0)
(0.00776216 -0.00603797 0)
(0.00902758 -0.00567346 0)
(0.0103431 -0.0053854 0)
(0.0116783 -0.00520519 0)
(0.0129968 -0.00516036 0)
(0.0142568 -0.00527582 0)
(0.0154097 -0.00557483 0)
(0.0163999 -0.00608012 0)
(0.0171636 -0.00681515 0)
(0.0176285 -0.00780638 0)
(0.0177125 -0.00908697 0)
(0.017323 -0.0107031 0)
(0.0163529 -0.0127246 0)
(0.0146757 -0.0152653 0)
(0.0121517 -0.0185279 0)
(0.00869922 -0.0229373 0)
(0.00384066 -0.0298196 0)
(-0.000709608 -0.0472135 0)
(0.00896431 -0.00737762 0)
(0.00994567 -0.00705148 0)
(0.0110035 -0.00674497 0)
(0.0121142 -0.00648987 0)
(0.0132485 -0.0063126 0)
(0.0143708 -0.00623554 0)
(0.0154401 -0.00627795 0)
(0.0164086 -0.00645689 0)
(0.0172217 -0.00678817 0)
(0.0178168 -0.0072877 0)
(0.0181229 -0.0079736 0)
(0.0180596 -0.00886967 0)
(0.0175362 -0.0100112 0)
(0.0164499 -0.0114548 0)
(0.0146849 -0.0132992 0)
(0.0121266 -0.0157376 0)
(0.00874248 -0.0192483 0)
(0.00422832 -0.0255523 0)
(0.000236581 -0.0458665 0)
(0.0108659 -0.00812927 0)
(0.0116507 -0.00788161 0)
(0.0125138 -0.00763521 0)
(0.0134333 -0.0074165 0)
(0.0143813 -0.00724681 0)
(0.0153243 -0.00714329 0)
(0.0162226 -0.00711974 0)
(0.017031 -0.00718723 0)
(0.0176973 -0.00735506 0)
(0.0181625 -0.00763198 0)
(0.0183597 -0.00802841 0)
(0.0182139 -0.00855992 0)
(0.0176419 -0.00925331 0)
(0.016553 -0.0101578 0)
(0.0148523 -0.0113683 0)
(0.0124574 -0.0130894 0)
(0.0093677 -0.0158672 0)
(0.00546604 -0.0216993 0)
(0.0019768 -0.0433716 0)
(0.0122468 -0.0087093 0)
(0.01285 -0.00854115 0)
(0.0135339 -0.00835756 0)
(0.0142785 -0.0081796 0)
(0.0150578 -0.00802353 0)
(0.0158405 -0.00790158 0)
(0.0165897 -0.00782239 0)
(0.0172635 -0.00779165 0)
(0.017814 -0.00781277 0)
(0.0181872 -0.00788826 0)
(0.0183224 -0.00802195 0)
(0.0181524 -0.00822294 0)
(0.0176038 -0.00851264 0)
(0.0165992 -0.00893783 0)
(0.0150613 -0.00959794 0)
(0.0129241 -0.0107163 0)
(0.0101729 -0.0128861 0)
(0.00675152 -0.0181959 0)
(0.0032756 -0.039641 0)
(0.0130912 -0.00913196 0)
(0.0135299 -0.00904501 0)
(0.0140524 -0.00892755 0)
(0.0146403 -0.00879543 0)
(0.0152698 -0.00866017 0)
(0.0159123 -0.00852948 0)
(0.0165343 -0.00840754 0)
(0.017098 -0.00829535 0)
(0.0175609 -0.0081914 0)
(0.0178754 -0.00809293 0)
(0.0179883 -0.00799838 0)
(0.0178411 -0.00791177 0)
(0.01737 -0.00785083 0)
(0.0165081 -0.00786188 0)
(0.0151885 -0.00804985 0)
(0.0133471 -0.00865111 0)
(0.0109385 -0.0102669 0)
(0.00794462 -0.0148979 0)
(0.00446058 -0.0348271 0)
(0.0133977 -0.0094133 0)
(0.013691 -0.00940981 0)
(0.0140714 -0.0093622 0)
(0.0145221 -0.00928136 0)
(0.0150213 -0.00917459 0)
(0.0155432 -0.00904578 0)
(0.0160582 -0.00889544 0)
(0.0165335 -0.00872086 0)
(0.0169324 -0.00851661 0)
(0.0172146 -0.00827567 0)
(0.0173352 -0.00799194 0)
(0.0172442 -0.0076649 0)
(0.0168864 -0.00730839 0)
(0.0162009 -0.00696695 0)
(0.0151224 -0.00674748 0)
(0.0135773 -0.00689087 0)
(0.0114914 -0.00797888 0)
(0.00892331 -0.0118055 0)
(0.00556617 -0.0289627 0)
(0.0131798 -0.00957105 0)
(0.0133486 -0.00965372 0)
(0.0136077 -0.0096796 0)
(0.0139411 -0.00965518 0)
(0.0143291 -0.00958428 0)
(0.0147487 -0.00946783 0)
(0.0151744 -0.00930369 0)
(0.0155784 -0.0090865 0)
(0.0159308 -0.00880798 0)
(0.0161989 -0.00845782 0)
(0.0163463 -0.00802588 0)
(0.0163319 -0.00750661 0)
(0.0161072 -0.00690774 0)
(0.0156135 -0.00626682 0)
(0.0147764 -0.00568365 0)
(0.0134944 -0.00539018 0)
(0.0116419 -0.0059309 0)
(0.00925558 -0.00885561 0)
(0.00587607 -0.0225019 0)
(0.0124659 -0.00962475 0)
(0.012533 -0.0097962 0)
(0.0126923 -0.00989847 0)
(0.0129286 -0.0099345 0)
(0.0132236 -0.00990557 0)
(0.0135571 -0.00981074 0)
(0.0139077 -0.00964631 0)
(0.0142529 -0.00940544 0)
(0.0145695 -0.00907817 0)
(0.0148328 -0.00865187 0)
(0.0150156 -0.00811277 0)
(0.0150859 -0.00744935 0)
(0.015003 -0.00665944 0)
(0.0147094 -0.00576483 0)
(0.014117 -0.00484148 0)
(0.0130823 -0.0040861 0)
(0.0114002 -0.00397767 0)
(0.00894551 -0.00582985 0)
(0.00530607 -0.0161808 0)
(0.0112995 -0.00959591 0)
(0.0112894 -0.00985794 0)
(0.0113714 -0.0100379 0)
(0.0115303 -0.0101363 0)
(0.011749 -0.0101532 0)
(0.0120102 -0.0100869 0)
(0.0122962 -0.00993337 0)
(0.01259 -0.00968541 0)
(0.0128747 -0.00933269 0)
(0.0131338 -0.00886148 0)
(0.0133498 -0.00825529 0)
(0.0135019 -0.00749632 0)
(0.0135603 -0.00656942 0)
(0.0134752 -0.0054717 0)
(0.0131542 -0.00423587 0)
(0.0124222 -0.00298919 0)
(0.0110048 -0.00210697 0)
(0.00865521 -0.00269337 0)
(0.00495784 -0.0102596 0)
(0.00973837 -0.00950825 0)
(0.00967722 -0.00986065 0)
(0.00970447 -0.0101168 0)
(0.00980455 -0.0102766 0)
(0.009962 -0.0103401 0)
(0.0101619 -0.010306 0)
(0.0103905 -0.010171 0)
(0.0106355 -0.00992888 0)
(0.0108861 -0.00957014 0)
(0.0111334 -0.00908164 0)
(0.0113698 -0.00844598 0)
(0.0115874 -0.00764081 0)
(0.0117729 -0.00663843 0)
(0.0118958 -0.00540753 0)
(0.0118803 -0.00392374 0)
(0.0115493 -0.00221287 0)
(0.0105819 -0.000500261 0)
(0.00869061 0.000320754 0)
(0.00515879 -0.00449297 0)
(0.00785333 -0.00938777 0)
(0.00776817 -0.0098266 0)
(0.00776246 -0.0101536 0)
(0.00782094 -0.0103699 0)
(0.00792986 -0.0104769 0)
(0.0080771 -0.0104749 0)
(0.0082524 -0.010362 0)
(0.00844755 -0.0101338 0)
(0.00865686 -0.00978298 0)
(0.00887775 -0.00929882 0)
(0.00911144 -0.00866583 0)
(0.00936288 -0.00786133 0)
(0.00963868 -0.0068506 0)
(0.00993918 -0.00557921 0)
(0.0102315 -0.00396429 0)
(0.0103787 -0.00190489 0)
(0.0100448 0.00059212 0)
(0.00901573 0.00294908 0)
(0.00582516 0.00154989 0)
(0.00572701 -0.00926238 0)
(0.00564422 -0.00977769 0)
(0.00562531 -0.0101649 0)
(0.00565675 -0.0104284 0)
(0.00572742 -0.010572 0)
(0.00582826 -0.0105979 0)
(0.00595225 -0.0105062 0)
(0.00609448 -0.0102947 0)
(0.00625274 -0.009959 0)
(0.00642851 -0.00949222 0)
(0.00662857 -0.00888375 0)
(0.00686707 -0.00811612 0)
(0.0071679 -0.00715742 0)
(0.00756576 -0.00594538 0)
(0.00809161 -0.0043559 0)
(0.00869723 -0.00215688 0)
(0.00907391 0.000944952 0)
(0.00934558 0.00489277 0)
(0.00684938 0.00845233 0)
(0.00345273 -0.0091606 0)
(0.003395 -0.00973371 0)
(0.00337845 -0.0101647 0)
(0.00339366 -0.0104618 0)
(0.00343339 -0.0106314 0)
(0.00349209 -0.0106775 0)
(0.00356569 -0.010602 0)
(0.00365171 -0.0104049 0)
(0.0037497 -0.0100843 0)
(0.00386224 -0.00963758 0)
(0.00399678 -0.00906036 0)
(0.00416883 -0.00834465 0)
(0.00440784 -0.00747148 0)
(0.00476915 -0.00639244 0)
(0.00534544 -0.00498549 0)
(0.00621272 -0.00295254 0)
(0.00710414 0.000299987 0)
(0.00934777 0.00532217 0)
(0.0078854 0.014906 0)
(0.00113496 -0.00910349 0)
(0.00111497 -0.00970961 0)
(0.00110904 -0.010164 0)
(0.00111373 -0.0104785 0)
(0.0011265 -0.0106614 0)
(0.00114553 -0.0107178 0)
(0.00116951 -0.0106507 0)
(0.00119771 -0.0104611 0)
(0.00123014 -0.0101492 0)
(0.00126804 -0.00971529 0)
(0.00131482 -0.00916065 0)
(0.00137817 -0.00848815 0)
(0.00147471 -0.00770042 0)
(0.00164268 -0.00679104 0)
(0.00197358 -0.00571707 0)
(0.00265147 -0.0043077 0)
(0.00336218 -0.00215424 0)
(0.00773785 0.00248718 0)
(0.0087765 0.0269675 0)
)
;

boundaryField
{
    leftWall
    {
        type            noSlip;
    }
    rightWall
    {
        type            noSlip;
    }
    lowerWall
    {
        type            noSlip;
    }
    atmosphere
    {
        type            pressureInletOutletVelocity;
        value           nonuniform List<vector> 
46
(
(0 -0.0107786 0)
(0 -0.00363352 0)
(0.00844958 0.00604884 0)
(0.0119886 0.0120414 0)
(0.0148047 0.0160536 0)
(0.0165349 0.0181092 0)
(0.0173565 0.0186413 0)
(0.0175629 0.0181637 0)
(0.0173525 0.0170637 0)
(0.0168375 0.0155848 0)
(0.0160812 0.0138739 0)
(0.0151204 0.0120248 0)
(0.0139768 0.0101024 0)
(0.012661 0.00815524 0)
(0.0111701 0.00621695 0)
(0.00950184 0.00430389 0)
(0.00773404 0.00237856 0)
(0.00607277 0.000170572 0)
(0 -0.001413 0)
(0 -0.00261654 0)
(0 -0.00404827 0)
(0 -0.00540257 0)
(0 -0.00659513 0)
(0 -0.00734571 0)
(0 -0.00778688 0)
(0 -0.00818839 0)
(0 -0.00855226 0)
(0 -0.00910349 0)
(0 -0.00970961 0)
(0 -0.010164 0)
(0 -0.0104785 0)
(0 -0.0106614 0)
(0 -0.0107178 0)
(0 -0.0106507 0)
(0 -0.0104611 0)
(0 -0.0101492 0)
(0 -0.00971529 0)
(0 -0.00916065 0)
(0 -0.00848815 0)
(0 -0.00770042 0)
(0 -0.00679104 0)
(0 -0.00571707 0)
(0 -0.0043077 0)
(0 -0.00215424 0)
(0.00773785 0.00248718 0)
(0.0087765 0.0269675 0)
)
;
    }
    defaultFaces
    {
        type            empty;
    }
}


// ************************************************************************* //
