/*--------------------------------*- C++ -*----------------------------------*\
  =========                 |
  \\      /  F ield         | OpenFOAM: The Open Source CFD Toolbox
   \\    /   O peration     | Website:  https://openfoam.org
    \\  /    A nd           | Version:  9
     \\/     M anipulation  |
\*---------------------------------------------------------------------------*/
FoamFile
{
    format      ascii;
    class       volVectorField;
    location    "5.45";
    object      U;
}
// * * * * * * * * * * * * * * * * * * * * * * * * * * * * * * * * * * * * * //

dimensions      [0 1 -1 0 0 0 0];

internalField   nonuniform List<vector> 
2268
(
(-0.00182057 0.000839941 0)
(-0.00470505 0.000768922 0)
(-0.0074579 0.000739274 0)
(-0.0102186 0.000705749 0)
(-0.0128001 0.000671423 0)
(-0.0152202 0.000626599 0)
(-0.0173939 0.000549999 0)
(-0.019221 0.000441958 0)
(-0.0205992 0.000303934 0)
(-0.0214602 0.000143569 0)
(-0.0217437 -3.65225e-05 0)
(-0.0213521 -0.000259819 0)
(-0.0201756 -0.000538718 0)
(-0.0179918 -0.000900608 0)
(-0.0145886 -0.00131978 0)
(-0.0101619 -0.00162779 0)
(-0.00518882 -0.00104354 0)
(-0.00465685 0.00153122 0)
(-0.0128624 0.00339264 0)
(-0.0239022 0.00293431 0)
(-0.0284568 -0.000293313 0)
(-0.0212816 -0.00404838 0)
(-0.00764613 -0.00376772 0)
(-0.00177246 0.00225371 0)
(-0.0047235 0.00212614 0)
(-0.00755685 0.00206623 0)
(-0.0104419 0.00196128 0)
(-0.0131398 0.00183884 0)
(-0.0156355 0.00168054 0)
(-0.0178466 0.00145824 0)
(-0.0196907 0.00116753 0)
(-0.021091 0.000818241 0)
(-0.0219955 0.000425063 0)
(-0.0223673 -1.38103e-05 0)
(-0.0221646 -0.000524474 0)
(-0.0212827 -0.00115016 0)
(-0.0196022 -0.00191742 0)
(-0.0170574 -0.00274031 0)
(-0.0138708 -0.00320595 0)
(-0.0105426 -0.00191957 0)
(-0.00984875 0.0027488 0)
(-0.0140799 0.00604151 0)
(-0.0195362 0.00496185 0)
(-0.0209921 -0.000411461 0)
(-0.0174608 -0.00732536 0)
(-0.00860187 -0.010059 0)
(-0.00169116 0.00370474 0)
(-0.00472558 0.00348273 0)
(-0.00758924 0.00339825 0)
(-0.0105127 0.00324723 0)
(-0.0132594 0.003043 0)
(-0.0157969 0.00276944 0)
(-0.0180481 0.00239691 0)
(-0.0199397 0.00192266 0)
(-0.0214068 0.00136347 0)
(-0.0224053 0.0007427 0)
(-0.0229052 6.04184e-05 0)
(-0.0228745 -0.000718786 0)
(-0.0222581 -0.00164872 0)
(-0.0210015 -0.00274291 0)
(-0.0191143 -0.0038632 0)
(-0.0167904 -0.00444631 0)
(-0.0142517 -0.00282905 0)
(-0.0129708 0.00316942 0)
(-0.014113 0.00722547 0)
(-0.0158308 0.00569256 0)
(-0.0158512 -0.000751057 0)
(-0.0132967 -0.00969697 0)
(-0.00667517 -0.0155696 0)
(-0.00166822 0.00518715 0)
(-0.00476817 0.00491211 0)
(-0.00770536 0.00478535 0)
(-0.0106808 0.00458219 0)
(-0.0134825 0.00429275 0)
(-0.0160717 0.00390176 0)
(-0.0183758 0.00337881 0)
(-0.020326 0.00272355 0)
(-0.0218637 0.00195967 0)
(-0.0229518 0.00111933 0)
(-0.0235713 0.000206234 0)
(-0.0237078 -0.00081912 0)
(-0.0233404 -0.00200942 0)
(-0.0224615 -0.00336273 0)
(-0.0211294 -0.00469709 0)
(-0.0195371 -0.00538233 0)
(-0.0177224 -0.00372323 0)
(-0.0158035 0.00277238 0)
(-0.014329 0.00713006 0)
(-0.013207 0.00551223 0)
(-0.0115164 -0.0014441 0)
(-0.00878708 -0.0116745 0)
(-0.00355475 -0.0195017 0)
(-0.0016691 0.00667244 0)
(-0.00483361 0.00639123 0)
(-0.00787618 0.00621896 0)
(-0.0109236 0.00595887 0)
(-0.0137931 0.00558166 0)
(-0.0164459 0.00507232 0)
(-0.018815 0.00439887 0)
(-0.0208335 0.00356403 0)
(-0.0224464 0.00259918 0)
(-0.0236229 0.00154713 0)
(-0.0243568 0.000417853 0)
(-0.0246517 -0.00082679 0)
(-0.0245126 -0.00223582 0)
(-0.0239624 -0.00378829 0)
(-0.0230875 -0.00526452 0)
(-0.0220972 -0.00601584 0)
(-0.0209809 -0.00450013 0)
(-0.0186038 0.0015659 0)
(-0.0150491 0.00590968 0)
(-0.011636 0.00435378 0)
(-0.00797672 -0.00287834 0)
(-0.00451347 -0.0133791 0)
(-0.00043008 -0.0214121 0)
(-0.0016809 0.00817967 0)
(-0.00493236 0.00791061 0)
(-0.00809637 0.00769175 0)
(-0.0112287 0.00736884 0)
(-0.0141743 0.00690124 0)
(-0.016898 0.00627391 0)
(-0.019339 0.00545093 0)
(-0.02143 0.00443823 0)
(-0.0231177 0.00327601 0)
(-0.0243775 0.00202042 0)
(-0.0252155 0.000690428 0)
(-0.0256517 -0.00074847 0)
(-0.0257089 -0.0023407 0)
(-0.0254247 -0.00404741 0)
(-0.024887 -0.00561792 0)
(-0.0242824 -0.00641298 0)
(-0.023577 -0.00514111 0)
(-0.0210719 -0.000165927 0)
(-0.0162761 0.00380472 0)
(-0.0109944 0.00227213 0)
(-0.00569871 -0.00505078 0)
(-0.001707 -0.0150011 0)
(0.00164213 -0.0218107 0)
(-0.00171554 0.00973238 0)
(-0.00507425 0.00947555 0)
(-0.00836288 0.00920891 0)
(-0.0115818 0.0088166 0)
(-0.0146037 0.00825474 0)
(-0.0173985 0.00750945 0)
(-0.019911 0.00653706 0)
(-0.0220716 0.00534637 0)
(-0.0238277 0.0039879 0)
(-0.0251602 0.00253437 0)
(-0.0260864 0.00101594 0)
(-0.0266391 -0.000597972 0)
(-0.0268515 -0.00234877 0)
(-0.0267616 -0.00418613 0)
(-0.0264352 -0.00583941 0)
(-0.0259901 -0.00669967 0)
(-0.0253243 -0.00574808 0)
(-0.0228365 -0.00203435 0)
(-0.0175511 0.00109874 0)
(-0.0110682 -0.000520061 0)
(-0.00513974 -0.00747905 0)
(-0.00131654 -0.0164941 0)
(0.00117477 -0.0221161 0)
(-0.00182642 0.0110497 0)
(-0.00528975 0.0111289 0)
(-0.00866029 0.0108055 0)
(-0.0119578 0.0103311 0)
(-0.015049 0.00966519 0)
(-0.0179075 0.00879839 0)
(-0.0204829 0.00767284 0)
(-0.0227026 0.00630033 0)
(-0.0245147 0.00474241 0)
(-0.0259053 0.00309182 0)
(-0.0268996 0.00139078 0)
(-0.0275388 -0.000388227 0)
(-0.0278602 -0.00228554 0)
(-0.0278934 -0.00425135 0)
(-0.0276697 -0.00601103 0)
(-0.0272268 -0.00700133 0)
(-0.0263808 -0.00644732 0)
(-0.0238187 -0.00390735 0)
(-0.0185282 -0.00185147 0)
(-0.011853 -0.00358615 0)
(-0.00617883 -0.00968569 0)
(-0.00302218 -0.0174123 0)
(-0.00370241 -0.0230013 0)
(-0.0105632 0.00208279 0)
(-0.00142115 -0.00366406 0)
(0.0103935 -0.00338552 0)
(0.0193358 -0.00232751 0)
(0.0256745 -0.00147607 0)
(0.0298881 -0.000925899 0)
(0.0327686 -0.000658334 0)
(0.0356673 -0.000933514 0)
(0.0400092 -0.00177839 0)
(0.0478569 -0.00213386 0)
(0.0508661 0.000435081 0)
(0.0444522 0.00350538 0)
(0.0237051 0.00799022 0)
(-0.0126948 0.00511989 0)
(-0.00612955 -0.00599162 0)
(0.0170641 -0.00652221 0)
(0.0308739 -0.00196927 0)
(0.0288565 0.00227727 0)
(0.0149899 0.00568375 0)
(-0.00193962 0.00320772 0)
(0.00534063 -0.0062949 0)
(0.0120277 -0.0062118 0)
(0.0179317 -0.00463477 0)
(0.0226985 -0.00324044 0)
(0.0263272 -0.00225514 0)
(0.0291696 -0.00184909 0)
(0.0320559 -0.00240688 0)
(0.0357953 -0.00385521 0)
(0.0410018 -0.00368351 0)
(0.0421572 0.0021082 0)
(0.0364685 0.00836245 0)
(0.0212808 0.0164301 0)
(0.00203928 0.00967292 0)
(0.00790936 -0.00907383 0)
(0.0186474 -0.0108754 0)
(0.0250777 -0.00257525 0)
(0.0224738 0.00480302 0)
(0.0168389 0.0131196 0)
(0.00497786 0.00083858 0)
(0.00887621 -0.00834079 0)
(0.0128187 -0.00821741 0)
(0.0170372 -0.00647276 0)
(0.020837 -0.00477777 0)
(0.0238976 -0.00348425 0)
(0.026339 -0.0029502 0)
(0.0286919 -0.00364102 0)
(0.0312771 -0.00534161 0)
(0.0344342 -0.00478549 0)
(0.0341656 0.0036861 0)
(0.0278449 0.0121015 0)
(0.0176454 0.0210937 0)
(0.0110686 0.0106543 0)
(0.0151507 -0.0113073 0)
(0.0195245 -0.0133305 0)
(0.021151 -0.00239919 0)
(0.0157386 0.0065137 0)
(0.0134506 0.0201966 0)
(0.00687447 -0.00279448 0)
(0.0101166 -0.00976687 0)
(0.0129144 -0.00969483 0)
(0.0161889 -0.00797423 0)
(0.0193266 -0.0060925 0)
(0.0219085 -0.00452862 0)
(0.0238647 -0.00382353 0)
(0.0254773 -0.00448435 0)
(0.0267966 -0.00617092 0)
(0.028067 -0.00527546 0)
(0.0271067 0.00540006 0)
(0.0215689 0.0150898 0)
(0.0162143 0.0230022 0)
(0.0171277 0.0100449 0)
(0.019954 -0.0120276 0)
(0.0198565 -0.0140102 0)
(0.0178749 -0.000651819 0)
(0.0100567 0.00848548 0)
(0.00886681 0.0252871 0)
(0.00629959 -0.00641594 0)
(0.00998005 -0.0110887 0)
(0.0124914 -0.0108895 0)
(0.0152604 -0.00922673 0)
(0.0179369 -0.00721487 0)
(0.0201045 -0.00538949 0)
(0.021579 -0.00444512 0)
(0.022455 -0.0049038 0)
(0.0225 -0.00632642 0)
(0.0216975 -0.0051504 0)
(0.0206183 0.00659044 0)
(0.0177147 0.0169019 0)
(0.016847 0.022756 0)
(0.0216761 0.00851824 0)
(0.0228862 -0.011524 0)
(0.0191266 -0.013217 0)
(0.0146388 0.00223467 0)
(0.00521237 0.0106812 0)
(0.00415283 0.0281213 0)
(0.00522379 -0.00961158 0)
(0.00932889 -0.0125199 0)
(0.0117771 -0.0119751 0)
(0.0142325 -0.0103079 0)
(0.0165745 -0.00817556 0)
(0.0184079 -0.00606909 0)
(0.0194791 -0.00482314 0)
(0.0197502 -0.00492658 0)
(0.0187518 -0.00584199 0)
(0.0160957 -0.00435784 0)
(0.0149864 0.00684649 0)
(0.0153687 0.0172077 0)
(0.0184592 0.0210193 0)
(0.0245321 0.00693495 0)
(0.0235955 -0.00992891 0)
(0.0169006 -0.0112625 0)
(0.0112206 0.00559188 0)
(0.0017073 0.0130621 0)
(3.90856e-05 0.029163 0)
(0.00454203 -0.012664 0)
(0.00861276 -0.0140089 0)
(0.0109299 -0.0129944 0)
(0.0131063 -0.0112669 0)
(0.015177 -0.00901706 0)
(0.0167739 -0.00661017 0)
(0.0175805 -0.00501455 0)
(0.0174516 -0.00465716 0)
(0.0158235 -0.00490979 0)
(0.012267 -0.00312446 0)
(0.0109615 0.00645683 0)
(0.0136017 0.0160324 0)
(0.0196734 0.0183634 0)
(0.0253942 0.00598293 0)
(0.0222575 -0.00746886 0)
(0.0133441 -0.00843344 0)
(0.00742797 0.00870038 0)
(-0.000817053 0.0157186 0)
(-0.0037311 0.0287007 0)
(0.00590861 -0.0157802 0)
(0.00802827 -0.0152201 0)
(0.0100265 -0.0138779 0)
(0.0118693 -0.0121043 0)
(0.0136721 -0.00977033 0)
(0.0151175 -0.00708864 0)
(0.0158448 -0.00512539 0)
(0.0155737 -0.00423949 0)
(0.0137583 -0.003796 0)
(0.0102574 -0.00182834 0)
(0.0090086 0.00587995 0)
(0.012605 0.0139123 0)
(0.0196792 0.0154712 0)
(0.0242297 0.00584909 0)
(0.0195353 -0.00433422 0)
(0.00890388 -0.00489713 0)
(0.00302717 0.0112321 0)
(-0.00272506 0.0183685 0)
(-0.00694058 0.0267394 0)
(-0.00180806 0.0151621 0)
(-0.0054938 0.0141892 0)
(-0.00908598 0.0135761 0)
(-0.0125155 0.0129043 0)
(-0.0157005 0.0120332 0)
(-0.0186359 0.010956 0)
(-0.0212829 0.00957185 0)
(-0.0235653 0.00790147 0)
(-0.0254379 0.00601985 0)
(-0.0268946 0.00405412 0)
(-0.0279646 0.00206339 0)
(-0.0286886 2.44734e-05 0)
(-0.0291036 -0.00210514 0)
(-0.0292264 -0.00429342 0)
(-0.0290377 -0.0062938 0)
(-0.0284634 -0.00763435 0)
(-0.0272113 -0.00783414 0)
(-0.0244009 -0.00695345 0)
(-0.0194662 -0.00649909 0)
(-0.0135543 -0.00827228 0)
(-0.00893236 -0.0125422 0)
(-0.00725722 -0.0174584 0)
(-0.012568 -0.0198117 0)
(-0.00231325 0.0154637 0)
(-0.00599886 0.0168059 0)
(-0.00966894 0.0165136 0)
(-0.0130926 0.0157373 0)
(-0.0162562 0.014705 0)
(-0.019151 0.0134275 0)
(-0.021731 0.011751 0)
(-0.0239422 0.00977121 0)
(-0.0257943 0.00756353 0)
(-0.0272929 0.005266 0)
(-0.0284079 0.00294637 0)
(-0.0291137 0.00059116 0)
(-0.0294364 -0.00183648 0)
(-0.0294511 -0.00430762 0)
(-0.029195 -0.00666342 0)
(-0.0285268 -0.00858325 0)
(-0.0269962 -0.00982183 0)
(-0.0239888 -0.0105951 0)
(-0.0194747 -0.0114974 0)
(-0.0144112 -0.013024 0)
(-0.0102841 -0.01517 0)
(-0.00814883 -0.0171444 0)
(-0.00849856 -0.0179243 0)
(-0.00377171 0.0220989 0)
(-0.00615546 0.0208676 0)
(-0.0099335 0.0194301 0)
(-0.0140919 0.018044 0)
(-0.0177581 0.0169202 0)
(-0.020133 0.0155808 0)
(-0.0218779 0.0136029 0)
(-0.0234952 0.0113006 0)
(-0.0250514 0.00880676 0)
(-0.0265064 0.00621524 0)
(-0.0276217 0.00359819 0)
(-0.0282072 0.000947134 0)
(-0.0283098 -0.00174064 0)
(-0.0281309 -0.00439942 0)
(-0.0278404 -0.0069764 0)
(-0.027271 -0.00929544 0)
(-0.0256366 -0.0113112 0)
(-0.0223599 -0.0131976 0)
(-0.0181486 -0.0148267 0)
(-0.0136423 -0.0161569 0)
(-0.00964814 -0.0172581 0)
(-0.00739414 -0.0183831 0)
(-0.00703366 -0.0189931 0)
(-0.0135653 0.0265811 0)
(-0.00320932 0.0215163 0)
(-0.0071021 0.020734 0)
(-0.01656 0.0201588 0)
(-0.0247815 0.0183947 0)
(-0.0241809 0.0159558 0)
(-0.0219189 0.0141942 0)
(-0.0215841 0.0120324 0)
(-0.0221634 0.00966227 0)
(-0.0235376 0.00697274 0)
(-0.0246689 0.00405815 0)
(-0.0250077 0.00113855 0)
(-0.0249295 -0.00168397 0)
(-0.0246132 -0.00440834 0)
(-0.0240284 -0.00706451 0)
(-0.0232356 -0.00955297 0)
(-0.0207034 -0.0125736 0)
(-0.0158313 -0.0151517 0)
(-0.0140985 -0.0160869 0)
(-0.0129764 -0.0179745 0)
(-0.00897561 -0.0184494 0)
(-0.00616979 -0.018995 0)
(-0.00654704 -0.0186171 0)
(-0.00245236 0.0362881 0)
(0.000479946 0.0243979 0)
(-0.00412669 0.0378572 0)
(-0.0270051 0.0553784 0)
(-0.037305 0.0290002 0)
(-0.0319112 0.012874 0)
(-0.0292915 0.0149885 0)
(-0.0276191 0.0135028 0)
(-0.02572 0.0131252 0)
(-0.0242335 0.0111323 0)
(-0.0226507 0.00620463 0)
(-0.0195336 0.000922284 0)
(-0.014955 -0.00295626 0)
(-0.00979411 -0.00690217 0)
(-0.00560754 -0.0103546 0)
(-0.00372809 -0.015082 0)
(-0.00196686 -0.0247547 0)
(0.00206 -0.0308159 0)
(0.00207815 -0.016941 0)
(-0.00827818 -0.0304904 0)
(-0.00959251 -0.0306195 0)
(-0.0123582 -0.0237991 0)
(-0.0131707 -0.0214848 0)
(0.00291915 0.0332396 0)
(0.00158233 0.0224368 0)
(-0.00410183 0.0389686 0)
(0.00437157 0.054851 0)
(0.0152958 0.0215711 0)
(0.0105452 0.00719412 0)
(-0.00180057 0.015437 0)
(-0.0121177 0.0107739 0)
(-0.0167689 0.0081559 0)
(-0.0170083 0.00640672 0)
(-0.0153415 0.000822705 0)
(-0.0125951 -0.00533862 0)
(-0.00895227 -0.0089769 0)
(-0.00584782 -0.0118246 0)
(-0.00515568 -0.0114071 0)
(-0.00778184 -0.0102788 0)
(-0.01674 -0.0151223 0)
(-0.0268243 -0.022582 0)
(-0.023689 -0.00685194 0)
(-0.0197396 -0.0146821 0)
(-0.0266258 -0.0175343 0)
(-0.0333657 -0.0147143 0)
(-0.0214624 -0.0310172 0)
(0.012372 0.0256707 0)
(0.0090995 0.0284142 0)
(0.00409532 0.0361464 0)
(0.0192107 0.0381204 0)
(0.0285605 0.0215501 0)
(0.0190072 0.0211475 0)
(0.012355 0.0296182 0)
(0.00763234 0.0217021 0)
(0.00184389 0.0126928 0)
(-0.00138188 0.00713534 0)
(-0.00276838 2.61223e-05 0)
(-0.00440034 -0.006799 0)
(-0.00671273 -0.0110046 0)
(-0.0103349 -0.011713 0)
(-0.015494 -0.00864502 0)
(-0.0207823 -0.0041924 0)
(-0.0239057 -0.00626831 0)
(-0.0262105 -0.018899 0)
(-0.0262801 -0.0191586 0)
(-0.0273797 -0.0135974 0)
(-0.0328055 -0.0126056 0)
(-0.025494 -0.0221727 0)
(-0.0162294 -0.0391262 0)
(0.00113886 0.0141748 0)
(0.00746614 0.0286572 0)
(0.0118386 0.0301209 0)
(0.0184932 0.0250532 0)
(0.0205262 0.024698 0)
(0.0171002 0.0274506 0)
(0.0156125 0.0310215 0)
(0.0150833 0.0259215 0)
(0.0125307 0.0179547 0)
(0.00958619 0.0106699 0)
(0.00665439 0.00360955 0)
(0.00299441 -0.0022497 0)
(-0.00155736 -0.00529692 0)
(-0.00689416 -0.00489584 0)
(-0.0122433 -0.00218301 0)
(-0.0159612 -0.000528788 0)
(-0.0169402 -0.00776916 0)
(-0.0182538 -0.0163372 0)
(-0.0212602 -0.0168379 0)
(-0.0218978 -0.0117834 0)
(-0.0175019 -0.0159444 0)
(-0.0112222 -0.0318261 0)
(-0.0140849 -0.035724 0)
(-0.000719434 0.0145518 0)
(0.00461951 0.0224451 0)
(0.00956679 0.0244472 0)
(0.0129494 0.0236281 0)
(0.0138939 0.0253511 0)
(0.0137003 0.0279487 0)
(0.014683 0.029141 0)
(0.015869 0.0257294 0)
(0.0154398 0.019771 0)
(0.0137481 0.0132727 0)
(0.0111127 0.0071432 0)
(0.00748304 0.0022484 0)
(0.00311381 -0.000112525 0)
(-0.00132582 0.000172364 0)
(-0.00474657 0.00149407 0)
(-0.00614856 0.000845821 0)
(-0.0072531 -0.00690695 0)
(-0.0102301 -0.0135653 0)
(-0.0131151 -0.014098 0)
(-0.012281 -0.0148643 0)
(-0.00828275 -0.0218203 0)
(-0.00815821 -0.0314065 0)
(-0.0148173 -0.0290824 0)
(7.90663e-05 0.0117479 0)
(0.00271418 0.0180681 0)
(0.00575066 0.0209182 0)
(0.00765946 0.0224274 0)
(0.00868753 0.0245864 0)
(0.0098481 0.0266826 0)
(0.011764 0.0271533 0)
(0.0136206 0.0246382 0)
(0.0143176 0.020107 0)
(0.013735 0.0148711 0)
(0.0119673 0.00989107 0)
(0.00911747 0.00591481 0)
(0.00567257 0.00381666 0)
(0.00251182 0.00341489 0)
(0.00045574 0.00319398 0)
(-6.47025e-05 0.00119254 0)
(-0.000977839 -0.00475757 0)
(-0.00379543 -0.0103931 0)
(-0.00603804 -0.0129026 0)
(-0.00605447 -0.0165341 0)
(-0.00618646 -0.0225417 0)
(-0.00951067 -0.0262106 0)
(-0.0146225 -0.024262 0)
(-9.30037e-05 0.0113612 0)
(0.00104511 0.0161899 0)
(0.00258651 0.0190496 0)
(0.00374785 0.0211905 0)
(0.00483734 0.0233103 0)
(0.00636013 0.0249102 0)
(0.00838848 0.0250747 0)
(0.0103415 0.0231283 0)
(0.011507 0.0196519 0)
(0.0115946 0.015607 0)
(0.0105711 0.0117522 0)
(0.00859685 0.00862415 0)
(0.00619003 0.0066004 0)
(0.00410842 0.00548064 0)
(0.00283845 0.0042111 0)
(0.00232631 0.00169057 0)
(0.00140238 -0.00298471 0)
(-0.000611355 -0.00786472 0)
(-0.00242074 -0.0117272 0)
(-0.00358179 -0.0157696 0)
(-0.00557405 -0.0197732 0)
(-0.00928414 -0.0214988 0)
(-0.0134771 -0.0206698 0)
(-0.000311262 0.0111808 0)
(-6.14006e-05 0.0154534 0)
(0.000513082 0.0181202 0)
(0.00118892 0.020224 0)
(0.00214093 0.0220229 0)
(0.00356034 0.0231671 0)
(0.00534887 0.0231317 0)
(0.00708801 0.0215469 0)
(0.00827899 0.018873 0)
(0.00861843 0.0158304 0)
(0.00807317 0.0128996 0)
(0.00686608 0.0103817 0)
(0.00539943 0.00839106 0)
(0.00413169 0.0067872 0)
(0.00332026 0.0049598 0)
(0.00282257 0.00227043 0)
(0.00198992 -0.0016405 0)
(0.000485149 -0.00603976 0)
(-0.0011832 -0.0102032 0)
(-0.00291387 -0.0138353 0)
(-0.0053478 -0.0165994 0)
(-0.00871579 -0.0176407 0)
(-0.0122707 -0.0173041 0)
(-0.000511176 0.011606 0)
(-0.000750125 0.0153897 0)
(-0.000723662 0.0177586 0)
(-0.000403535 0.0195684 0)
(0.000299912 0.0209556 0)
(0.00143474 0.0217041 0)
(0.00286443 0.0215148 0)
(0.0042491 0.0201892 0)
(0.00521761 0.0181195 0)
(0.00558448 0.0158171 0)
(0.00537558 0.0135154 0)
(0.00476057 0.0113588 0)
(0.00397923 0.00940978 0)
(0.00328294 0.00756742 0)
(0.00280062 0.00548957 0)
(0.00241432 0.00282138 0)
(0.00176535 -0.000601116 0)
(0.000600307 -0.00453628 0)
(-0.00100182 -0.00844159 0)
(-0.00296422 -0.0116283 0)
(-0.00542778 -0.0137098 0)
(-0.00834238 -0.0144051 0)
(-0.0112447 -0.0143154 0)
(-0.00065217 0.0123542 0)
(-0.00116666 0.0157193 0)
(-0.00146352 0.017759 0)
(-0.00141548 0.019203 0)
(-0.000982987 0.0201875 0)
(-0.000178074 0.0206011 0)
(0.000865907 0.0202851 0)
(0.0018775 0.019166 0)
(0.00259769 0.0175235 0)
(0.00294671 0.015675 0)
(0.00296727 0.0137426 0)
(0.00274485 0.0118072 0)
(0.0024055 0.00990918 0)
(0.00208519 0.00797549 0)
(0.00183956 0.00581713 0)
(0.0015823 0.00324561 0)
(0.00110122 0.000188196 0)
(0.000172102 -0.00323821 0)
(-0.00129671 -0.00664235 0)
(-0.00324041 -0.00941842 0)
(-0.00555373 -0.011114 0)
(-0.00801289 -0.0117507 0)
(-0.0103198 -0.0118786 0)
(-0.000754067 0.0133071 0)
(-0.00145017 0.0162965 0)
(-0.00195477 0.0180042 0)
(-0.00211321 0.0190874 0)
(-0.001924 0.0197148 0)
(-0.00142268 0.01985 0)
(-0.000726668 0.0194244 0)
(-2.52135e-05 0.0184358 0)
(0.000518268 0.0170511 0)
(0.000854628 0.0154532 0)
(0.00100378 0.0137296 0)
(0.00100853 0.0119352 0)
(0.000933784 0.0100876 0)
(0.000842704 0.00814066 0)
(0.000747534 0.00599392 0)
(0.00057796 0.00355551 0)
(0.000191899 0.000809064 0)
(-0.000573602 -0.00213476 0)
(-0.0018304 -0.00500257 0)
(-0.00356168 -0.00737012 0)
(-0.00557105 -0.00887645 0)
(-0.00757711 -0.00961408 0)
(-0.00941516 -0.00994599 0)
(-0.000848431 0.0144268 0)
(-0.00167738 0.0170505 0)
(-0.0023247 0.0184225 0)
(-0.00263758 0.0191717 0)
(-0.00264254 0.0194909 0)
(-0.00238226 0.0193922 0)
(-0.00195052 0.0188595 0)
(-0.00147379 0.0179154 0)
(-0.00105746 0.0166571 0)
(-0.000743008 0.0151933 0)
(-0.000529225 0.013589 0)
(-0.000398799 0.0118818 0)
(-0.000324622 0.0100814 0)
(-0.000285926 0.00816353 0)
(-0.000294675 0.00608029 0)
(-0.000411389 0.00379679 0)
(-0.000737568 0.00133118 0)
(-0.00138604 -0.00121232 0)
(-0.00243088 -0.00362854 0)
(-0.00384287 -0.00564262 0)
(-0.00546046 -0.00705015 0)
(-0.00707525 -0.00789702 0)
(-0.0085651 -0.00838868 0)
(-0.000943639 0.0156941 0)
(-0.00187524 0.017934 0)
(-0.0026219 0.0189668 0)
(-0.00304909 0.0194064 0)
(-0.00319723 0.019454 0)
(-0.00310999 0.0191489 0)
(-0.00286123 0.0185018 0)
(-0.00253848 0.0175403 0)
(-0.00221427 0.0163256 0)
(-0.00192569 0.0149248 0)
(-0.0016839 0.0133842 0)
(-0.00148873 0.0117315 0)
(-0.00133598 0.00997588 0)
(-0.00122825 0.00810924 0)
(-0.00118885 0.00611537 0)
(-0.00126894 0.00399183 0)
(-0.00154082 0.00177379 0)
(-0.00207746 -0.000448043 0)
(-0.00291864 -0.00252515 0)
(-0.00403158 -0.00428335 0)
(-0.0053006 -0.00560558 0)
(-0.00658337 -0.00651094 0)
(-0.00778872 -0.00711705 0)
(-0.00103892 0.0170956 0)
(-0.00204791 0.0189089 0)
(-0.00286157 0.0196028 0)
(-0.00336972 0.0197487 0)
(-0.00361612 0.0195473 0)
(-0.0036443 0.0190506 0)
(-0.0035152 0.0182809 0)
(-0.00329362 0.0172651 0)
(-0.00303377 0.0160442 0)
(-0.00276976 0.0146616 0)
(-0.0025199 0.0131507 0)
(-0.0022949 0.0115331 0)
(-0.00210376 0.00982005 0)
(-0.00196085 0.00801419 0)
(-0.00189301 0.00611766 0)
(-0.00194195 0.00414493 0)
(-0.00215838 0.00213637 0)
(-0.00258747 0.000166529 0)
(-0.0032475 -0.0016594 0)
(-0.0041086 -0.00323016 0)
(-0.00509122 -0.00447503 0)
(-0.00610008 -0.00540158 0)
(-0.00706844 -0.00607943 0)
(-0.00112189 0.0186157 0)
(-0.00218777 0.0199475 0)
(-0.00304475 0.0203022 0)
(-0.00360444 0.0201624 0)
(-0.00391181 0.0197247 0)
(-0.00401117 0.0190444 0)
(-0.00395596 0.0181469 0)
(-0.00379814 0.0170559 0)
(-0.00358165 0.0158 0)
(-0.00333835 0.014409 0)
(-0.00309027 0.0129076 0)
(-0.00285424 0.0113138 0)
(-0.00264619 0.00964026 0)
(-0.00248541 0.00789656 0)
(-0.00239802 0.00609449 0)
(-0.00241707 0.00425588 0)
(-0.0025777 0.00241982 0)
(-0.00290722 0.000645594 0)
(-0.00341224 -0.000992458 0)
(-0.00406801 -0.00242179 0)
(-0.00482027 -0.00359784 0)
(-0.00560511 -0.00452313 0)
(-0.0063743 -0.00524011 0)
(-0.00117211 0.020226 0)
(-0.00228452 0.0210327 0)
(-0.00316731 0.0210389 0)
(-0.00375052 0.0206163 0)
(-0.00408829 0.0199504 0)
(-0.00422614 0.0190922 0)
(-0.00421305 0.0180652 0)
(-0.00409355 0.0168883 0)
(-0.00390544 0.0155823 0)
(-0.00367867 0.0141681 0)
(-0.00343667 0.0126645 0)
(-0.00319917 0.0110872 0)
(-0.002985 0.00944951 0)
(-0.00281454 0.0077645 0)
(-0.00271123 0.00604831 0)
(-0.00270082 0.00432469 0)
(-0.00280756 0.00262852 0)
(-0.00304779 0.00100614 0)
(-0.00342238 -0.000489443 0)
(-0.00391185 -0.00180973 0)
(-0.00447883 -0.00292559 0)
(-0.00507984 -0.00383737 0)
(-0.00568004 -0.00457181 0)
(-0.00119163 0.0218882 0)
(-0.00233303 0.0221501 0)
(-0.00322035 0.0217858 0)
(-0.00380057 0.021083 0)
(-0.00414429 0.0201967 0)
(-0.00429728 0.0191673 0)
(-0.00430514 0.0180125 0)
(-0.0042074 0.0167462 0)
(-0.00403776 0.015383 0)
(-0.0038242 0.013938 0)
(-0.0035901 0.0124258 0)
(-0.00335591 0.01086 0)
(-0.00314093 0.00925384 0)
(-0.00296462 0.00762145 0)
(-0.00284715 0.00598015 0)
(-0.00280838 0.00435273 0)
(-0.00286516 0.00276897 0)
(-0.0030272 0.00126484 0)
(-0.00329288 -0.000121381 0)
(-0.00364717 -0.00135645 0)
(-0.00406394 -0.00242064 0)
(-0.00451291 -0.0033135 0)
(-0.00496867 -0.00405257 0)
(-0.00119279 0.0235679 0)
(-0.00232513 0.0232739 0)
(-0.0031871 0.0225164 0)
(-0.00374346 0.0215402 0)
(-0.00407593 0.020444 0)
(-0.00422871 0.0192518 0)
(-0.00424422 0.017974 0)
(-0.0041582 0.0166192 0)
(-0.0040011 0.015197 0)
(-0.00379882 0.0137181 0)
(-0.0035737 0.0121938 0)
(-0.00334555 0.0106357 0)
(-0.00313275 0.00905628 0)
(-0.00295291 0.00746927 0)
(-0.00282295 0.00589133 0)
(-0.00275816 0.00434297 0)
(-0.00277036 0.00284891 0)
(-0.00286532 0.00143705 0)
(-0.00304058 0.000135406 0)
(-0.00328458 -0.00103266 0)
(-0.00357854 -0.00205347 0)
(-0.00390091 -0.00292644 0)
(-0.00423277 -0.0036637 0)
(-0.00114995 0.0252177 0)
(-0.00223102 0.0243646 0)
(-0.00304615 0.0232128 0)
(-0.0035694 0.0219744 0)
(-0.00388102 0.02068 0)
(-0.0040245 0.0193349 0)
(-0.00403992 0.017941 0)
(-0.00396007 0.0165015 0)
(-0.00381253 0.0150216 0)
(-0.00362098 0.0135083 0)
(-0.00340607 0.0119701 0)
(-0.00318615 0.0104167 0)
(-0.00297793 0.00885905 0)
(-0.00279682 0.0073099 0)
(-0.00265676 0.00578426 0)
(-0.00256958 0.00429982 0)
(-0.00254364 0.00287681 0)
(-0.00258241 0.00153685 0)
(-0.00268322 0.000300696 0)
(-0.00283715 -0.000814865 0)
(-0.00303043 -0.00180028 0)
(-0.00324718 -0.00265518 0)
(-0.00347301 -0.00338844 0)
(-0.00105503 0.026768 0)
(-0.00205026 0.0253832 0)
(-0.00280183 0.0238645 0)
(-0.00328274 0.0223773 0)
(-0.00356513 0.0208972 0)
(-0.00369253 0.0194101 0)
(-0.00370293 0.0179086 0)
(-0.00362625 0.0163903 0)
(-0.0034872 0.0148559 0)
(-0.00330694 0.0133093 0)
(-0.00310395 0.0117565 0)
(-0.00289461 0.0102051 0)
(-0.0026936 0.00866462 0)
(-0.00251402 0.00714608 0)
(-0.00236727 0.00566255 0)
(-0.00226244 0.00422892 0)
(-0.00220554 0.00286156 0)
(-0.00219863 0.00157723 0)
(-0.00223916 0.000391467 0)
(-0.00232015 -0.000683584 0)
(-0.00243122 -0.00164121 0)
(-0.00256032 -0.00248146 0)
(-0.00269619 -0.00321132 0)
(-0.000937479 0.028166 0)
(-0.00181853 0.0263007 0)
(-0.00248171 0.0244544 0)
(-0.00290068 0.0227371 0)
(-0.00314122 0.021087 0)
(-0.00324501 0.0194718 0)
(-0.00324628 0.0178738 0)
(-0.00317107 0.0162843 0)
(-0.00304056 0.0147004 0)
(-0.00287292 0.0131228 0)
(-0.00268406 0.0115554 0)
(-0.00248807 0.0100039 0)
(-0.00229739 0.00847612 0)
(-0.00212292 0.00698145 0)
(-0.00197377 0.0055309 0)
(-0.00185693 0.00413679 0)
(-0.00177673 0.00281223 0)
(-0.00173432 0.00157026 0)
(-0.0017274 0.000422545 0)
(-0.00175042 -0.000622112 0)
(-0.00179533 -0.00155912 0)
(-0.00185271 -0.00238901 0)
(-0.00191356 -0.00311766 0)
(-0.000812998 0.0293874 0)
(-0.00155717 0.0270933 0)
(-0.00210564 0.0249568 0)
(-0.00243976 0.0230357 0)
(-0.00262374 0.0212388 0)
(-0.0026962 0.0195142 0)
(-0.00268498 0.0178338 0)
(-0.00261042 0.0161832 0)
(-0.00248927 0.014556 0)
(-0.00233615 0.0129508 0)
(-0.0021641 0.0113695 0)
(-0.00198465 0.00981623 0)
(-0.00180799 0.00829728 0)
(-0.00164284 0.00682043 0)
(-0.00149632 0.00539478 0)
(-0.00137373 0.00403044 0)
(-0.00127812 0.00273789 0)
(-0.00121008 0.00152726 0)
(-0.00116755 0.00040729 0)
(-0.00114604 -0.000615678 0)
(-0.00113917 -0.0015387 0)
(-0.0011394 -0.00236285 0)
(-0.00113931 -0.00309341 0)
(-0.000688371 0.0304198 0)
(-0.00127812 0.0277387 0)
(-0.00168661 0.0253447 0)
(-0.00191263 0.0232532 0)
(-0.00202595 0.0213413 0)
(-0.00206102 0.0195324 0)
(-0.00203546 0.0177873 0)
(-0.00196182 0.0160875 0)
(-0.00185151 0.0144246 0)
(-0.00171529 0.0127959 0)
(-0.00156306 0.011202 0)
(-0.00140375 0.00964584 0)
(-0.00124521 0.00813237 0)
(-0.0010941 0.00666797 0)
(-0.000955753 0.00526016 0)
(-0.000834007 0.00391718 0)
(-0.000730957 0.00264745 0)
(-0.000646777 0.00145885 0)
(-0.000579654 0.000357913 0)
(-0.000525921 -0.000650915 0)
(-0.000480421 -0.00156602 0)
(-0.000437003 -0.00238902 0)
(-0.000389432 -0.00312495 0)
(-0.000569668 0.0312558 0)
(-0.000989821 0.0282164 0)
(-0.00123325 0.0255897 0)
(-0.00132813 0.023369 0)
(-0.00135974 0.0213864 0)
(-0.00135506 0.0195241 0)
(-0.00131562 0.0177344 0)
(-0.00124427 0.0159984 0)
(-0.00114684 0.0143083 0)
(-0.00103019 0.012661 0)
(-0.000901089 0.0110564 0)
(-0.000765796 0.00949675 0)
(-0.00062982 0.007986 0)
(-0.000497812 0.00652941 0)
(-0.00037345 0.00513326 0)
(-0.000259299 0.00380437 0)
(-0.000156654 0.00254958 0)
(-6.5405e-05 0.00137505 0)
(1.60291e-05 0.000285695 0)
(9.06388e-05 -0.000715552 0)
(0.000162618 -0.00162817 0)
(0.000237058 -0.00245436 0)
(0.000319282 -0.00319915 0)
(-0.000456591 0.0318976 0)
(-0.000688013 0.0285086 0)
(-0.000744637 0.025664 0)
(-0.000691076 0.0233657 0)
(-0.000637715 0.0213711 0)
(-0.000596223 0.0194901 0)
(-0.000545236 0.0176765 0)
(-0.000478013 0.015918 0)
(-0.000395648 0.0142095 0)
(-0.000301411 0.012549 0)
(-0.000198968 0.0109363 0)
(-9.18266e-05 0.00937325 0)
(1.68796e-05 0.00786307 0)
(0.000124495 0.00641032 0)
(0.000228936 0.00502044 0)
(0.00032879 0.00369928 0)
(0.000423444 0.00245257 0)
(0.000513207 0.00128529 0)
(0.000599412 0.000201081 0)
(0.000684442 -0.000798253 0)
(0.000771675 -0.00171315 0)
(0.000865344 -0.00254644 0)
(0.000970052 -0.00330332 0)
(-0.000284158 0.0323253 0)
(-0.00029689 0.0285996 0)
(-0.00018567 0.0255717 0)
(-1.12814e-05 0.023249 0)
(0.000115281 0.0212965 0)
(0.00019255 0.0194323 0)
(0.000254532 0.0176151 0)
(0.000316686 0.0158478 0)
(0.000381974 0.0141307 0)
(0.000450732 0.0124633 0)
(0.000522638 0.0108458 0)
(0.000597137 0.00927989 0)
(0.000673588 0.00776867 0)
(0.000751364 0.00631636 0)
(0.000829935 0.00492801 0)
(0.000908969 0.00360896 0)
(0.00098844 0.00236431 0)
(0.00106878 0.00119829 0)
(0.00115101 0.000113695 0)
(0.00123692 -0.000888581 0)
(0.00132911 -0.00180985 0)
(0.00143109 -0.00265361 0)
(0.00154686 -0.00342544 0)
(3.2167e-05 0.0324283 0)
(0.000253172 0.0284947 0)
(0.000476527 0.0253618 0)
(0.000711381 0.0230583 0)
(0.000882736 0.0211715 0)
(0.000992987 0.0193512 0)
(0.00106699 0.0175498 0)
(0.001123 0.0157891 0)
(0.00116823 0.0140746 0)
(0.00120739 0.0124076 0)
(0.001244 0.0107892 0)
(0.00128074 0.00922163 0)
(0.00131958 0.00770817 0)
(0.00136193 0.0062533 0)
(0.00140876 0.00486217 0)
(0.00146074 0.00354012 0)
(0.00151836 0.0022921 0)
(0.00158205 0.00112205 0)
(0.00165247 3.22751e-05 0)
(0.00173069 -0.000977048 0)
(0.00181856 -0.00190806 0)
(0.00191887 -0.00276507 0)
(0.00203519 -0.00355421 0)
(0.000467737 0.0320189 0)
(0.00092115 0.0282112 0)
(0.00122988 0.0250824 0)
(0.00149229 0.0228394 0)
(0.0016785 0.0210177 0)
(0.00180656 0.0192501 0)
(0.00188692 0.017483 0)
(0.00193055 0.0157455 0)
(0.00194897 0.0140458 0)
(0.00195184 0.0123872 0)
(0.00194681 0.0107722 0)
(0.00193979 0.00920407 0)
(0.00193523 0.00768723 0)
(0.00193647 0.00622691 0)
(0.00194586 0.00482888 0)
(0.00196496 0.00349901 0)
(0.00199467 0.00224259 0)
(0.00203535 0.00106372 0)
(0.00208711 -3.54373e-05 0)
(0.00215019 -0.00105521 0)
(0.00222555 -0.00199862 0)
(0.00231529 -0.00287102 0)
(0.00242266 -0.00367933 0)
(0.00090934 0.0310554 0)
(0.00164202 0.0277145 0)
(0.00205533 0.0247521 0)
(0.00233414 0.0226174 0)
(0.0025214 0.0208554 0)
(0.00264936 0.0191418 0)
(0.00271739 0.0174262 0)
(0.00273305 0.0157274 0)
(0.00271215 0.0140536 0)
(0.00266877 0.0124101 0)
(0.00261399 0.0108016 0)
(0.00255636 0.00923351 0)
(0.00250239 0.00771174 0)
(0.00245693 0.00624286 0)
(0.0024235 0.00483379 0)
(0.00240442 0.00349132 0)
(0.00240091 0.00222163 0)
(0.00241315 0.00102943 0)
(0.00244055 -8.28335e-05 0)
(0.00248226 -0.00111582 0)
(0.00253814 -0.00207355 0)
(0.00260962 -0.00296278 0)
(0.00269972 -0.00379161 0)
(0.00129013 0.0295542 0)
(0.00235238 0.0269563 0)
(0.00291897 0.0243509 0)
(0.00324207 0.0223853 0)
(0.00342888 0.0206974 0)
(0.00353066 0.0190521 0)
(0.00355631 0.017402 0)
(0.00352094 0.0157524 0)
(0.00344408 0.0141112 0)
(0.0033424 0.0124864 0)
(0.003229 0.0108855 0)
(0.0031139 0.00931655 0)
(0.00300481 0.00778746 0)
(0.00290757 0.00630649 0)
(0.00282652 0.00488197 0)
(0.0027646 0.00352204 0)
(0.00272332 0.00223415 0)
(0.00270268 0.00102421 0)
(0.00270122 -0.000104564 0)
(0.00271667 -0.00115291 0)
(0.00274744 -0.00212613 0)
(0.00279421 -0.00303296 0)
(0.00286008 -0.00388317 0)
(0.00166582 0.0275429 0)
(0.00308683 0.0259114 0)
(0.00383529 0.0238297 0)
(0.00422377 0.0221241 0)
(0.00439334 0.0205642 0)
(0.00443353 0.0190139 0)
(0.00438522 0.0174386 0)
(0.00427542 0.0158416 0)
(0.0041263 0.0142338 0)
(0.00395527 0.0126267 0)
(0.00377563 0.0110316 0)
(0.00359754 0.00945915 0)
(0.00342888 0.00791943 0)
(0.00327583 0.00642238 0)
(0.00314319 0.00497783 0)
(0.00303448 0.0035954 0)
(0.0029516 0.00228422 0)
(0.0028945 0.00105199 0)
(0.00286084 -9.6604e-05 0)
(0.0028465 -0.00116192 0)
(0.00284789 -0.00215098 0)
(0.00286487 -0.00307551 0)
(0.00290099 -0.00394764 0)
(0.00217109 0.0249528 0)
(0.00398367 0.024575 0)
(0.00486944 0.0231885 0)
(0.00526846 0.0218549 0)
(0.00537346 0.0204914 0)
(0.00531773 0.0190597 0)
(0.00517051 0.0175616 0)
(0.00496876 0.0160133 0)
(0.00473606 0.0144335 0)
(0.00448881 0.0128391 0)
(0.00423887 0.0112454 0)
(0.00399517 0.00966534 0)
(0.00376476 0.00811112 0)
(0.00355351 0.00659398 0)
(0.00336641 0.00512493 0)
(0.00320756 0.00371502 0)
(0.00307962 0.00237526 0)
(0.00298296 0.00111578 0)
(0.00291466 -5.61374e-05 0)
(0.00286824 -0.00113967 0)
(0.00283732 -0.00214411 0)
(0.00282078 -0.00308582 0)
(0.00282326 -0.00398029 0)
(0.00292312 0.0215919 0)
(0.00513244 0.0229581 0)
(0.00604947 0.0225138 0)
(0.00635316 0.0216542 0)
(0.0063251 0.0205267 0)
(0.00613702 0.0192194 0)
(0.00587208 0.0177899 0)
(0.00556923 0.0162788 0)
(0.00524952 0.0147166 0)
(0.00492586 0.0131268 0)
(0.00460694 0.0115282 0)
(0.00429917 0.0099361 0)
(0.00400794 0.00836382 0)
(0.00373826 0.00682332 0)
(0.00349505 0.00532617 0)
(0.0032831 0.00388435 0)
(0.00310639 0.00251069 0)
(0.00296671 0.00121841 0)
(0.00286145 1.88877e-05 0)
(0.00278154 -0.00108411 0)
(0.00271661 -0.00210276 0)
(0.00266426 -0.00306074 0)
(0.00263107 -0.00397829 0)
(0.00403459 0.0171713 0)
(0.00653691 0.0211288 0)
(0.00734437 0.0219523 0)
(0.00741663 0.0216243 0)
(0.00718328 0.0207234 0)
(0.00683512 0.0195172 0)
(0.00644616 0.0181328 0)
(0.00604539 0.0166395 0)
(0.00564578 0.0150804 0)
(0.00525392 0.0134853 0)
(0.00487377 0.0118756 0)
(0.0045084 0.0102678 0)
(0.00416094 0.00867539 0)
(0.00383511 0.0071101 0)
(0.00353551 0.00558315 0)
(0.00326763 0.00410653 0)
(0.00303735 0.00269425 0)
(0.00284933 0.00136292 0)
(0.00270336 0.000130014 0)
(0.00258835 -0.000994499 0)
(0.00248886 -0.00202563 0)
(0.00240012 -0.00299876 0)
(0.00233164 -0.0039411 0)
(0.00572605 0.0118108 0)
(0.00813033 0.019352 0)
(0.00865699 0.0217052 0)
(0.00834319 0.0218644 0)
(0.00785548 0.0211178 0)
(0.00734719 0.0199576 0)
(0.00685039 0.0185803 0)
(0.00637185 0.0170798 0)
(0.00591177 0.0155086 0)
(0.00546874 0.0138993 0)
(0.00504152 0.0122741 0)
(0.00462979 0.0106493 0)
(0.00423438 0.00903738 0)
(0.00385749 0.00744891 0)
(0.00350302 0.00589365 0)
(0.00317676 0.00438231 0)
(0.00288647 0.00292866 0)
(0.00264123 0.00155198 0)
(0.00244653 0.000277714 0)
(0.00229217 -0.000873088 0)
(0.00215845 -0.0019148 0)
(0.0020353 -0.00290104 0)
(0.00193507 -0.00387135 0)
(0.0069591 0.00288796 0)
(0.00947772 0.0173164 0)
(0.00970281 0.0218849 0)
(0.00894293 0.0224136 0)
(0.00823243 0.0216984 0)
(0.00761473 0.0205106 0)
(0.00705671 0.0190995 0)
(0.00653885 0.0175704 0)
(0.00604865 0.0159765 0)
(0.0055781 0.014349 0)
(0.00512235 0.0127083 0)
(0.00467888 0.0110688 0)
(0.00424687 0.00944165 0)
(0.00382712 0.00783542 0)
(0.00342223 0.00625771 0)
(0.0030371 0.00471659 0)
(0.00268017 0.00322329 0)
(0.00236501 0.00179705 0)
(0.00210562 0.000470461 0)
(0.00189998 -0.000719646 0)
(0.00173097 -0.00177472 0)
(0.00157984 -0.00277221 0)
(0.00145526 -0.00377636 0)
(0.0050732 -0.00374607 0)
(0.0112338 0.0166613 0)
(0.0104627 0.0230148 0)
(0.00912475 0.023366 0)
(0.0082748 0.0224574 0)
(0.00763658 0.0211589 0)
(0.00708273 0.0196857 0)
(0.00657111 0.0181204 0)
(0.00608262 0.0165041 0)
(0.00560769 0.0148618 0)
(0.00514136 0.0132104 0)
(0.00468099 0.0115624 0)
(0.00422531 0.00992727 0)
(0.00377405 0.00831207 0)
(0.003328 0.00672223 0)
(0.00288955 0.00516233 0)
(0.002465 0.00363847 0)
(0.00206899 0.00216408 0)
(0.0017214 0.000770923 0)
(0.00143687 -0.000489164 0)
(0.00120828 -0.00158509 0)
(0.0010449 -0.00261305 0)
(0.000910823 -0.00366916 0)
(-0.00046318 -0.0141543 0)
(0.00979013 0.0100589 0)
(0.00920983 0.0236085 0)
(0.00864414 0.0244915 0)
(0.00805472 0.0233494 0)
(0.00753097 0.0219182 0)
(0.00703392 0.020383 0)
(0.00655193 0.0187868 0)
(0.00607808 0.0171536 0)
(0.00560845 0.0155014 0)
(0.00514088 0.013844 0)
(0.00467396 0.0121925 0)
(0.00420661 0.0105555 0)
(0.00373792 0.00893963 0)
(0.00326689 0.00734926 0)
(0.00279262 0.00578658 0)
(0.00231687 0.00425354 0)
(0.00185012 0.00275609 0)
(0.00140919 0.00131411 0)
(0.00101252 -4.91608e-05 0)
(0.000542395 -0.00125513 0)
(0.000413819 -0.00239871 0)
(0.000317942 -0.00355643 0)
(-0.0129947 -0.0107278 0)
(-0.00493435 -0.00855761 0)
(-0.000596299 -0.00849888 0)
(0.00696195 -0.0102599 0)
(-0.00634699 -0.0165679 0)
(-0.00366788 -0.016229 0)
(-0.000734141 -0.0160291 0)
(0.00199631 -0.0159899 0)
(-0.00510327 -0.0187969 0)
(-0.0030532 -0.0186628 0)
(-0.000823103 -0.0185729 0)
(0.00111002 -0.0183934 0)
(-0.00513141 -0.0204611 0)
(-0.00192376 -0.0207698 0)
(0.000692329 -0.0204066 0)
(0.00193037 -0.0196855 0)
(-0.00651804 -0.0392271 0)
(-0.00139175 -0.0415914 0)
(0.00113052 -0.0341035 0)
(-0.000213491 -0.0263077 0)
(-0.0173541 -0.0363821 0)
(-0.0208859 -0.032515 0)
(-0.0261649 -0.0210826 0)
(-0.0278818 -0.0168071 0)
(-0.0209731 -0.0282929 0)
(-0.0277682 -0.0194498 0)
(-0.0301706 -0.0186263 0)
(-0.0280181 -0.0242554 0)
(-0.0181559 -0.0205446 0)
(-0.0174035 -0.0146146 0)
(-0.0161669 -0.0199123 0)
(-0.0161111 -0.0282291 0)
(-0.0169707 -0.0223657 0)
(-0.0163097 -0.0199614 0)
(-0.0153517 -0.0216778 0)
(-0.0157255 -0.0256994 0)
(-0.0163971 -0.0215967 0)
(-0.0168037 -0.0207313 0)
(-0.0171518 -0.0212105 0)
(-0.0181112 -0.0225795 0)
(-0.0155612 -0.0195034 0)
(-0.0166057 -0.0190807 0)
(-0.0176252 -0.0191448 0)
(-0.0188927 -0.0195838 0)
(-0.0143988 -0.016755 0)
(-0.0156339 -0.0165113 0)
(-0.0168391 -0.0164503 0)
(-0.018125 -0.0165606 0)
(-0.0131101 -0.0140692 0)
(-0.0142369 -0.0139425 0)
(-0.0153265 -0.0138881 0)
(-0.0164166 -0.0139219 0)
(-0.0118258 -0.0118275 0)
(-0.0127434 -0.011804 0)
(-0.0136199 -0.0118172 0)
(-0.014464 -0.0118877 0)
(-0.0106235 -0.0100482 0)
(-0.0113581 -0.0101181 0)
(-0.0120547 -0.0102135 0)
(-0.012717 -0.010352 0)
(-0.00954932 -0.00861339 0)
(-0.0101483 -0.00875903 0)
(-0.0107183 -0.00892172 0)
(-0.0112636 -0.0091147 0)
(-0.00859691 -0.00743328 0)
(-0.00909245 -0.00763295 0)
(-0.00956883 -0.00784005 0)
(-0.0100306 -0.00806387 0)
(-0.00773091 -0.00645778 0)
(-0.00814108 -0.00669212 0)
(-0.00853987 -0.00692512 0)
(-0.0089309 -0.00716304 0)
(-0.00691138 -0.0056572 0)
(-0.00724693 -0.00591209 0)
(-0.00757622 -0.00615894 0)
(-0.00790177 -0.00640198 0)
(-0.0061068 -0.00501139 0)
(-0.00637539 -0.00527766 0)
(-0.00664071 -0.00553129 0)
(-0.00690441 -0.00577524 0)
(-0.00529745 -0.00450437 0)
(-0.00550543 -0.00477657 0)
(-0.00571168 -0.00503331 0)
(-0.00591716 -0.00527667 0)
(-0.00447455 -0.00412192 0)
(-0.00462783 -0.00439731 0)
(-0.00477995 -0.00465569 0)
(-0.0049314 -0.00489861 0)
(-0.0036381 -0.00385048 0)
(-0.00374254 -0.00412811 0)
(-0.0038458 -0.00438812 0)
(-0.00394804 -0.00463169 0)
(-0.00279464 -0.00367671 0)
(-0.00285619 -0.00395678 0)
(-0.00291618 -0.00421925 0)
(-0.00297458 -0.00446503 0)
(-0.00195526 -0.00358731 0)
(-0.00197999 -0.00387071 0)
(-0.0020026 -0.00413692 0)
(-0.00202291 -0.00438668 0)
(-0.00113407 -0.00356901 0)
(-0.00112811 -0.00385701 0)
(-0.00111939 -0.00412844 0)
(-0.00110764 -0.00438394 0)
(-0.000346923 -0.0036086 0)
(-0.00031641 -0.00390262 0)
(-0.000282472 -0.0041808 0)
(-0.000244803 -0.00444372 0)
(0.000389609 -0.00369304 0)
(0.000438607 -0.0039945 0)
(0.000491666 -0.00428091 0)
(0.000549114 -0.00455278 0)
(0.00105907 -0.00380958 0)
(0.00112064 -0.00411982 0)
(0.00118687 -0.00441581 0)
(0.00125807 -0.00469801 0)
(0.00164588 -0.00394596 0)
(0.00171441 -0.00426619 0)
(0.00178809 -0.00457296 0)
(0.00186727 -0.0048667 0)
(0.00213614 -0.00409063 0)
(0.00220634 -0.00442189 0)
(0.00228215 -0.00474049 0)
(0.00236392 -0.00504685 0)
(0.00251822 -0.00423298 0)
(0.00258535 -0.00457614 0)
(0.00265844 -0.00490748 0)
(0.0027379 -0.0052274 0)
(0.0027835 -0.00436356 0)
(0.00284337 -0.00471936 0)
(0.00290954 -0.00506423 0)
(0.00298244 -0.00539855 0)
(0.00292675 -0.0044743 0)
(0.00297591 -0.00484339 0)
(0.00303169 -0.0052025 0)
(0.00309454 -0.00555201 0)
(0.00294644 -0.00455873 0)
(0.00298228 -0.00494172 0)
(0.00302506 -0.00531579 0)
(0.00307526 -0.00568125 0)
(0.00284484 -0.00461223 0)
(0.00286571 -0.00500982 0)
(0.00289391 -0.0053996 0)
(0.00292993 -0.0057818 0)
(0.00262784 -0.00463234 0)
(0.00263328 -0.00504543 0)
(0.00264654 -0.00545183 0)
(0.00266807 -0.0058516 0)
(0.00230485 -0.00461927 0)
(0.00229587 -0.00504911 0)
(0.00229533 -0.0054732 0)
(0.00230349 -0.00589135 0)
(0.00188881 -0.00457664 0)
(0.00186826 -0.00502486 0)
(0.00185681 -0.0054678 0)
(0.00185435 -0.00590489 0)
(0.00139689 -0.00451256 0)
(0.00136977 -0.00498088 0)
(0.00135225 -0.00544344 0)
(0.00134351 -0.00589934 0)
(0.00085209 -0.00444151 0)
(0.000825607 -0.00493096 0)
(0.000808511 -0.00541234 0)
(0.000799033 -0.0058849 0)
(0.000283056 -0.00437499 0)
(0.000268951 -0.0048871 0)
(0.000260415 -0.00538582 0)
(0.000255681 -0.00587172 0)
(0.00929858 -0.0163573 0)
(0.00741044 -0.0160826 0)
(0.00850746 -0.0148993 0)
(0.00970427 -0.0131617 0)
(0.0109869 -0.0108061 0)
(0.0122887 -0.00788656 0)
(0.0132508 -0.00538662 0)
(0.0132664 -0.00358343 0)
(0.0118076 -0.00208773 0)
(0.00920522 -5.83553e-05 0)
(0.00852468 0.00485829 0)
(0.0120044 0.0102037 0)
(0.017811 0.011493 0)
(0.0200604 0.00673349 0)
(0.0141149 0.00152971 0)
(0.00213971 0.00173927 0)
(-0.00453227 0.0142259 0)
(-0.00576936 0.0215349 0)
(-0.00646012 0.0241459 0)
(0.00487678 -0.0166052 0)
(0.00513484 -0.0162899 0)
(0.00581247 -0.0154661 0)
(0.00633244 -0.0138787 0)
(0.00700275 -0.0116716 0)
(0.00810828 -0.0089385 0)
(0.00951421 -0.00618089 0)
(0.0106668 -0.00355322 0)
(0.0110155 -0.00111938 0)
(0.0104212 0.00104267 0)
(0.0101565 0.00389534 0)
(0.0115682 0.00714351 0)
(0.0137126 0.00907286 0)
(0.0132861 0.00930886 0)
(0.00786969 0.00926299 0)
(-0.00169385 0.0103031 0)
(-0.00771397 0.0157427 0)
(-0.00614943 0.0194858 0)
(-0.00387905 0.0165811 0)
(0.00320479 -0.017863 0)
(0.00337092 -0.0168204 0)
(0.00341495 -0.0157516 0)
(0.00295764 -0.0142294 0)
(0.00299921 -0.0120505 0)
(0.00415497 -0.00958848 0)
(0.0058849 -0.00709042 0)
(0.00785567 -0.00439775 0)
(0.00982134 -0.00161235 0)
(0.0108613 0.00105354 0)
(0.0107036 0.00381945 0)
(0.0104462 0.00672918 0)
(0.010182 0.00918129 0)
(0.00840973 0.0113981 0)
(0.0045132 0.0136696 0)
(-0.00110255 0.0153706 0)
(-0.00382111 0.0167892 0)
(0.000918021 0.0171969 0)
(0.00500441 0.0137701 0)
(0.00249963 -0.018001 0)
(0.00205244 -0.0167976 0)
(0.00231501 -0.0155394 0)
(-0.000270867 -0.0141145 0)
(-0.00144877 -0.0121342 0)
(0.00169346 -0.00996143 0)
(0.00421861 -0.00751398 0)
(0.00558021 -0.0050325 0)
(0.00730865 -0.00234688 0)
(0.0084917 0.000849809 0)
(0.00838383 0.0041004 0)
(0.00819004 0.00693522 0)
(0.00781244 0.00954085 0)
(0.00545268 0.0120016 0)
(0.00185288 0.0144145 0)
(-0.00143365 0.0161741 0)
(0.000500678 0.0159785 0)
(0.00931876 0.0153744 0)
(0.0216227 0.0202585 0)
(-0.00498044 -0.0169345 0)
(-0.00826025 -0.017851 0)
(-0.00616928 -0.013418 0)
(-0.0169883 -0.00315879 0)
(-0.0177338 -0.0179988 0)
(-0.00718483 -0.0210698 0)
(0.00114069 -0.0140202 0)
(0.00447138 -0.0114825 0)
(0.00716312 -0.00793178 0)
(0.0106439 -0.00153102 0)
(0.0142822 0.00443864 0)
(0.0179983 0.00677306 0)
(0.019891 0.0145756 0)
(0.0169283 0.0231687 0)
(0.0145511 0.0268197 0)
(0.0211932 0.0193489 0)
(0.036311 -0.00113634 0)
(0.0520466 -0.00115288 0)
(0.049488 0.0477837 0)
(-0.0223722 -0.0144005 0)
(-0.0119886 -0.0205657 0)
(-0.00558765 -0.0150399 0)
(0.00444221 0.000216505 0)
(0.0103697 -0.0203608 0)
(0.00355963 -0.0227501 0)
(-0.00114906 -0.0148039 0)
(-0.000399708 -0.0104339 0)
(-0.000673461 -0.00780894 0)
(0.00109839 -0.0044093 0)
(0.0054803 -0.000715669 0)
(0.00938432 0.00227773 0)
(0.0126658 0.0107023 0)
(0.0155626 0.019051 0)
(0.0184197 0.0137833 0)
(0.0227867 -0.000978817 0)
(0.0221062 -0.00965062 0)
(0.0113049 0.00837094 0)
(0.0153822 0.0961259 0)
(-0.0208169 -0.0274544 0)
(-0.0125912 -0.0268401 0)
(-0.0108171 -0.0226993 0)
(0.00165348 -0.0167172 0)
(0.012637 -0.0205505 0)
(0.00478149 -0.0133416 0)
(-0.00556897 -0.010064 0)
(-0.00863303 -0.00907362 0)
(-0.00889214 -0.00800633 0)
(-0.00678958 -0.00686767 0)
(-0.00310877 -0.00398135 0)
(-0.00104427 0.000835225 0)
(0.00144096 0.00664671 0)
(0.00885717 0.0147616 0)
(0.0158293 0.0130718 0)
(0.0134587 0.00760812 0)
(-0.00185957 0.00737832 0)
(-0.0290549 0.0140492 0)
(-0.0230416 0.0804569 0)
(-0.0166428 -0.033649 0)
(-0.0171012 -0.0279911 0)
(-0.0182126 -0.0261747 0)
(-0.014338 -0.0262453 0)
(-0.0136216 -0.0186513 0)
(-0.0188229 -0.00607923 0)
(-0.0217937 -0.00480903 0)
(-0.0230698 -0.00784332 0)
(-0.0213104 -0.0102328 0)
(-0.0167904 -0.0108988 0)
(-0.0110235 -0.00841025 0)
(-0.00465496 -0.00241398 0)
(0.00021199 0.00229718 0)
(0.00439276 0.0081407 0)
(0.00758828 0.0119715 0)
(0.00519165 0.0166732 0)
(-0.00168449 0.0247241 0)
(-0.0172586 0.0259119 0)
(-0.0200321 0.0484382 0)
(-0.0190247 -0.0304633 0)
(-0.0232542 -0.02627 0)
(-0.0245279 -0.0256949 0)
(-0.026603 -0.025753 0)
(-0.0298499 -0.0153075 0)
(-0.0316249 -0.00561991 0)
(-0.0319624 -0.00413441 0)
(-0.0307279 -0.009229 0)
(-0.0272533 -0.0141255 0)
(-0.0232759 -0.0153199 0)
(-0.0189814 -0.013705 0)
(-0.0135276 -0.00894724 0)
(-0.00843171 -0.00115097 0)
(-0.0041984 0.00506331 0)
(-0.000864262 0.0112107 0)
(-0.000245717 0.0188191 0)
(-0.000246088 0.0291335 0)
(-0.00376478 0.0339858 0)
(-0.0039469 0.0390783 0)
(-0.0211102 -0.0248581 0)
(-0.0257785 -0.0236635 0)
(-0.02855 -0.0233446 0)
(-0.0314791 -0.0214953 0)
(-0.0340934 -0.0134348 0)
(-0.0347207 -0.00585825 0)
(-0.0337035 -0.00512509 0)
(-0.0310602 -0.0123238 0)
(-0.0281143 -0.017171 0)
(-0.0270238 -0.017344 0)
(-0.0264085 -0.0165301 0)
(-0.0242294 -0.0129902 0)
(-0.0201018 -0.00537124 0)
(-0.0149168 0.000905333 0)
(-0.0103335 0.00831262 0)
(-0.00668243 0.0163688 0)
(-0.00232555 0.026877 0)
(0.000168367 0.0339804 0)
(0.00231661 0.0402026 0)
(-0.0216601 -0.0205085 0)
(-0.0259713 -0.0204601 0)
(-0.0289983 -0.0208758 0)
(-0.0313649 -0.0189455 0)
(-0.0326772 -0.0127001 0)
(-0.0321546 -0.00665113 0)
(-0.0302208 -0.00697059 0)
(-0.0282216 -0.0146413 0)
(-0.0281368 -0.0175406 0)
(-0.0301257 -0.0163351 0)
(-0.0317186 -0.0167843 0)
(-0.0311115 -0.0151104 0)
(-0.0283995 -0.00956591 0)
(-0.0248857 -0.00335769 0)
(-0.021321 0.00421164 0)
(-0.016868 0.011574 0)
(-0.0107112 0.0219542 0)
(-0.00519992 0.0311598 0)
(-0.000184023 0.0413332 0)
(-0.0205332 -0.0169214 0)
(-0.0240723 -0.0173717 0)
(-0.026785 -0.0187411 0)
(-0.0287135 -0.0174891 0)
(-0.029325 -0.0128818 0)
(-0.0280409 -0.00812067 0)
(-0.0260124 -0.00867128 0)
(-0.0259215 -0.0144029 0)
(-0.0284441 -0.015413 0)
(-0.0313369 -0.0141066 0)
(-0.0327814 -0.0162445 0)
(-0.0326633 -0.0160928 0)
(-0.0321099 -0.0112958 0)
(-0.0319348 -0.00490841 0)
(-0.0313606 0.00154967 0)
(-0.0294454 0.00747277 0)
(-0.0251969 0.0165267 0)
(-0.0181976 0.0260013 0)
(-0.00824189 0.0348895 0)
(-0.0182834 -0.0141272 0)
(-0.0208746 -0.0148607 0)
(-0.0232948 -0.0167417 0)
(-0.0252408 -0.016342 0)
(-0.025934 -0.0131638 0)
(-0.0250851 -0.00955874 0)
(-0.0239162 -0.00947187 0)
(-0.0248068 -0.0124163 0)
(-0.0273987 -0.0128111 0)
(-0.0292979 -0.0124641 0)
(-0.0306902 -0.01523 0)
(-0.0324291 -0.0154221 0)
(-0.0341461 -0.0104923 0)
(-0.0354937 -0.00403781 0)
(-0.0364426 0.00156155 0)
(-0.0370534 0.00640682 0)
(-0.0353217 0.0116505 0)
(-0.0278206 0.0156391 0)
(-0.0142209 0.0177895 0)
(-0.0158263 -0.0121302 0)
(-0.0176363 -0.0129714 0)
(-0.0197158 -0.014696 0)
(-0.02185 -0.0149581 0)
(-0.0231396 -0.0128828 0)
(-0.0232598 -0.0101524 0)
(-0.0229675 -0.00955821 0)
(-0.023691 -0.010661 0)
(-0.0252962 -0.0110676 0)
(-0.0265887 -0.0113879 0)
(-0.0283376 -0.0132592 0)
(-0.0312708 -0.0129846 0)
(-0.0339031 -0.00868753 0)
(-0.0351769 -0.00293374 0)
(-0.0354797 0.00230634 0)
(-0.0351298 0.00642562 0)
(-0.0325247 0.00706744 0)
(-0.0250977 0.00367827 0)
(-0.0117732 -0.0016202 0)
(-0.0137693 -0.010682 0)
(-0.0151616 -0.0115152 0)
(-0.0168854 -0.0127889 0)
(-0.0189944 -0.0132088 0)
(-0.0207078 -0.0119339 0)
(-0.0213725 -0.010035 0)
(-0.0215044 -0.00934242 0)
(-0.0221219 -0.00963781 0)
(-0.0232493 -0.00990677 0)
(-0.0244372 -0.0102661 0)
(-0.0261613 -0.0110162 0)
(-0.0286469 -0.0103066 0)
(-0.030737 -0.0071198 0)
(-0.03139 -0.00269396 0)
(-0.0304465 0.00153302 0)
(-0.0278198 0.00426819 0)
(-0.0231813 0.00211147 0)
(-0.0164065 -0.00502769 0)
(-0.00676713 -0.0150363 0)
(-0.0121425 -0.00950573 0)
(-0.0133671 -0.0102667 0)
(-0.0148683 -0.0111521 0)
(-0.0166599 -0.0114599 0)
(-0.0182373 -0.0107424 0)
(-0.0191402 -0.00957367 0)
(-0.0196115 -0.00893541 0)
(-0.0202369 -0.00887377 0)
(-0.0211387 -0.00895676 0)
(-0.0221917 -0.00912031 0)
(-0.0236111 -0.00926787 0)
(-0.0253555 -0.00847307 0)
(-0.0265992 -0.00625785 0)
(-0.0264882 -0.00330896 0)
(-0.0246201 -0.0007327 0)
(-0.0207844 0.000110084 0)
(-0.0153758 -0.00320961 0)
(-0.00949294 -0.0110443 0)
(-0.00271056 -0.0219659 0)
(-0.0107876 -0.00847664 0)
(-0.011878 -0.00913745 0)
(-0.013166 -0.0097815 0)
(-0.0146344 -0.0100177 0)
(-0.0159756 -0.00962681 0)
(-0.0169035 -0.00891548 0)
(-0.0175225 -0.00839986 0)
(-0.0181489 -0.00820143 0)
(-0.0189011 -0.00815114 0)
(-0.0197635 -0.00815624 0)
(-0.0208027 -0.00806671 0)
(-0.0218802 -0.00742641 0)
(-0.0224269 -0.0060664 0)
(-0.0218229 -0.00446917 0)
(-0.0197065 -0.0034972 0)
(-0.0159818 -0.00425885 0)
(-0.0111302 -0.00816209 0)
(-0.00616144 -0.0156695 0)
(-0.00106363 -0.0257905 0)
(-0.00957933 -0.00757548 0)
(-0.0105255 -0.00814948 0)
(-0.0116041 -0.00864693 0)
(-0.0127903 -0.00885225 0)
(-0.013895 -0.00865759 0)
(-0.0147441 -0.00822635 0)
(-0.0153754 -0.00783499 0)
(-0.0159539 -0.00760869 0)
(-0.0165662 -0.00749975 0)
(-0.0172205 -0.00743807 0)
(-0.017915 -0.00731477 0)
(-0.0185035 -0.00692964 0)
(-0.0186111 -0.00628286 0)
(-0.0178311 -0.00576059 0)
(-0.0159208 -0.00602439 0)
(-0.0128707 -0.00790135 0)
(-0.00904787 -0.0122691 0)
(-0.00507179 -0.0195563 0)
(-0.00108665 -0.0286403 0)
(-0.00844541 -0.00680625 0)
(-0.00924082 -0.00731785 0)
(-0.0101184 -0.00772619 0)
(-0.0110555 -0.00791973 0)
(-0.0119396 -0.00784736 0)
(-0.0126648 -0.00759477 0)
(-0.0132322 -0.00731646 0)
(-0.0137206 -0.00711703 0)
(-0.0141885 -0.0070064 0)
(-0.014647 -0.00694739 0)
(-0.0150723 -0.00688577 0)
(-0.0153473 -0.00676151 0)
(-0.0152409 -0.00665796 0)
(-0.0145163 -0.00690108 0)
(-0.0130493 -0.00800301 0)
(-0.0108783 -0.0105986 0)
(-0.00822879 -0.0153486 0)
(-0.00535298 -0.022754 0)
(-0.00195776 -0.0315321 0)
(-0.00734645 -0.00617007 0)
(-0.0079916 -0.00664129 0)
(-0.00868246 -0.00700033 0)
(-0.00940042 -0.0071929 0)
(-0.0100803 -0.00719801 0)
(-0.0106569 -0.00706482 0)
(-0.0111161 -0.00688631 0)
(-0.0114908 -0.00674097 0)
(-0.0118172 -0.00666141 0)
(-0.0121062 -0.00664095 0)
(-0.0123349 -0.00666949 0)
(-0.0124259 -0.00675935 0)
(-0.0122519 -0.00702559 0)
(-0.0117022 -0.00774445 0)
(-0.0107537 -0.00932261 0)
(-0.00948808 -0.0122868 0)
(-0.00804486 -0.0172815 0)
(-0.00650827 -0.0252064 0)
(-0.00365851 -0.0352714 0)
(-0.00626196 -0.00566376 0)
(-0.00676181 -0.0061118 0)
(-0.00728308 -0.00644848 0)
(-0.00781047 -0.00664893 0)
(-0.00830394 -0.00670836 0)
(-0.0087225 -0.00666064 0)
(-0.00905071 -0.00656621 0)
(-0.00930085 -0.00648345 0)
(-0.0094936 -0.00644924 0)
(-0.00963749 -0.00647921 0)
(-0.00971918 -0.00659092 0)
(-0.00969835 -0.00682876 0)
(-0.00951905 -0.00731111 0)
(-0.00915626 -0.00826297 0)
(-0.00866137 -0.0100099 0)
(-0.00816187 -0.01301 0)
(-0.00779886 -0.0179904 0)
(-0.00782802 -0.0266834 0)
(-0.00576087 -0.0407588 0)
(-0.00518501 -0.00528112 0)
(-0.00554816 -0.0057191 0)
(-0.00591605 -0.00605062 0)
(-0.00627602 -0.00626652 0)
(-0.00660224 -0.00637063 0)
(-0.00686822 -0.00638913 0)
(-0.00706107 -0.00636477 0)
(-0.00718448 -0.00634229 0)
(-0.00724985 -0.00635734 0)
(-0.00726453 -0.00643698 0)
(-0.00722502 -0.00661253 0)
(-0.00711656 -0.00693869 0)
(-0.00692653 -0.00752163 0)
(-0.00667575 -0.00853728 0)
(-0.00644669 -0.0102434 0)
(-0.00637564 -0.0130433 0)
(-0.00658335 -0.0177687 0)
(-0.00758553 -0.0271843 0)
(-0.00612573 -0.0474883 0)
(-0.00411804 -0.00501343 0)
(-0.00435582 -0.00545149 0)
(-0.00458649 -0.00578951 0)
(-0.00479948 -0.00602675 0)
(-0.00497731 -0.00617144 0)
(-0.0051024 -0.00624534 0)
(-0.00516497 -0.00628092 0)
(-0.00516545 -0.00631387 0)
(-0.00511044 -0.00637722 0)
(-0.00500634 -0.00650185 0)
(-0.00485543 -0.00672437 0)
(-0.00465714 -0.00709971 0)
(-0.00441774 -0.00771775 0)
(-0.0041689 -0.00871712 0)
(-0.00398179 -0.0103076 0)
(-0.00395163 -0.0128596 0)
(-0.00409849 -0.0172923 0)
(-0.00509741 -0.0270522 0)
(-0.00397974 -0.0531409 0)
(-0.00306976 -0.00484995 0)
(-0.00319537 -0.00529608 0)
(-0.00330513 -0.00564892 0)
(-0.00339014 -0.00591214 0)
(-0.00343798 -0.00609597 0)
(-0.00343666 -0.00621925 0)
(-0.0033791 -0.00630812 0)
(-0.00326474 -0.00639218 0)
(-0.00309775 -0.00650156 0)
(-0.00288354 -0.00666763 0)
(-0.00262654 -0.0069281 0)
(-0.00233107 -0.00733535 0)
(-0.00200645 -0.00796763 0)
(-0.00167583 -0.00894217 0)
(-0.0013811 -0.0104451 0)
(-0.00117149 -0.0128343 0)
(-0.000992373 -0.0170535 0)
(-0.00164793 -0.0266424 0)
(-0.00115353 -0.0560754 0)
(-0.00205289 -0.00477855 0)
(-0.00208074 -0.00523918 0)
(-0.00208605 -0.00561306 0)
(-0.00206121 -0.00590605 0)
(-0.00199705 -0.00612894 0)
(-0.00188519 -0.00629845 0)
(-0.00172062 -0.00643652 0)
(-0.00150282 -0.00656852 0)
(-0.00123479 -0.00672203 0)
(-0.000921096 -0.00692781 0)
(-0.000566294 -0.00722357 0)
(-0.00017495 -0.00766014 0)
(0.000247031 -0.00831044 0)
(0.000689296 -0.0092838 0)
(0.00113615 -0.0107583 0)
(0.00156838 -0.0130817 0)
(0.00199907 -0.0171517 0)
(0.0017679 -0.0262106 0)
(0.0016248 -0.0559694 0)
(-0.00108256 -0.00478623 0)
(-0.00102772 -0.00526663 0)
(-0.000945044 -0.00566641 0)
(-0.000827951 -0.00599229 0)
(-0.000669432 -0.00625489 0)
(-0.000463526 -0.00646912 0)
(-0.000206925 -0.00665391 0)
(0.000100384 -0.00683154 0)
(0.000455613 -0.00702749 0)
(0.000854439 -0.00727178 0)
(0.00129228 -0.00760221 0)
(0.00176507 -0.0080698 0)
(0.00226976 -0.00874714 0)
(0.00280467 -0.00974342 0)
(0.00336998 -0.0112359 0)
(0.00395802 -0.0135604 0)
(0.00451648 -0.0175302 0)
(0.00474516 -0.0258704 0)
(0.00426496 -0.0529857 0)
(-0.000175052 -0.00485952 0)
(-5.2896e-05 -0.00536407 0)
(0.000101451 -0.00579365 0)
(0.000293703 -0.0061551 0)
(0.000529345 -0.00645834 0)
(0.000812578 -0.00671662 0)
(0.00114526 -0.00694644 0)
(0.00152647 -0.00716759 0)
(0.00195276 -0.00740371 0)
(0.00241896 -0.00768392 0)
(0.00291917 -0.00804618 0)
(0.00344765 -0.00854248 0)
(0.00399994 -0.00924736 0)
(0.00457413 -0.0102727 0)
(0.0051709 -0.0117981 0)
(0.005778 -0.0141479 0)
(0.00631138 -0.0180355 0)
(0.00679147 -0.0255852 0)
(0.00600632 -0.0478933 0)
(0.000653118 -0.00498479 0)
(0.000827323 -0.00551721 0)
(0.00103737 -0.00597983 0)
(0.00128826 -0.00637914 0)
(0.00158433 -0.00672405 0)
(0.00192841 -0.00702606 0)
(0.00232099 -0.00729946 0)
(0.00275986 -0.0075617 0)
(0.0032401 -0.00783439 0)
(0.00375444 -0.00814526 0)
(0.00429374 -0.00853158 0)
(0.00484741 -0.00904545 0)
(0.00540381 -0.00976205 0)
(0.00595018 -0.0107937 0)
(0.00646894 -0.0123172 0)
(0.00691563 -0.0146363 0)
(0.00715648 -0.0183569 0)
(0.00720686 -0.0250714 0)
(0.00579815 -0.0420154 0)
(0.00138611 -0.00514859 0)
(0.0015975 -0.00571204 0)
(0.00184785 -0.00621049 0)
(0.00214161 -0.00664967 0)
(0.0024822 -0.00703722 0)
(0.00287131 -0.00738281 0)
(0.00330814 -0.00769836 0)
(0.00378894 -0.00799877 0)
(0.00430673 -0.00830307 0)
(0.00485115 -0.00863654 0)
(0.00540827 -0.00903412 0)
(0.00596021 -0.00954548 0)
(0.00648424 -0.0102425 0)
(0.00695048 -0.0112313 0)
(0.00731393 -0.0126731 0)
(0.00748646 -0.0148295 0)
(0.00727496 -0.0181781 0)
(0.00646774 -0.023876 0)
(0.00430393 -0.0368806 0)
(0.00200955 -0.00533792 0)
(0.00224395 -0.00593518 0)
(0.00252009 -0.00647186 0)
(0.00284191 -0.00695274 0)
(0.00321216 -0.00738394 0)
(0.00363156 -0.00777303 0)
(0.00409815 -0.00812939 0)
(0.0046066 -0.00846487 0)
(0.00514769 -0.00879511 0)
(0.00570756 -0.00914156 0)
(0.00626694 -0.00953477 0)
(0.00679992 -0.010019 0)
(0.00727219 -0.0106585 0)
(0.00763784 -0.0115472 0)
(0.00783127 -0.0128222 0)
(0.00774389 -0.0146923 0)
(0.00718503 -0.0175105 0)
(0.00591455 -0.0221143 0)
(0.00360261 -0.0325919 0)
(0.00251129 -0.00554051 0)
(0.00275555 -0.00617406 0)
(0.00304405 -0.00675117 0)
(0.00338035 -0.00727545 0)
(0.00376666 -0.00775134 0)
(0.00420299 -0.00818411 0)
(0.0046864 -0.00858027 0)
(0.00521028 -0.00894814 0)
(0.00576334 -0.00929902 0)
(0.00632857 -0.00964916 0)
(0.00688174 -0.0100227 0)
(0.00738957 -0.0104558 0)
(0.00780758 -0.0110025 0)
(0.00807734 -0.0117422 0)
(0.00812144 -0.0127899 0)
(0.00783151 -0.0143149 0)
(0.00705843 -0.0165888 0)
(0.00567868 -0.0202424 0)
(0.0035799 -0.0285462 0)
(0.0028821 -0.00574514 0)
(0.00312439 -0.00641721 0)
(0.00341318 -0.00703677 0)
(0.00375178 -0.00760614 0)
(0.004142 -0.00812789 0)
(0.00458335 -0.00860489 0)
(0.00507234 -0.00904052 0)
(0.0056015 -0.00943911 0)
(0.00615822 -0.00980689 0)
(0.0067232 -0.0101536 0)
(0.00726844 -0.0104953 0)
(0.0077548 -0.0108577 0)
(0.00812931 -0.0112826 0)
(0.00832267 -0.0118345 0)
(0.00824668 -0.0126118 0)
(0.00779107 -0.0137632 0)
(0.00683625 -0.0155254 0)
(0.00532844 -0.0184036 0)
(0.00328967 -0.024665 0)
(0.00311629 -0.00594185 0)
(0.00334635 -0.0066545 0)
(0.003625 -0.0073184 0)
(0.00395526 -0.00793446 0)
(0.00433869 -0.00850338 0)
(0.0047746 -0.0090256 0)
(0.00525936 -0.00950128 0)
(0.00578538 -0.00993053 0)
(0.00633978 -0.010314 0)
(0.00690244 -0.010654 0)
(0.00744353 -0.0109569 0)
(0.00792028 -0.0112361 0)
(0.00827346 -0.0115183 0)
(0.00842387 -0.0118515 0)
(0.0082694 -0.0123172 0)
(0.00768448 -0.0130507 0)
(0.00654381 -0.0142767 0)
(0.00474022 -0.0164496 0)
(0.00244693 -0.0213075 0)
(0.00321217 -0.00612226 0)
(0.00342164 -0.00687737 0)
(0.00368146 -0.00758728 0)
(0.00399438 -0.00825148 0)
(0.00436172 -0.00886889 0)
(0.00478287 -0.00943766 0)
(0.00525458 -0.00995491 0)
(0.00576999 -0.0104166 0)
(0.00631723 -0.0108178 0)
(0.00687727 -0.0111528 0)
(0.00742108 -0.0114173 0)
(0.00790567 -0.0116106 0)
(0.00826938 -0.0117415 0)
(0.00842657 -0.0118369 0)
(0.00826241 -0.0119566 0)
(0.00763163 -0.0122176 0)
(0.00638908 -0.0128389 0)
(0.00436831 -0.0142934 0)
(0.00186686 -0.0185479 0)
(0.00317236 -0.00627979 0)
(0.003355 -0.007079 0)
(0.00358926 -0.00783623 0)
(0.00387743 -0.00854961 0)
(0.00422065 -0.00921654 0)
(0.00461855 -0.00983325 0)
(0.00506873 -0.0103943 0)
(0.0055659 -0.010892 0)
(0.00610055 -0.0113161 0)
(0.00665689 -0.0116535 0)
(0.00720978 -0.0118887 0)
(0.00772036 -0.0120061 0)
(0.00813012 -0.0119941 0)
(0.00835355 -0.0118539 0)
(0.00826958 -0.0116168 0)
(0.00771706 -0.0113742 0)
(0.00652853 -0.0113413 0)
(0.00454023 -0.0120481 0)
(0.00205965 -0.0159132 0)
(0.00300395 -0.00640992 0)
(0.00315587 -0.00725449 0)
(0.00335985 -0.00805967 0)
(0.00361747 -0.00882249 0)
(0.00392959 -0.00953924 0)
(0.00429619 -0.0102048 0)
(0.00471605 -0.010812 0)
(0.00518609 -0.0113503 0)
(0.00570035 -0.0118052 0)
(0.00624817 -0.0121571 0)
(0.00681141 -0.0123809 0)
(0.00735996 -0.0124459 0)
(0.00784504 -0.0123191 0)
(0.00818956 -0.0119723 0)
(0.00827445 -0.0113995 0)
(0.0079246 -0.0106558 0)
(0.00693247 -0.00994313 0)
(0.00513636 -0.0098367 0)
(0.0026672 -0.012897 0)
(0.00271851 -0.00651047 0)
(0.00283837 -0.00740096 0)
(0.00300937 -0.00825366 0)
(0.00323211 -0.0090649 0)
(0.00350705 -0.00983047 0)
(0.00383448 -0.0105447 0)
(0.00421447 -0.0111994 0)
(0.00464647 -0.0117826 0)
(0.00512867 -0.0122772 0)
(0.00565684 -0.0126592 0)
(0.00622218 -0.0128957 0)
(0.0068075 -0.0129436 0)
(0.00738045 -0.0127491 0)
(0.00788198 -0.0122515 0)
(0.00820581 -0.011397 0)
(0.00816642 -0.0101801 0)
(0.00749311 -0.00875416 0)
(0.005984 -0.00768159 0)
(0.00340386 -0.00926873 0)
(0.00233212 -0.00658183 0)
(0.00242112 -0.00751761 0)
(0.00255836 -0.00841581 0)
(0.00274325 -0.00927266 0)
(0.00297569 -0.0100841 0)
(0.00325623 -0.0108448 0)
(0.00358603 -0.0115466 0)
(0.00396685 -0.0121773 0)
(0.00440091 -0.0127193 0)
(0.00489051 -0.0131467 0)
(0.00543713 -0.0134226 0)
(0.00603906 -0.0134957 0)
(0.00668614 -0.0132954 0)
(0.00734832 -0.0127289 0)
(0.00794918 -0.0116837 0)
(0.00831013 -0.0100566 0)
(0.00809422 -0.00787749 0)
(0.00704738 -0.00559104 0)
(0.00432711 -0.00491467 0)
(0.00186532 -0.00662702 0)
(0.00192693 -0.00760561 0)
(0.00203121 -0.00854512 0)
(0.00217639 -0.0094425 0)
(0.00236184 -0.0102946 0)
(0.00258814 -0.0110969 0)
(0.00285717 -0.0118423 0)
(0.00317223 -0.0125198 0)
(0.00353846 -0.0131128 0)
(0.00396334 -0.0135966 0)
(0.00445724 -0.013935 0)
(0.00503343 -0.0140746 0)
(0.00570641 -0.0139368 0)
(0.00648499 -0.0134048 0)
(0.00734623 -0.0123061 0)
(0.00815736 -0.0104038 0)
(0.00855348 -0.00748853 0)
(0.00833052 -0.0036657 0)
(0.00552221 0.000395539 0)
(0.00134308 -0.00665143 0)
(0.00138229 -0.00766755 0)
(0.00145537 -0.00864148 0)
(0.00155982 -0.00957172 0)
(0.00169465 -0.0104565 0)
(0.00186035 -0.0112927 0)
(0.00205887 -0.0120747 0)
(0.00229392 -0.0127933 0)
(0.00257161 -0.0134343 0)
(0.00290162 -0.0139768 0)
(0.00329903 -0.0143891 0)
(0.00378687 -0.0146236 0)
(0.00439948 -0.0146058 0)
(0.00518573 -0.0142139 0)
(0.00619625 -0.0132396 0)
(0.0073998 -0.0113179 0)
(0.00849497 -0.00788544 0)
(0.00970117 -0.0022272 0)
(0.00711898 0.00715531 0)
(0.000794562 -0.00666178 0)
(0.00081652 -0.00770627 0)
(0.000860202 -0.00870475 0)
(0.000923315 -0.00965773 0)
(0.00100497 -0.010565 0)
(0.00110545 -0.0114246 0)
(0.00122619 -0.0122324 0)
(0.00137 -0.012981 0)
(0.00154168 -0.0136591 0)
(0.00174921 -0.0142499 0)
(0.00200593 -0.0147288 0)
(0.00233421 -0.0150591 0)
(0.00277247 -0.0151819 0)
(0.00338884 -0.0149959 0)
(0.00429413 -0.0143094 0)
(0.00559273 -0.0127249 0)
(0.00716582 -0.0093684 0)
(0.0103285 -0.00210578 0)
(0.00864496 0.0151734 0)
(0.00025307 -0.0066659 0)
(0.000260434 -0.00772704 0)
(0.000275285 -0.00873858 0)
(0.00029651 -0.00970317 0)
(0.000323693 -0.0106218 0)
(0.000356916 -0.0114934 0)
(0.000396685 -0.0123145 0)
(0.000444 -0.0130791 0)
(0.000500614 -0.0137777 0)
(0.000569563 -0.0143969 0)
(0.000656228 -0.0149181 0)
(0.000770471 -0.015316 0)
(0.00093123 -0.015554 0)
(0.00117753 -0.0155724 0)
(0.00159158 -0.0152556 0)
(0.00232184 -0.0143264 0)
(0.00346034 -0.011997 0)
(0.00634491 -0.00473545 0)
(0.00865057 0.0260348 0)
)
;

boundaryField
{
    leftWall
    {
        type            noSlip;
    }
    rightWall
    {
        type            noSlip;
    }
    lowerWall
    {
        type            noSlip;
    }
    atmosphere
    {
        type            pressureInletOutletVelocity;
        value           nonuniform List<vector> 
46
(
(0 -0.0141543 0)
(0.00979013 0.0100589 0)
(0.00920983 0.0236085 0)
(0.00864414 0.0244915 0)
(0.00805472 0.0233494 0)
(0.00753097 0.0219182 0)
(0.00703392 0.020383 0)
(0.00655193 0.0187868 0)
(0.00607808 0.0171536 0)
(0.00560845 0.0155014 0)
(0.00514088 0.013844 0)
(0.00467396 0.0121925 0)
(0.00420661 0.0105555 0)
(0.00373792 0.00893963 0)
(0.00326689 0.00734926 0)
(0.00279262 0.00578658 0)
(0.00231687 0.00425354 0)
(0.00185012 0.00275609 0)
(0.00140919 0.00131411 0)
(0.00101252 -4.91608e-05 0)
(0 -0.00125513 0)
(0 -0.00239871 0)
(0 -0.00355643 0)
(0 -0.00437499 0)
(0 -0.0048871 0)
(0 -0.00538582 0)
(0 -0.00587172 0)
(0 -0.0066659 0)
(0 -0.00772704 0)
(0 -0.00873858 0)
(0 -0.00970317 0)
(0 -0.0106218 0)
(0 -0.0114934 0)
(0 -0.0123145 0)
(0 -0.0130791 0)
(0 -0.0137777 0)
(0 -0.0143969 0)
(0 -0.0149181 0)
(0 -0.015316 0)
(0 -0.015554 0)
(0 -0.0155724 0)
(0 -0.0152556 0)
(0 -0.0143264 0)
(0 -0.011997 0)
(0 -0.00473545 0)
(0.00865057 0.0260348 0)
)
;
    }
    defaultFaces
    {
        type            empty;
    }
}


// ************************************************************************* //
