/*--------------------------------*- C++ -*----------------------------------*\
  =========                 |
  \\      /  F ield         | OpenFOAM: The Open Source CFD Toolbox
   \\    /   O peration     | Website:  https://openfoam.org
    \\  /    A nd           | Version:  9
     \\/     M anipulation  |
\*---------------------------------------------------------------------------*/
FoamFile
{
    format      ascii;
    class       volVectorField;
    location    "6.47";
    object      U;
}
// * * * * * * * * * * * * * * * * * * * * * * * * * * * * * * * * * * * * * //

dimensions      [0 1 -1 0 0 0 0];

internalField   nonuniform List<vector> 
2268
(
(0.00126086 -0.000598246 0)
(0.0035907 -0.000556128 0)
(0.00552394 -0.000477546 0)
(0.00730942 -0.000420953 0)
(0.00887785 -0.000368519 0)
(0.0102404 -0.000324175 0)
(0.0114622 -0.000297935 0)
(0.0126036 -0.00029194 0)
(0.0136975 -0.000288226 0)
(0.0147371 -0.000287564 0)
(0.0157329 -0.000299568 0)
(0.0167836 -0.000362864 0)
(0.018091 -0.000504468 0)
(0.0198587 -0.000710488 0)
(0.0221603 -0.000882732 0)
(0.0244848 -0.000772727 0)
(0.0257091 0.000240541 0)
(0.0217148 0.00224459 0)
(0.0119067 0.00354901 0)
(-0.000708404 0.00372649 0)
(-0.0105832 0.00133984 0)
(-0.0104266 -0.00181379 0)
(-0.00391241 -0.00195722 0)
(0.0011909 -0.00170414 0)
(0.00339182 -0.00155305 0)
(0.00530362 -0.00137971 0)
(0.00710965 -0.00122129 0)
(0.00870774 -0.00107144 0)
(0.0101125 -0.000947902 0)
(0.0113723 -0.000865525 0)
(0.0125327 -0.000815345 0)
(0.0136154 -0.000773528 0)
(0.0146085 -0.000730169 0)
(0.0155105 -0.000720856 0)
(0.0163903 -0.00081353 0)
(0.0173726 -0.00104594 0)
(0.0185569 -0.00136731 0)
(0.0199213 -0.0015656 0)
(0.0210934 -0.00112131 0)
(0.0213069 0.0010641 0)
(0.0182188 0.00496275 0)
(0.0110453 0.00741374 0)
(0.00273741 0.00753892 0)
(-0.00434521 0.00385654 0)
(-0.00703672 -0.00196445 0)
(-0.00459968 -0.0049514 0)
(0.00114794 -0.00272022 0)
(0.00330149 -0.00248154 0)
(0.00520566 -0.00224282 0)
(0.00703191 -0.00200222 0)
(0.00865699 -0.00176413 0)
(0.0100896 -0.00156417 0)
(0.0113714 -0.00142349 0)
(0.0125397 -0.00132714 0)
(0.013609 -0.00124157 0)
(0.0145573 -0.00114683 0)
(0.0153642 -0.00109667 0)
(0.0160693 -0.00118199 0)
(0.0167504 -0.0014441 0)
(0.0174549 -0.001801 0)
(0.0181391 -0.00196949 0)
(0.0185871 -0.00127406 0)
(0.0183668 0.00173101 0)
(0.0157487 0.00706263 0)
(0.0105266 0.0102355 0)
(0.00518542 0.0102576 0)
(-0.000109004 0.00615573 0)
(-0.00377168 -0.00142537 0)
(-0.00317091 -0.00730145 0)
(0.00111956 -0.00375754 0)
(0.00325055 -0.00344051 0)
(0.00517175 -0.00313855 0)
(0.00703315 -0.00281879 0)
(0.00869513 -0.00248964 0)
(0.0101589 -0.00220786 0)
(0.0114637 -0.00200231 0)
(0.0126427 -0.00185131 0)
(0.0137051 -0.00170872 0)
(0.0146142 -0.00154145 0)
(0.0153257 -0.0014178 0)
(0.0158528 -0.00144959 0)
(0.0162433 -0.0016799 0)
(0.0165145 -0.00200207 0)
(0.0166202 -0.00209333 0)
(0.0164738 -0.00121931 0)
(0.0160749 0.00228531 0)
(0.0141817 0.00871223 0)
(0.0105599 0.0122547 0)
(0.00699807 0.012232 0)
(0.00303926 0.00823073 0)
(-0.000384081 -0.000552829 0)
(-0.000803704 -0.00840081 0)
(0.00110992 -0.00477294 0)
(0.00322985 -0.0044059 0)
(0.00518866 -0.00405375 0)
(0.00710348 -0.00366021 0)
(0.00881511 -0.00323769 0)
(0.0103171 -0.00286964 0)
(0.0116495 -0.00259417 0)
(0.0128441 -0.00238166 0)
(0.0139055 -0.00217046 0)
(0.0147801 -0.00190897 0)
(0.0153965 -0.0016784 0)
(0.0157457 -0.00161224 0)
(0.0158567 -0.0017555 0)
(0.0157289 -0.00198126 0)
(0.0153109 -0.0019513 0)
(0.0145672 -0.000955737 0)
(0.0138714 0.00267882 0)
(0.0128497 0.0097935 0)
(0.0108642 0.0135912 0)
(0.00855907 0.0136389 0)
(0.00592736 0.00982126 0)
(0.00339186 0.000374758 0)
(0.00193865 -0.0079385 0)
(0.00111941 -0.0057836 0)
(0.00324163 -0.00538085 0)
(0.00525819 -0.00499105 0)
(0.00724554 -0.00452722 0)
(0.00902034 -0.00400664 0)
(0.010569 -0.00354661 0)
(0.0119351 -0.00319597 0)
(0.0131494 -0.0029154 0)
(0.0142137 -0.00262457 0)
(0.0150573 -0.00224661 0)
(0.0155813 -0.00187551 0)
(0.0157594 -0.00166981 0)
(0.0156111 -0.00167797 0)
(0.015127 -0.00175396 0)
(0.0142461 -0.00155546 0)
(0.0129286 -0.000442823 0)
(0.0116866 0.0030457 0)
(0.0113368 0.0101705 0)
(0.011016 0.0142702 0)
(0.00995153 0.0145151 0)
(0.00895055 0.0106313 0)
(0.00754148 0.00146692 0)
(0.0045886 -0.00592458 0)
(0.00113405 -0.0067977 0)
(0.0032901 -0.0063776 0)
(0.00538508 -0.00596293 0)
(0.00746226 -0.00543005 0)
(0.00931268 -0.00480359 0)
(0.0109169 -0.0042439 0)
(0.0123226 -0.00381147 0)
(0.0135588 -0.00345528 0)
(0.0146255 -0.0030741 0)
(0.0154383 -0.00255696 0)
(0.0158741 -0.00201232 0)
(0.0158945 -0.00162995 0)
(0.0155177 -0.00146468 0)
(0.0147344 -0.00135029 0)
(0.0134826 -0.000944669 0)
(0.0117335 0.000307152 0)
(0.00994838 0.003544 0)
(0.00979913 0.00997195 0)
(0.0107861 0.0142709 0)
(0.0112982 0.0146967 0)
(0.0118907 0.0106684 0)
(0.0111143 0.00293654 0)
(0.00659165 -0.00289546 0)
(0.00115358 -0.00789863 0)
(0.00337397 -0.00742677 0)
(0.00556876 -0.007 0)
(0.00774747 -0.00639523 0)
(0.00968321 -0.00565147 0)
(0.0113519 -0.00498158 0)
(0.0128031 -0.00445603 0)
(0.0140602 -0.00401102 0)
(0.0151217 -0.0035274 0)
(0.015897 -0.00284499 0)
(0.0162484 -0.0020919 0)
(0.0161308 -0.00149809 0)
(0.0155655 -0.00112873 0)
(0.0145508 -0.000798624 0)
(0.0130403 -0.000172982 0)
(0.0110542 0.00122309 0)
(0.00903329 0.00418781 0)
(0.00877896 0.00954699 0)
(0.0104511 0.0136217 0)
(0.0124069 0.0141066 0)
(0.013902 0.0104211 0)
(0.0129974 0.00477806 0)
(0.00794223 0.00264318 0)
(-0.0159322 0.00375911 0)
(-0.0126745 -0.00226809 0)
(-0.00471051 -0.00251005 0)
(0.000851131 -0.00160399 0)
(0.00459455 -0.0010682 0)
(0.00682748 -0.000427479 0)
(0.00831389 -0.000533512 0)
(0.0108483 -0.00101826 0)
(0.0152701 -0.00162756 0)
(0.0206439 -0.000859793 0)
(0.0196723 0.00192536 0)
(0.00868728 0.0028573 0)
(-0.00154165 0.00464114 0)
(-0.0256997 0.00430582 0)
(-0.0300476 -0.00223777 0)
(-0.014697 -0.00442293 0)
(-0.00464263 -0.00234083 0)
(0.00166297 -0.00133388 0)
(0.00717595 0.00163443 0)
(-0.00859056 0.00858524 0)
(-0.00477495 -0.00333298 0)
(-0.00217904 -0.00378987 0)
(0.000270421 -0.00262341 0)
(0.00196593 -0.00176151 0)
(0.00332019 -0.00106269 0)
(0.00467603 -0.00128491 0)
(0.00672968 -0.00225286 0)
(0.00994027 -0.0031244 0)
(0.0133339 -0.0013681 0)
(0.0130576 0.00399002 0)
(0.00484716 0.00657894 0)
(-0.00305706 0.00998199 0)
(-0.0196546 0.00935924 0)
(-0.0223405 -0.00290749 0)
(-0.0143644 -0.00777336 0)
(-0.00839706 -0.00471612 0)
(-0.0041646 -0.00426611 0)
(0.00562533 0.00244032 0)
(0.000427356 0.00957986 0)
(-0.000230264 -0.0037602 0)
(-0.000744511 -0.0041869 0)
(-0.000330698 -0.00305119 0)
(0.000166974 -0.00211951 0)
(0.000755846 -0.00150196 0)
(0.00151536 -0.00185236 0)
(0.00283061 -0.00318806 0)
(0.00499195 -0.00426737 0)
(0.00735761 -0.00180063 0)
(0.0065335 0.00556715 0)
(3.36942e-05 0.00950609 0)
(-0.00543063 0.0136805 0)
(-0.0151899 0.0125709 0)
(-0.0177438 -0.0034286 0)
(-0.0126753 -0.0100463 0)
(-0.00981462 -0.00617724 0)
(-0.00816247 -0.00697107 0)
(0.00125238 0.00200289 0)
(0.00444822 0.00837929 0)
(0.00183685 -0.00294164 0)
(-0.000349979 -0.00381885 0)
(-0.00124019 -0.00298665 0)
(-0.00160903 -0.00216231 0)
(-0.00169617 -0.00164339 0)
(-0.00160195 -0.00212291 0)
(-0.0011111 -0.00374375 0)
(6.54364e-05 -0.00506891 0)
(0.00186053 -0.00203654 0)
(0.00101437 0.00705218 0)
(-0.0040782 0.0117457 0)
(-0.00764662 0.0158873 0)
(-0.0131598 0.0147378 0)
(-0.0141426 -0.00390019 0)
(-0.0103631 -0.0114376 0)
(-0.0100049 -0.00644251 0)
(-0.0111764 -0.00872562 0)
(-0.00389343 -0.000420209 0)
(0.00424226 0.00678285 0)
(0.00191931 -0.00183538 0)
(-0.000856506 -0.0030052 0)
(-0.00253203 -0.00255617 0)
(-0.00354609 -0.00192476 0)
(-0.00423456 -0.00150997 0)
(-0.00480026 -0.00208699 0)
(-0.00514301 -0.00391214 0)
(-0.00502126 -0.00552509 0)
(-0.00374657 -0.00232107 0)
(-0.00409315 0.0082908 0)
(-0.00768417 0.0133333 0)
(-0.0101614 0.0171136 0)
(-0.0120495 0.0156575 0)
(-0.0102346 -0.00472959 0)
(-0.00766423 -0.0121087 0)
(-0.00920266 -0.00556026 0)
(-0.0125586 -0.00956345 0)
(-0.00783751 -0.00447988 0)
(0.00295418 0.00560208 0)
(0.00096778 -0.000776473 0)
(-0.00199498 -0.00197532 0)
(-0.00416646 -0.00187369 0)
(-0.00567213 -0.00145419 0)
(-0.00686999 -0.0011183 0)
(-0.00803842 -0.00173961 0)
(-0.0091835 -0.00367471 0)
(-0.0101822 -0.00555284 0)
(-0.00984509 -0.00266307 0)
(-0.00927207 0.00900656 0)
(-0.0107134 0.0142818 0)
(-0.0122523 0.0176059 0)
(-0.0102413 0.0148393 0)
(-0.00574888 -0.00571667 0)
(-0.00503595 -0.0121353 0)
(-0.00745529 -0.00401235 0)
(-0.0115157 -0.00957443 0)
(-0.00934574 -0.00922551 0)
(0.00262109 0.0054168 0)
(-0.000328342 0.000380754 0)
(-0.00350531 -0.000812933 0)
(-0.00605289 -0.00101494 0)
(-0.00795597 -0.000802727 0)
(-0.00956237 -0.000507996 0)
(-0.0112223 -0.00110736 0)
(-0.0130714 -0.00304 0)
(-0.015136 -0.00509007 0)
(-0.0161117 -0.00285563 0)
(-0.0146415 0.00877949 0)
(-0.0133343 0.0144798 0)
(-0.0130049 0.0171995 0)
(-0.00723225 0.012388 0)
(-0.00146875 -0.00649873 0)
(-0.00302382 -0.0116022 0)
(-0.00516953 -0.00257351 0)
(-0.00830379 -0.00892411 0)
(-0.00837437 -0.0134645 0)
(0.00263031 0.00432625 0)
(-0.00188767 0.00181297 0)
(-0.0052213 0.000493277 0)
(-0.00808894 2.77004e-06 0)
(-0.0103479 6.14799e-06 0)
(-0.0122698 0.000274964 0)
(-0.0142476 -0.000252065 0)
(-0.0165764 -0.00205769 0)
(-0.0194212 -0.00415614 0)
(-0.0215477 -0.00270822 0)
(-0.0196053 0.00748529 0)
(-0.0156206 0.0135563 0)
(-0.0124007 0.0155612 0)
(-0.00434735 0.00914072 0)
(0.00111363 -0.00693998 0)
(-0.0017358 -0.0107596 0)
(-0.00292117 -0.00179215 0)
(-0.00419384 -0.00812161 0)
(-0.00510829 -0.0167479 0)
(0.00122125 -0.00940446 0)
(0.00355885 -0.00919512 0)
(0.00591618 -0.00878107 0)
(0.0082579 -0.00805393 0)
(0.0103371 -0.00710843 0)
(0.0121248 -0.00624728 0)
(0.0136596 -0.00554504 0)
(0.0149429 -0.00492128 0)
(0.0159668 -0.00425222 0)
(0.0166531 -0.00326264 0)
(0.0168744 -0.00212599 0)
(0.0165832 -0.0011461 0)
(0.0157973 -0.000408158 0)
(0.0145269 0.0002952 0)
(0.0127857 0.00126928 0)
(0.0106973 0.00282191 0)
(0.00879185 0.00527553 0)
(0.00849422 0.008868 0)
(0.0103614 0.0118426 0)
(0.0130978 0.0123103 0)
(0.0148508 0.0100781 0)
(0.0138794 0.00745148 0)
(0.010801 0.0072412 0)
(0.000969954 -0.0118804 0)
(0.00374699 -0.0112426 0)
(0.00637465 -0.010755 0)
(0.00885845 -0.00988574 0)
(0.0111273 -0.00871424 0)
(0.013163 -0.00762871 0)
(0.0148817 -0.00665813 0)
(0.0161791 -0.00571436 0)
(0.0169793 -0.00472909 0)
(0.01734 -0.00340861 0)
(0.0173657 -0.001921 0)
(0.0170401 -0.000553268 0)
(0.016243 0.000602657 0)
(0.0149129 0.00168986 0)
(0.0131649 0.00289966 0)
(0.0112965 0.00431537 0)
(0.00983719 0.00593194 0)
(0.00960705 0.00770809 0)
(0.0108862 0.00915179 0)
(0.0127388 0.00960237 0)
(0.0136229 0.00910435 0)
(0.0124939 0.0085037 0)
(0.00995817 0.00815949 0)
(0.0022288 -0.0120385 0)
(0.00506002 -0.0129174 0)
(0.00689842 -0.0127101 0)
(0.00845171 -0.0116715 0)
(0.0108135 -0.0102043 0)
(0.0135684 -0.00894192 0)
(0.0158131 -0.00777069 0)
(0.0173582 -0.00646461 0)
(0.0181058 -0.00506485 0)
(0.0182325 -0.00348409 0)
(0.0182125 -0.0018033 0)
(0.0180879 -0.000147662 0)
(0.0175038 0.00143624 0)
(0.016272 0.00292612 0)
(0.0145694 0.00432131 0)
(0.0128222 0.00560318 0)
(0.011594 0.00672293 0)
(0.0114372 0.00765192 0)
(0.0122567 0.00845031 0)
(0.0133157 0.00914047 0)
(0.0135538 0.00981482 0)
(0.0121655 0.0106279 0)
(0.00953862 0.0113282 0)
(0.00721554 -0.0202866 0)
(0.00690451 -0.0150868 0)
(0.00545555 -0.0138994 0)
(0.00228932 -0.0126505 0)
(0.00478647 -0.0119402 0)
(0.00996015 -0.0104634 0)
(0.0126511 -0.00876869 0)
(0.0142684 -0.0072174 0)
(0.0155 -0.00526974 0)
(0.0158561 -0.0035139 0)
(0.0159478 -0.0017939 0)
(0.0159662 2.32164e-05 0)
(0.0156056 0.002027 0)
(0.0150414 0.00379683 0)
(0.0142663 0.00535367 0)
(0.0131529 0.00649561 0)
(0.0127542 0.00711011 0)
(0.013757 0.00757504 0)
(0.0132677 0.00865656 0)
(0.0117086 0.00915588 0)
(0.0115243 0.0104111 0)
(0.0112341 0.0118289 0)
(0.0104797 0.0127757 0)
(-0.00951359 -0.0224583 0)
(-0.00277026 -0.0243578 0)
(-0.0218603 -0.00308335 0)
(-0.0393976 -0.0129746 0)
(-0.0332775 -0.0279181 0)
(-0.0275768 -0.0235001 0)
(-0.0223547 -0.0164555 0)
(-0.0172978 -0.0135066 0)
(-0.0115566 -0.00860823 0)
(-0.00660029 -0.00481132 0)
(-0.0026299 -0.00251361 0)
(0.00142648 5.62493e-05 0)
(0.00521049 0.00333545 0)
(0.00804613 0.00569244 0)
(0.00986096 0.00907563 0)
(0.0103631 0.0103367 0)
(0.00963341 0.00814058 0)
(0.00862009 0.00545471 0)
(0.00571808 0.0138427 0)
(-0.00315935 0.0113003 0)
(-0.00825267 0.0118866 0)
(-0.0082625 0.014883 0)
(-0.00878992 0.0219868 0)
(-0.000171476 -0.0107554 0)
(-0.00672346 -0.010582 0)
(-0.00689445 0.0213825 0)
(0.00438591 -0.00400103 0)
(0.00178226 -0.0206366 0)
(-0.0176522 -0.0165825 0)
(-0.0224535 -0.0151455 0)
(-0.0225631 -0.0159408 0)
(-0.0214207 -0.0140027 0)
(-0.0179492 -0.00990885 0)
(-0.0145108 -0.00784358 0)
(-0.0115229 -0.00646795 0)
(-0.00954527 -0.00302522 0)
(-0.0106511 9.49014e-05 0)
(-0.0138842 0.00515243 0)
(-0.015832 0.00834603 0)
(-0.0177954 0.0101639 0)
(-0.0225897 0.00878062 0)
(-0.0229791 0.0172598 0)
(-0.0211843 0.0198295 0)
(-0.0235766 0.013735 0)
(-0.028726 0.013822 0)
(-0.0352279 0.0178752 0)
(-0.00269617 -0.00885327 0)
(-0.015797 -0.0102299 0)
(-0.0112738 1.29804e-05 0)
(-0.00241748 -0.0180813 0)
(-0.00715535 -0.00806014 0)
(-0.0134568 -0.00527769 0)
(-0.0180287 -0.0122334 0)
(-0.0222644 -0.0142604 0)
(-0.0254704 -0.0151097 0)
(-0.0273736 -0.0126052 0)
(-0.028402 -0.00995148 0)
(-0.0300894 -0.00693563 0)
(-0.0328906 -2.5706e-05 0)
(-0.0362568 0.0066015 0)
(-0.0383104 0.00943589 0)
(-0.0362122 0.00791496 0)
(-0.0315868 0.0103633 0)
(-0.0298876 0.0127852 0)
(-0.0300553 0.0141524 0)
(-0.0268056 0.0178681 0)
(-0.0254673 0.0166906 0)
(-0.029665 0.0212958 0)
(-0.0311166 0.0185163 0)
(-0.00152592 0.00130975 0)
(-0.0066879 -0.000366315 0)
(-0.00591896 -0.00345755 0)
(-0.00754187 -0.012277 0)
(-0.0131619 -0.00522123 0)
(-0.0151228 -0.00351218 0)
(-0.0178433 -0.00703419 0)
(-0.0219821 -0.00918694 0)
(-0.0263422 -0.0099001 0)
(-0.0302186 -0.00877722 0)
(-0.0334033 -0.00649873 0)
(-0.0365245 -0.00258558 0)
(-0.0394152 0.00342281 0)
(-0.0411529 0.00851651 0)
(-0.0406311 0.00831574 0)
(-0.0382454 0.00373582 0)
(-0.0356264 0.00550923 0)
(-0.033252 0.0107939 0)
(-0.030251 0.012002 0)
(-0.0266632 0.0133218 0)
(-0.0251649 0.0174748 0)
(-0.0238359 0.0219227 0)
(-0.0199106 0.0152665 0)
(5.52415e-05 0.000117954 0)
(-0.00153685 -0.000728835 0)
(-0.00252607 -0.00202609 0)
(-0.00658833 -0.00566025 0)
(-0.0114878 -0.00264458 0)
(-0.0137911 -0.00163836 0)
(-0.0165273 -0.00350684 0)
(-0.0203458 -0.00494057 0)
(-0.0245189 -0.00539318 0)
(-0.0284964 -0.0048125 0)
(-0.0319637 -0.00311428 0)
(-0.0348692 0.000309519 0)
(-0.0366679 0.00493123 0)
(-0.0366474 0.00811953 0)
(-0.0353888 0.00648638 0)
(-0.0348108 0.00254665 0)
(-0.0347732 0.00405616 0)
(-0.0330487 0.00774417 0)
(-0.0300401 0.00850733 0)
(-0.0276507 0.0107743 0)
(-0.0255052 0.0155773 0)
(-0.0219062 0.0173892 0)
(-0.0179734 0.0123364 0)
(0.000240186 0.00140612 0)
(-0.000668922 0.00156875 0)
(-0.00222338 0.000569712 0)
(-0.0056252 -0.000885795 0)
(-0.00935667 0.000405112 0)
(-0.0118352 0.000851417 0)
(-0.014542 -0.000228561 0)
(-0.017885 -0.00118165 0)
(-0.0214032 -0.00155124 0)
(-0.0247832 -0.00128812 0)
(-0.0278193 -0.000141683 0)
(-0.0302357 0.0024082 0)
(-0.0314219 0.00547052 0)
(-0.0310772 0.00712024 0)
(-0.0303242 0.00567371 0)
(-0.0306819 0.00332313 0)
(-0.0312458 0.0038882 0)
(-0.0303143 0.00548924 0)
(-0.0286773 0.00629149 0)
(-0.0270974 0.00899415 0)
(-0.0247371 0.0124477 0)
(-0.0213493 0.0132888 0)
(-0.018427 0.0101925 0)
(-0.000105705 0.00135755 0)
(-0.000958293 0.00258671 0)
(-0.00255822 0.00269146 0)
(-0.00515368 0.00245433 0)
(-0.00794203 0.00312712 0)
(-0.0102258 0.00330758 0)
(-0.0126252 0.0026558 0)
(-0.015324 0.00192675 0)
(-0.0180812 0.0015246 0)
(-0.0207712 0.00160491 0)
(-0.0232938 0.00237293 0)
(-0.0253099 0.00409903 0)
(-0.0263169 0.00588396 0)
(-0.0263035 0.00660756 0)
(-0.0261413 0.00564947 0)
(-0.0266653 0.00424023 0)
(-0.0272701 0.00397623 0)
(-0.0269413 0.00433079 0)
(-0.0260113 0.00514091 0)
(-0.0247922 0.00732274 0)
(-0.0228869 0.00978383 0)
(-0.0204104 0.0104421 0)
(-0.0183534 0.00869759 0)
(-0.000480918 0.00211833 0)
(-0.00150383 0.0039045 0)
(-0.0030274 0.00457554 0)
(-0.00501283 0.00488544 0)
(-0.00710938 0.00534113 0)
(-0.00902569 0.00542256 0)
(-0.0109986 0.0049804 0)
(-0.0130847 0.0043234 0)
(-0.0151996 0.0039043 0)
(-0.0173334 0.00392758 0)
(-0.0194002 0.00448158 0)
(-0.0210469 0.00551949 0)
(-0.0219423 0.00642265 0)
(-0.0222034 0.00663436 0)
(-0.0223705 0.00593928 0)
(-0.0228795 0.00492452 0)
(-0.0234174 0.00424122 0)
(-0.0234503 0.00385437 0)
(-0.0230192 0.00438157 0)
(-0.0221668 0.00598327 0)
(-0.020759 0.00789385 0)
(-0.0189881 0.00848647 0)
(-0.0174326 0.00747875 0)
(-0.00073637 0.0032726 0)
(-0.00188357 0.00526686 0)
(-0.00332517 0.00619753 0)
(-0.00492288 0.00672444 0)
(-0.00654971 0.00709909 0)
(-0.00809532 0.00714631 0)
(-0.00966177 0.00679292 0)
(-0.0112887 0.00616021 0)
(-0.0129759 0.00578467 0)
(-0.0147081 0.00580577 0)
(-0.0163403 0.00617156 0)
(-0.0176135 0.00666984 0)
(-0.0183799 0.00700785 0)
(-0.0187503 0.00691107 0)
(-0.0190227 0.00629871 0)
(-0.0194205 0.0054397 0)
(-0.0198484 0.00457765 0)
(-0.0201215 0.00384112 0)
(-0.0201108 0.00398502 0)
(-0.0196695 0.00508103 0)
(-0.0186987 0.00653365 0)
(-0.0173422 0.00699626 0)
(-0.016002 0.00629993 0)
(-0.000863407 0.00463405 0)
(-0.00205444 0.00663306 0)
(-0.00341814 0.00763517 0)
(-0.00477856 0.0081981 0)
(-0.00610123 0.0085092 0)
(-0.00735126 0.00852481 0)
(-0.00859797 0.00821313 0)
(-0.00992989 0.00765378 0)
(-0.0113431 0.00732751 0)
(-0.0127412 0.0073092 0)
(-0.0139815 0.00744509 0)
(-0.0149327 0.00756831 0)
(-0.015556 0.00754607 0)
(-0.015923 0.00723872 0)
(-0.0161909 0.00661524 0)
(-0.0164792 0.00580301 0)
(-0.0168071 0.0049229 0)
(-0.0171627 0.00411992 0)
(-0.0174114 0.00394369 0)
(-0.0173114 0.00458996 0)
(-0.0166722 0.00551777 0)
(-0.0155887 0.00574622 0)
(-0.0143998 0.00512822 0)
(-0.000886179 0.00606083 0)
(-0.00207489 0.00797402 0)
(-0.00337986 0.00894727 0)
(-0.00459304 0.00945303 0)
(-0.00572657 0.00968351 0)
(-0.00677993 0.00965307 0)
(-0.00781731 0.00936705 0)
(-0.00892955 0.00891781 0)
(-0.0100999 0.00860014 0)
(-0.0111984 0.00847158 0)
(-0.0121265 0.00838782 0)
(-0.0128392 0.00825673 0)
(-0.0133317 0.00799763 0)
(-0.0136521 0.00753981 0)
(-0.0138899 0.00687425 0)
(-0.0141197 0.00607206 0)
(-0.0143778 0.00522855 0)
(-0.0146964 0.00447193 0)
(-0.0150067 0.00412582 0)
(-0.0150514 0.00435441 0)
(-0.0146094 0.00474939 0)
(-0.0137672 0.00470862 0)
(-0.0127823 0.00406894 0)
(-0.000857188 0.00746444 0)
(-0.00203353 0.00928841 0)
(-0.0032887 0.0101704 0)
(-0.00440069 0.0105736 0)
(-0.00541309 0.0107086 0)
(-0.006341 0.0106213 0)
(-0.00723836 0.0103432 0)
(-0.00815996 0.00995916 0)
(-0.00908765 0.00961606 0)
(-0.00993477 0.00935354 0)
(-0.0106376 0.00909603 0)
(-0.0111768 0.00878251 0)
(-0.0115601 0.00836113 0)
(-0.0118238 0.00779622 0)
(-0.0120247 0.00709037 0)
(-0.0122148 0.00629275 0)
(-0.0124279 0.00548102 0)
(-0.012681 0.0047662 0)
(-0.0129104 0.00432212 0)
(-0.0129386 0.00420666 0)
(-0.0126183 0.00418135 0)
(-0.011992 0.00390139 0)
(-0.0112247 0.00320584 0)
(-0.000834168 0.00883295 0)
(-0.00199209 0.0105704 0)
(-0.00318609 0.0113188 0)
(-0.00421547 0.011599 0)
(-0.00513702 0.011631 0)
(-0.00596862 0.0114769 0)
(-0.00674879 0.0111775 0)
(-0.00750897 0.0107937 0)
(-0.00823764 0.0104019 0)
(-0.00888632 0.0100261 0)
(-0.00941821 0.00963254 0)
(-0.00982463 0.00918268 0)
(-0.0101166 0.00864518 0)
(-0.0103222 0.0080032 0)
(-0.0104803 0.00726535 0)
(-0.0106269 0.00646965 0)
(-0.0107851 0.00567653 0)
(-0.0109563 0.00496631 0)
(-0.0110889 0.00442917 0)
(-0.0110716 0.00407473 0)
(-0.0108168 0.00376363 0)
(-0.0103466 0.00329514 0)
(-0.00976453 0.00254418 0)
(-0.000849763 0.0101809 0)
(-0.00195611 0.0118032 0)
(-0.00308216 0.012394 0)
(-0.00403482 0.012543 0)
(-0.00487589 0.0124674 0)
(-0.00562073 0.012235 0)
(-0.00629659 0.011886 0)
(-0.00692319 0.011463 0)
(-0.00749602 0.0110087 0)
(-0.00799119 0.0105382 0)
(-0.00839033 0.0100366 0)
(-0.00869135 0.00948248 0)
(-0.00890549 0.00885859 0)
(-0.00905453 0.00815881 0)
(-0.00916571 0.00739412 0)
(-0.00926327 0.0065944 0)
(-0.00936062 0.00580415 0)
(-0.0094525 0.00507619 0)
(-0.00950097 0.00445647 0)
(-0.00943961 0.00393898 0)
(-0.00921956 0.00343925 0)
(-0.00885473 0.00283749 0)
(-0.00841217 0.00204682 0)
(-0.000892417 0.0115188 0)
(-0.0019152 0.0129699 0)
(-0.0029699 0.0133956 0)
(-0.00385044 0.0134104 0)
(-0.004615 0.013223 0)
(-0.00527748 0.0129022 0)
(-0.00585904 0.0124849 0)
(-0.00637446 0.0120018 0)
(-0.00682473 0.0114785 0)
(-0.00720064 0.0109252 0)
(-0.00749537 0.0103359 0)
(-0.00771107 0.00969983 0)
(-0.00785836 0.00900904 0)
(-0.00795407 0.00826333 0)
(-0.0080175 0.0074739 0)
(-0.00806474 0.00666388 0)
(-0.00810312 0.00586482 0)
(-0.00812598 0.00511018 0)
(-0.00810769 0.00442309 0)
(-0.00800991 0.00379411 0)
(-0.00780709 0.00317097 0)
(-0.00751023 0.00248128 0)
(-0.00716428 0.00166809 0)
(-0.000906876 0.0128541 0)
(-0.00187253 0.0140594 0)
(-0.00284557 0.0143261 0)
(-0.00365738 0.0142036 0)
(-0.00434686 0.0139002 0)
(-0.00492987 0.0134838 0)
(-0.00542539 0.0129877 0)
(-0.00584672 0.0124345 0)
(-0.00619874 0.0118407 0)
(-0.00648057 0.0112132 0)
(-0.00669212 0.0105504 0)
(-0.00683808 0.00984789 0)
(-0.0069281 0.00910305 0)
(-0.00697528 0.00831874 0)
(-0.00699339 0.00750529 0)
(-0.00699325 0.00668031 0)
(-0.00697896 0.00586581 0)
(-0.00694502 0.00508281 0)
(-0.00687525 0.00434306 0)
(-0.00674838 0.00363792 0)
(-0.00655225 0.0029349 0)
(-0.00629654 0.00219012 0)
(-0.0060124 0.00136776 0)
(-0.000895791 0.0141688 0)
(-0.00181594 0.0150772 0)
(-0.00271805 0.0151865 0)
(-0.00345554 0.0149218 0)
(-0.00406795 0.0144994 0)
(-0.00457314 0.0139844 0)
(-0.00498945 0.0134053 0)
(-0.00532984 0.0127789 0)
(-0.00560146 0.012116 0)
(-0.00580786 0.0114215 0)
(-0.00595256 0.0106957 0)
(-0.00604142 0.00993745 0)
(-0.00608299 0.00914714 0)
(-0.00608751 0.00832896 0)
(-0.00606506 0.00749188 0)
(-0.0060231 0.00664925 0)
(-0.00596428 0.00581641 0)
(-0.00588499 0.00500682 0)
(-0.00577575 0.00422671 0)
(-0.00562542 0.00346957 0)
(-0.00542929 0.00271533 0)
(-0.00519595 0.00193755 0)
(-0.00494753 0.00111455 0)
(-0.000864643 0.0154398 0)
(-0.00175138 0.0160446 0)
(-0.00258628 0.0159706 0)
(-0.00324091 0.0155601 0)
(-0.00377329 0.01502 0)
(-0.00420246 0.0144079 0)
(-0.00454598 0.0137469 0)
(-0.00481624 0.0130489 0)
(-0.00502132 0.0123207 0)
(-0.00516678 0.0115657 0)
(-0.00525769 0.0107848 0)
(-0.00530018 0.00997852 0)
(-0.00530163 0.00914875 0)
(-0.00527011 0.00829995 0)
(-0.00521314 0.00743972 0)
(-0.00513615 0.00657822 0)
(-0.00504123 0.00572637 0)
(-0.00492651 0.00489311 0)
(-0.004787 0.00408214 0)
(-0.00461747 0.00328918 0)
(-0.00441713 0.00250205 0)
(-0.00419346 0.00170507 0)
(-0.00396237 0.000885694 0)
(-0.000817678 0.016661 0)
(-0.00167916 0.0169658 0)
(-0.00243336 0.0166705 0)
(-0.00300119 0.0161146 0)
(-0.00345433 0.0154626 0)
(-0.00381159 0.0147593 0)
(-0.00408949 0.0140212 0)
(-0.00429954 0.0132561 0)
(-0.00444979 0.0124678 0)
(-0.0045463 0.0116585 0)
(-0.00459452 0.010829 0)
(-0.00460018 0.00998069 0)
(-0.00456952 0.00911586 0)
(-0.00450892 0.00823888 0)
(-0.00442411 0.00735612 0)
(-0.00431924 0.00647545 0)
(-0.00419623 0.0056049 0)
(-0.00405455 0.0047508 0)
(-0.00389202 0.00391577 0)
(-0.00370678 0.00309739 0)
(-0.00349998 0.00228854 0)
(-0.00327793 0.00148018 0)
(-0.00305214 0.000665479 0)
(-0.000775114 0.0178248 0)
(-0.00158468 0.0178178 0)
(-0.00223565 0.0172828 0)
(-0.00272217 0.0165871 0)
(-0.00310206 0.0158318 0)
(-0.00339443 0.0150452 0)
(-0.00361508 0.014237 0)
(-0.00377464 0.013411 0)
(-0.0038806 0.0125686 0)
(-0.00393874 0.0117109 0)
(-0.00395413 0.0108385 0)
(-0.00393179 0.00995282 0)
(-0.00387682 0.00905634 0)
(-0.00379424 0.00815308 0)
(-0.00368848 0.00724844 0)
(-0.00356286 0.00634869 0)
(-0.00341919 0.00546002 0)
(-0.00325785 0.00458726 0)
(-0.00307837 0.00373265 0)
(-0.00288072 0.00289517 0)
(-0.00266687 0.00207093 0)
(-0.002442 0.00125495 0)
(-0.00221445 0.000443907 0)
(-0.000703194 0.018907 0)
(-0.00142979 0.0185699 0)
(-0.00198247 0.0178126 0)
(-0.00239737 0.0169856 0)
(-0.00271224 0.0161357 0)
(-0.00294783 0.0152741 0)
(-0.00311991 0.0144034 0)
(-0.00323835 0.0135233 0)
(-0.00330977 0.0126331 0)
(-0.00333916 0.0117326 0)
(-0.00333081 0.0108221 0)
(-0.00328877 0.00990297 0)
(-0.00321709 0.00897755 0)
(-0.00311962 0.00804953 0)
(-0.0029998 0.00712357 0)
(-0.0028603 0.00620491 0)
(-0.00270287 0.00529858 0)
(-0.00252841 0.00440857 0)
(-0.00233742 0.00353705 0)
(-0.00213078 0.002684 0)
(-0.00191071 0.00184756 0)
(-0.00168138 0.00102521 0)
(-0.00144886 0.000215678 0)
(-0.000599056 0.0198601 0)
(-0.00122414 0.0192129 0)
(-0.00169042 0.0182651 0)
(-0.00203449 0.0173174 0)
(-0.00228806 0.0163817 0)
(-0.0024729 0.015454 0)
(-0.00260398 0.0145289 0)
(-0.00268982 0.013602 0)
(-0.00273561 0.0126703 0)
(-0.00274511 0.0117323 0)
(-0.00272144 0.0107881 0)
(-0.00266761 0.00983869 0)
(-0.00258656 0.00888649 0)
(-0.00248117 0.00793488 0)
(-0.00235402 0.00698803 0)
(-0.00220727 0.00605052 0)
(-0.00204254 0.00512672 0)
(-0.00186097 0.00422018 0)
(-0.00166357 0.00333312 0)
(-0.00145167 0.0024662 0)
(-0.0012274 0.00161882 0)
(-0.000994109 0.000789902 0)
(-0.000756205 -2.07171e-05 0)
(-0.000493207 0.0206584 0)
(-0.00100717 0.0197476 0)
(-0.0013791 0.0186364 0)
(-0.00164495 0.0175819 0)
(-0.00183574 0.0165728 0)
(-0.00197308 0.0155906 0)
(-0.00206933 0.0146211 0)
(-0.00213018 0.0136554 0)
(-0.00215853 0.0126886 0)
(-0.0021563 0.0117183 0)
(-0.00212521 0.0107441 0)
(-0.00206705 0.0097673 0)
(-0.0019837 0.00879007 0)
(-0.0018771 0.00781572 0)
(-0.00174913 0.00684821 0)
(-0.00160145 0.00589175 0)
(-0.00143548 0.00495037 0)
(-0.00125248 0.00402745 0)
(-0.00105366 0.00312529 0)
(-0.000840504 0.00224504 0)
(-0.000615005 0.00138682 0)
(-0.000379832 0.000550356 0)
(-0.000138217 -0.000264015 0)
(-0.000399044 0.0213037 0)
(-0.000794561 0.0201684 0)
(-0.00105956 0.0189151 0)
(-0.00123612 0.0177722 0)
(-0.00135981 0.0167085 0)
(-0.00145176 0.0156878 0)
(-0.00151891 0.0146864 0)
(-0.00156202 0.0136912 0)
(-0.0015806 0.0126961 0)
(-0.00157429 0.0116984 0)
(-0.00154315 0.0106979 0)
(-0.00148769 0.00969597 0)
(-0.00140875 0.00869511 0)
(-0.00130739 0.00769864 0)
(-0.00118479 0.00671048 0)
(-0.00104218 0.00573476 0)
(-0.000880743 0.00477541 0)
(-0.000701696 0.00383578 0)
(-0.000506351 0.00291835 0)
(-0.000296229 0.00202454 0)
(-7.31605e-05 0.00115491 0)
(0.000160675 0.000309537 0)
(0.000402867 -0.000511138 0)
(-0.000318071 0.0218062 0)
(-0.000591327 0.0204665 0)
(-0.00073546 0.019086 0)
(-0.000809526 0.0178781 0)
(-0.000861568 0.0167873 0)
(-0.000911436 0.0157501 0)
(-0.000956161 0.0147316 0)
(-0.000989028 0.013717 0)
(-0.00100529 0.0127004 0)
(-0.00100209 0.01168 0)
(-0.000977793 0.0106565 0)
(-0.000931631 0.0096316 0)
(-0.000863413 0.00860824 0)
(-0.000773368 0.00759002 0)
(-0.000662028 0.00658104 0)
(-0.000530151 0.00558553 0)
(-0.000378681 0.00460754 0)
(-0.00020875 0.00365054 0)
(-2.16902e-05 0.00271719 0)
(0.000180961 0.00180914 0)
(0.000397478 0.000927146 0)
(0.000626002 7.1359e-05 0)
(0.000864683 -0.00075794 0)
(-0.000248633 0.0221751 0)
(-0.00039557 0.0206327 0)
(-0.000403234 0.0191309 0)
(-0.00036069 0.0178881 0)
(-0.00033959 0.0168105 0)
(-0.000354599 0.0157841 0)
(-0.000385597 0.0147647 0)
(-0.000416121 0.0137404 0)
(-0.000437233 0.0127088 0)
(-0.000443825 0.0116703 0)
(-0.000432739 0.0106267 0)
(-0.000401994 0.00958062 0)
(-0.000350402 0.00853567 0)
(-0.000277375 0.00749588 0)
(-0.000182806 0.0064657 0)
(-6.6996e-05 0.00544967 0)
(6.93791e-05 0.00445212 0)
(0.000225291 0.0034768 0)
(0.000399397 0.00252659 0)
(0.000590114 0.00160333 0)
(0.000795732 0.000707841 0)
(0.00101455 -0.000159828 0)
(0.00124507 -0.000999759 0)
(-0.000172127 0.0224252 0)
(-0.000181421 0.0206593 0)
(-4.26213e-05 0.0190352 0)
(0.000120875 0.0177962 0)
(0.000206003 0.0167849 0)
(0.000213142 0.0157999 0)
(0.000185967 0.0147941 0)
(0.000150431 0.0137689 0)
(0.000118122 0.0127281 0)
(9.57464e-05 0.0116754 0)
(8.78217e-05 0.0106144 0)
(9.7512e-05 0.00954887 0)
(0.000127001 0.00848306 0)
(0.000177697 0.0074217 0)
(0.000250352 0.00636975 0)
(0.000345121 0.00533228 0)
(0.000461606 0.00431404 0)
(0.000598886 0.00331921 0)
(0.000755592 0.002351 0)
(0.000930033 0.00141143 0)
(0.0011204 0.000501318 0)
(0.001325 -0.000379533 0)
(0.0015425 -0.00123172 0)
(-8.45142e-06 0.0224961 0)
(0.000166534 0.020539 0)
(0.000413553 0.0188201 0)
(0.000636973 0.0176304 0)
(0.000755083 0.0167226 0)
(0.000777723 0.0158066 0)
(0.000749427 0.0148264 0)
(0.000704122 0.0138079 0)
(0.000655516 0.0127637 0)
(0.000612023 0.0117009 0)
(0.000579728 0.0106251 0)
(0.00056311 0.00954161 0)
(0.000565407 0.00845553 0)
(0.000588855 0.00737241 0)
(0.000634839 0.00629798 0)
(0.000703972 0.00523795 0)
(0.000796134 0.00419772 0)
(0.000910514 0.00318202 0)
(0.00104568 0.00219453 0)
(0.00119977 0.00123752 0)
(0.00137076 0.000311766 0)
(0.00155679 -0.000583293 0)
(0.00175654 -0.00144892 0)
(0.00031032 0.0222359 0)
(0.000693867 0.0202716 0)
(0.000993587 0.018549 0)
(0.00120734 0.0174523 0)
(0.00131405 0.016647 0)
(0.00133585 0.0158101 0)
(0.00130252 0.0148654 0)
(0.00124261 0.0138621 0)
(0.00117198 0.0128205 0)
(0.00110158 0.0117518 0)
(0.00103944 0.0106639 0)
(0.000991423 0.00956374 0)
(0.000961767 0.00845775 0)
(0.000953458 0.00735253 0)
(0.000968445 0.0062547 0)
(0.00100776 0.00517084 0)
(0.00107156 0.00410714 0)
(0.00115915 0.00306909 0)
(0.00126902 0.00206097 0)
(0.00139908 0.00108539 0)
(0.00154695 0.00014313 0)
(0.00171044 -0.00076684 0)
(0.0018881 -0.00164665 0)
(0.000732361 0.0215075 0)
(0.00134356 0.0198455 0)
(0.0016818 0.0182736 0)
(0.00185896 0.0173103 0)
(0.00191845 0.0165961 0)
(0.00191006 0.015823 0)
(0.00185601 0.0149197 0)
(0.00176944 0.013939 0)
(0.00166711 0.0129056 0)
(0.00156216 0.0118343 0)
(0.00146407 0.0107362 0)
(0.00137963 0.00962005 0)
(0.00131366 0.00849409 0)
(0.00126962 0.00736613 0)
(0.00124981 0.00624385 0)
(0.00125561 0.00513475 0)
(0.00128743 0.00404598 0)
(0.00134472 0.00298395 0)
(0.00142594 0.00195372 0)
(0.00152873 0.000958458 0)
(0.00165028 -1.03066e-06 0)
(0.00178787 -0.000926289 0)
(0.00193969 -0.0018206 0)
(0.00117151 0.0202306 0)
(0.00207328 0.0192252 0)
(0.00246778 0.018007 0)
(0.00259324 0.0172273 0)
(0.00258703 0.0165972 0)
(0.0025239 0.0158706 0)
(0.00242076 0.0150093 0)
(0.00228708 0.0140533 0)
(0.00213939 0.0130294 0)
(0.0019908 0.0119562 0)
(0.00185058 0.0108476 0)
(0.00172525 0.00971504 0)
(0.00161944 0.00856842 0)
(0.00153651 0.0074168 0)
(0.00147885 0.00626886 0)
(0.00144801 0.00513308 0)
(0.00144467 0.00401759 0)
(0.0014685 0.00292984 0)
(0.00151805 0.0018759 0)
(0.0015908 0.000859688 0)
(0.00168345 -0.000117712 0)
(0.0017925 -0.00105837 0)
(0.00191552 -0.00196707 0)
(0.00162904 0.018396 0)
(0.00286936 0.0183748 0)
(0.00333944 0.0177341 0)
(0.0034186 0.0172101 0)
(0.00332811 0.0166695 0)
(0.00317544 0.0159881 0)
(0.00299037 0.0151615 0)
(0.00278782 0.0142237 0)
(0.00258158 0.0132041 0)
(0.00238164 0.0121249 0)
(0.00219485 0.0110031 0)
(0.00202592 0.00985226 0)
(0.00187832 0.00868361 0)
(0.00175471 0.00750722 0)
(0.00165717 0.00633254 0)
(0.00158731 0.00516881 0)
(0.00154607 0.00402506 0)
(0.00153352 0.00290981 0)
(0.00154857 0.00183033 0)
(0.00158883 0.000791604 0)
(0.00165063 -0.000204602 0)
(0.00172938 -0.00116058 0)
(0.00182149 -0.00208317 0)
(0.00233772 0.0158825 0)
(0.00383303 0.017311 0)
(0.00432946 0.0174653 0)
(0.00431833 0.0172766 0)
(0.0041014 0.0168486 0)
(0.00382369 0.0162099 0)
(0.00353451 0.0154009 0)
(0.00325038 0.0144654 0)
(0.00297927 0.0134382 0)
(0.00272553 0.0123451 0)
(0.00249173 0.0112051 0)
(0.00227962 0.0100331 0)
(0.00209072 0.00884081 0)
(0.0019265 0.00763881 0)
(0.00178848 0.0064368 0)
(0.00167816 0.00524439 0)
(0.00159682 0.00407127 0)
(0.00154513 0.0029269 0)
(0.0015228 0.00181981 0)
(0.00152816 0.000756412 0)
(0.00155767 -0.000260104 0)
(0.00160521 -0.00123135 0)
(0.0016652 -0.00216687 0)
(0.00340411 0.0123658 0)
(0.00501932 0.016078 0)
(0.00543634 0.0172892 0)
(0.00522322 0.0174884 0)
(0.00482537 0.0171754 0)
(0.00440478 0.0165571 0)
(0.00400865 0.0157379 0)
(0.00364554 0.0147821 0)
(0.00331434 0.0137318 0)
(0.00301211 0.012615 0)
(0.00273635 0.0114513 0)
(0.00248543 0.0102552 0)
(0.00225866 0.00903835 0)
(0.00205619 0.00781076 0)
(0.00187885 0.00658185 0)
(0.00172795 0.00536111 0)
(0.0016051 0.00415841 0)
(0.00151175 0.00298386 0)
(0.0014489 0.00184704 0)
(0.00141655 0.000755994 0)
(0.00141239 -0.000283501 0)
(0.00142841 -0.00127011 0)
(0.00145575 -0.00221692 0)
(0.00485385 0.00822499 0)
(0.0064537 0.0149216 0)
(0.00659236 0.0173808 0)
(0.00603105 0.017931 0)
(0.00541015 0.0176752 0)
(0.00485237 0.0170273 0)
(0.00436831 0.0161607 0)
(0.00394573 0.0151603 0)
(0.00357091 0.0140721 0)
(0.00323334 0.0129234 0)
(0.00292592 0.011732 0)
(0.00264425 0.0105107 0)
(0.00238592 0.00926982 0)
(0.00214996 0.00801817 0)
(0.00193657 0.00676434 0)
(0.00174684 0.0055172 0)
(0.00158254 0.00428631 0)
(0.00144584 0.00308182 0)
(0.00133919 0.00191373 0)
(0.0012653 0.000791339 0)
(0.00122518 -0.000275576 0)
(0.00120871 -0.00127802 0)
(0.00120321 -0.00223296 0)
(0.00637457 0.000905953 0)
(0.00804326 0.0136849 0)
(0.00761188 0.0179195 0)
(0.00658196 0.01867 0)
(0.00575542 0.0183405 0)
(0.00510859 0.0175891 0)
(0.00458176 0.0166369 0)
(0.00413469 0.0155733 0)
(0.00374161 0.0144389 0)
(0.00338689 0.0132553 0)
(0.00306123 0.012036 0)
(0.00275914 0.0107911 0)
(0.00247755 0.0095286 0)
(0.002215 0.00825608 0)
(0.00197128 0.00698093 0)
(0.00174715 0.00571108 0)
(0.0015442 0.00445538 0)
(0.00136463 0.00322334 0)
(0.0012117 0.00202417 0)
(0.00109121 0.000866577 0)
(0.00101002 -0.000235589 0)
(0.000955396 -0.00125589 0)
(0.000917448 -0.00221472 0)
(0.00475325 -0.00552187 0)
(0.0100672 0.0137048 0)
(0.00836697 0.0194394 0)
(0.00673286 0.0198179 0)
(0.00580424 0.0191638 0)
(0.00516208 0.0182218 0)
(0.0046543 0.0171588 0)
(0.0042217 0.016027 0)
(0.0038351 0.0148472 0)
(0.00347983 0.0136308 0)
(0.0031481 0.0123862 0)
(0.00283547 0.0111201 0)
(0.00253941 0.00983872 0)
(0.00225863 0.00854824 0)
(0.00199277 0.00725498 0)
(0.0017422 0.00596601 0)
(0.00150774 0.00468948 0)
(0.0012903 0.00343414 0)
(0.00109162 0.00220724 0)
(0.000919038 0.0010123 0)
(0.000786725 -0.000142757 0)
(0.000668387 -0.00118734 0)
(0.000603161 -0.00215812 0)
(-0.000944819 -0.0145945 0)
(0.00890955 0.0084511 0)
(0.00714374 0.0211256 0)
(0.00629798 0.0212856 0)
(0.00563617 0.0201254 0)
(0.00511192 0.0189462 0)
(0.00466037 0.0177683 0)
(0.00425524 0.0165708 0)
(0.00388113 0.0153471 0)
(0.00352993 0.0140982 0)
(0.00319715 0.0128275 0)
(0.00288004 0.0115392 0)
(0.00257685 0.010238 0)
(0.00228658 0.00892881 0)
(0.0020088 0.0076172 0)
(0.00174343 0.00630988 0)
(0.00149023 0.00501525 0)
(0.00124755 0.00374296 0)
(0.00101178 0.00250196 0)
(0.00078471 0.00129427 0)
(0.000595606 9.45632e-05 0)
(0.000307437 -0.00100547 0)
(0.000240031 -0.00204248 0)
(0.00760046 0.00350453 0)
(0.00515144 0.00242465 0)
(0.00315123 0.00228621 0)
(0.000688592 0.00222192 0)
(0.00701741 0.00720081 0)
(0.00466681 0.00673712 0)
(0.00214356 0.00658007 0)
(-0.000375978 0.00679183 0)
(0.00611493 0.0115779 0)
(0.00328208 0.0115652 0)
(0.000193382 0.0114464 0)
(-0.00269166 0.0112577 0)
(0.00754623 0.0144991 0)
(0.00398287 0.014741 0)
(0.000728534 0.0144721 0)
(-0.00204257 0.0139643 0)
(-0.0100697 0.035275 0)
(-0.0111696 0.0363852 0)
(-0.0116706 0.0333331 0)
(-0.0116021 0.0300091 0)
(-0.0310846 0.0185781 0)
(-0.0246514 0.0174808 0)
(-0.0191912 0.0163866 0)
(-0.0154682 0.0149128 0)
(-0.0261934 0.00718262 0)
(-0.0223008 0.00604344 0)
(-0.0187014 0.00940424 0)
(-0.0158878 0.00945857 0)
(-0.0188112 0.00323628 0)
(-0.0191594 0.00186098 0)
(-0.0183806 0.00479359 0)
(-0.0165668 0.00486109 0)
(-0.0177405 0.00595627 0)
(-0.0183114 0.00393694 0)
(-0.0184614 0.0032335 0)
(-0.0180123 0.0023463 0)
(-0.0180499 0.0065773 0)
(-0.0182463 0.00471845 0)
(-0.0184817 0.0033041 0)
(-0.0185688 0.00201238 0)
(-0.017869 0.00646408 0)
(-0.0178337 0.00504411 0)
(-0.0179296 0.0036803 0)
(-0.0180446 0.00228243 0)
(-0.016815 0.00597565 0)
(-0.0165713 0.00489086 0)
(-0.0164303 0.00370258 0)
(-0.0163484 0.00235603 0)
(-0.0152534 0.00514634 0)
(-0.0148495 0.00425267 0)
(-0.0145087 0.00321059 0)
(-0.0142297 0.0019892 0)
(-0.0136277 0.00413022 0)
(-0.0131778 0.00334374 0)
(-0.0127763 0.00241794 0)
(-0.0124339 0.00134739 0)
(-0.012102 0.00315819 0)
(-0.0117009 0.00245399 0)
(-0.0113446 0.00163943 0)
(-0.0110478 0.000721704 0)
(-0.010682 0.00235997 0)
(-0.0103639 0.00172983 0)
(-0.0100863 0.00102206 0)
(-0.00986232 0.000246497 0)
(-0.00935267 0.00175155 0)
(-0.00911411 0.00118492 0)
(-0.00890943 0.000569011 0)
(-0.00874873 -8.74667e-05 0)
(-0.00810308 0.00130003 0)
(-0.00792609 0.000785369 0)
(-0.00777607 0.000242637 0)
(-0.00765999 -0.000321445 0)
(-0.00692689 0.000961112 0)
(-0.00679183 0.000487932 0)
(-0.00667764 1.31395e-06 0)
(-0.00658892 -0.000493837 0)
(-0.00582004 0.000694931 0)
(-0.00571026 0.000254438 0)
(-0.00561637 -0.000189812 0)
(-0.00554137 -0.000634313 0)
(-0.00477979 0.000470273 0)
(-0.00468269 5.51399e-05 0)
(-0.00459755 -0.000357565 0)
(-0.00452618 -0.000765345 0)
(-0.00380488 0.000264316 0)
(-0.00371174 -0.000131663 0)
(-0.00362737 -0.0005214 0)
(-0.0035528 -0.000903117 0)
(-0.00289557 6.14395e-05 0)
(-0.00280083 -0.000320657 0)
(-0.00271224 -0.000694269 0)
(-0.00263028 -0.00105813 0)
(-0.00205342 -0.000147996 0)
(-0.00195396 -0.000520645 0)
(-0.00185844 -0.000883596 0)
(-0.00176702 -0.00123596 0)
(-0.00128093 -0.000368743 0)
(-0.00117544 -0.000735643 0)
(-0.00107206 -0.0010923 0)
(-0.000970775 -0.0014381 0)
(-0.000581183 -0.00060172 0)
(-0.000469733 -0.000965956 0)
(-0.000358943 -0.00131982 0)
(-0.000248653 -0.00166291 0)
(4.24176e-05 -0.000845116 0)
(0.000158673 -0.00120926 0)
(0.000275409 -0.00156316 0)
(0.000392864 -0.00190655 0)
(0.000586432 -0.00109533 0)
(0.000705549 -0.0014615 0)
(0.000826017 -0.00181769 0)
(0.000948128 -0.00216375 0)
(0.00104767 -0.00134771 0)
(0.00116716 -0.00171763 0)
(0.00128869 -0.00207789 0)
(0.00141256 -0.00242844 0)
(0.00142353 -0.00159711 0)
(0.00154067 -0.00197209 0)
(0.00166038 -0.0023378 0)
(0.00178297 -0.00269424 0)
(0.00171243 -0.00183814 0)
(0.00182445 -0.00221919 0)
(0.00193948 -0.00259136 0)
(0.00205781 -0.00295471 0)
(0.00191407 -0.00206546 0)
(0.00201838 -0.00245328 0)
(0.00212603 -0.00283266 0)
(0.00223729 -0.00320369 0)
(0.00202975 -0.00227398 0)
(0.00212402 -0.00266906 0)
(0.00222187 -0.00305617 0)
(0.00232357 -0.00343545 0)
(0.00206246 -0.00245908 0)
(0.0021447 -0.00286172 0)
(0.00223068 -0.00325694 0)
(0.00232071 -0.00364492 0)
(0.00201699 -0.00261684 0)
(0.00208559 -0.00302723 0)
(0.00215804 -0.00343083 0)
(0.00223469 -0.00382787 0)
(0.00189985 -0.00274419 0)
(0.00195362 -0.00316242 0)
(0.00201133 -0.00357463 0)
(0.00207338 -0.00398107 0)
(0.00171926 -0.00283896 0)
(0.00175745 -0.00326512 0)
(0.00179969 -0.00368619 0)
(0.00184643 -0.00410237 0)
(0.00148487 -0.00289992 0)
(0.00150718 -0.0033342 0)
(0.00153374 -0.0037645 0)
(0.00156511 -0.00419093 0)
(0.00120717 -0.00292679 0)
(0.0012138 -0.00336967 0)
(0.00122522 -0.00380996 0)
(0.00124195 -0.00424739 0)
(0.000896432 -0.00292027 0)
(0.000888341 -0.00337309 0)
(0.000886311 -0.00382483 0)
(0.000890452 -0.00427439 0)
(0.000560631 -0.00288383 0)
(0.000541056 -0.00335056 0)
(0.000529663 -0.00381599 0)
(0.000525442 -0.0042784 0)
(0.0001991 -0.00281296 0)
(0.000182447 -0.00330422 0)
(0.000172707 -0.00378939 0)
(0.000167695 -0.00426713 0)
(-0.00157209 0.00595459 0)
(-0.0043725 0.00444496 0)
(-0.00795509 0.00286192 0)
(-0.0113198 0.00200066 0)
(-0.0141828 0.00163721 0)
(-0.0164907 0.00172691 0)
(-0.0185703 0.00132351 0)
(-0.0210661 -8.24083e-05 0)
(-0.0243374 -0.00207574 0)
(-0.0269249 -0.00208687 0)
(-0.0247969 0.0042456 0)
(-0.0184621 0.00989756 0)
(-0.0109083 0.0107964 0)
(-0.0018709 0.00402819 0)
(0.00208286 -0.00714396 0)
(-0.00115339 -0.00946691 0)
(-0.000449626 -0.00229154 0)
(0.00226514 -0.00761736 0)
(0.00151998 -0.0174109 0)
(-0.00355526 0.00801749 0)
(-0.00682884 0.00701881 0)
(-0.0107546 0.00572743 0)
(-0.0147701 0.00476247 0)
(-0.0183332 0.00396447 0)
(-0.0209943 0.00346053 0)
(-0.0227127 0.00292219 0)
(-0.0240985 0.00194113 0)
(-0.0258333 0.00021068 0)
(-0.0274427 -0.00140355 0)
(-0.0260181 5.37057e-06 0)
(-0.0198859 0.00256475 0)
(-0.0109738 0.00243874 0)
(-0.00270817 -0.00151648 0)
(0.000315381 -0.00680331 0)
(-0.00200225 -0.00819283 0)
(8.37959e-05 -0.00544521 0)
(0.00507282 -0.00836035 0)
(0.00501365 -0.0129801 0)
(-0.00607753 0.0110573 0)
(-0.00904938 0.00986808 0)
(-0.0133822 0.00871744 0)
(-0.0179098 0.00767609 0)
(-0.0216683 0.00638714 0)
(-0.0244079 0.00496711 0)
(-0.0257506 0.00365511 0)
(-0.0258189 0.00241575 0)
(-0.0257913 0.000854458 0)
(-0.0269559 -0.00113621 0)
(-0.0266778 -0.00236149 0)
(-0.0209456 -0.00291685 0)
(-0.0114489 -0.00370161 0)
(-0.0032885 -0.00515477 0)
(-0.000831569 -0.00707067 0)
(-0.00352754 -0.00808134 0)
(-0.00124671 -0.00835426 0)
(0.0037224 -0.00932374 0)
(0.0017317 -0.0079438 0)
(-0.00528899 0.012275 0)
(-0.00840743 0.0113516 0)
(-0.014328 0.010751 0)
(-0.0189617 0.00936425 0)
(-0.0205647 0.00783945 0)
(-0.0220207 0.00606134 0)
(-0.0234038 0.00409476 0)
(-0.0238052 0.00232544 0)
(-0.0237447 0.00078872 0)
(-0.0245176 -0.000358112 0)
(-0.0238451 -0.00280962 0)
(-0.0182045 -0.00569356 0)
(-0.0101489 -0.00680775 0)
(-0.00320715 -0.007047 0)
(-0.000351524 -0.00728731 0)
(-0.00218155 -0.00810897 0)
(-0.000245685 -0.0107819 0)
(0.00179696 -0.0102659 0)
(-0.0134905 -0.010547 0)
(-0.0107945 0.023759 0)
(-0.00990276 0.0242549 0)
(-0.0114333 0.0291176 0)
(-0.0110071 0.018598 0)
(-0.00777278 0.0127326 0)
(-0.00311144 0.010066 0)
(0.00029979 0.00611363 0)
(0.00214922 0.00229596 0)
(0.00486684 0.00124335 0)
(0.00960676 -0.000927 0)
(0.0152356 -0.013364 0)
(0.0185077 -0.0279645 0)
(0.0149449 -0.0269181 0)
(0.00913144 -0.0228514 0)
(0.00824978 -0.00972525 0)
(0.00936281 -0.00886468 0)
(0.00961552 -0.0177526 0)
(0.00468084 0.000218763 0)
(0.00267275 -0.0197964 0)
(-0.0106093 0.0121011 0)
(-0.00473939 0.0127966 0)
(0.00446112 0.0153338 0)
(0.0115447 0.00798139 0)
(0.011734 0.00299167 0)
(0.0108197 0.00128161 0)
(0.0107863 0.00134166 0)
(0.0119853 -0.000404662 0)
(0.0153346 -0.00419531 0)
(0.0211457 -0.00839102 0)
(0.0267753 -0.0116528 0)
(0.0272435 -0.00854683 0)
(0.023219 0.00120075 0)
(0.0180968 -0.00504619 0)
(0.0153432 -0.00783517 0)
(0.0149538 -0.00907337 0)
(0.0117547 -0.00765993 0)
(0.0113532 -0.000572153 0)
(0.0150689 -0.00541905 0)
(-0.0117561 0.00697899 0)
(-0.00554264 0.00587453 0)
(0.00299111 0.00685248 0)
(0.0103863 0.0061527 0)
(0.0121055 0.00745791 0)
(0.00903684 0.00614788 0)
(0.00707512 0.00269648 0)
(0.00953914 -0.00245497 0)
(0.0144592 -0.00854991 0)
(0.0197587 -0.0138674 0)
(0.0246275 -0.016411 0)
(0.0286172 -0.0128154 0)
(0.031173 -0.00706941 0)
(0.0303903 -0.00624191 0)
(0.0266958 -0.0067891 0)
(0.0219138 -0.00660601 0)
(0.0149332 -0.00626466 0)
(0.013001 -0.00470579 0)
(0.0153573 0.00559334 0)
(-0.013792 0.00270429 0)
(-0.0104385 0.000900897 0)
(-0.00640807 0.0013164 0)
(-0.00372373 0.00290161 0)
(-0.00308561 0.00740565 0)
(-0.00267672 0.00748752 0)
(-0.00048077 0.000850395 0)
(0.00437929 -0.00736318 0)
(0.00944796 -0.0133784 0)
(0.0133583 -0.0180452 0)
(0.0174496 -0.0209403 0)
(0.0228709 -0.0176114 0)
(0.0278541 -0.00709849 0)
(0.0296465 -0.003349 0)
(0.0284132 -0.00217159 0)
(0.0247935 -0.000440234 0)
(0.0191759 0.000129229 0)
(0.012531 -0.00167639 0)
(0.00345717 0.0188044 0)
(-0.0169351 0.000440355 0)
(-0.0151243 -0.00147601 0)
(-0.012892 -0.000746095 0)
(-0.0111984 0.00232078 0)
(-0.00989556 0.00610108 0)
(-0.00771937 0.0051263 0)
(-0.00339915 -0.00369934 0)
(0.00173938 -0.011942 0)
(0.00463007 -0.0160753 0)
(0.00552709 -0.0199628 0)
(0.00663485 -0.0240855 0)
(0.00938777 -0.0223518 0)
(0.0138033 -0.0109054 0)
(0.018161 -0.00558185 0)
(0.0206328 -0.00141231 0)
(0.0200101 0.00254851 0)
(0.0166952 0.00546666 0)
(0.0103819 0.00849839 0)
(0.000207632 0.0225071 0)
(-0.0184908 -0.000185789 0)
(-0.0175376 -0.00284642 0)
(-0.0156583 -0.00244534 0)
(-0.013567 0.000942741 0)
(-0.0111722 0.00391652 0)
(-0.00775441 0.00174272 0)
(-0.00361491 -0.00814862 0)
(-0.000925431 -0.0143762 0)
(-0.000858752 -0.0164026 0)
(-0.00195618 -0.0196614 0)
(-0.00339294 -0.0243875 0)
(-0.00459688 -0.0240732 0)
(-0.00255236 -0.0151004 0)
(0.00264401 -0.0101214 0)
(0.00759172 -0.00383189 0)
(0.0101363 0.00318171 0)
(0.00977355 0.00854051 0)
(0.00676212 0.014509 0)
(0.000497961 0.0262037 0)
(-0.0181559 -0.000317071 0)
(-0.0176682 -0.00398312 0)
(-0.0162518 -0.00430356 0)
(-0.0138388 -0.00148365 0)
(-0.0104433 0.000867374 0)
(-0.00670372 -0.00158703 0)
(-0.00463522 -0.0100858 0)
(-0.00513103 -0.0141867 0)
(-0.00655357 -0.0153173 0)
(-0.00783321 -0.0183112 0)
(-0.0101365 -0.0222072 0)
(-0.0137366 -0.022587 0)
(-0.0145497 -0.0179592 0)
(-0.0116811 -0.0144518 0)
(-0.00743569 -0.00817574 0)
(-0.0030542 0.00121992 0)
(-7.86845e-05 0.00845031 0)
(0.00092235 0.0169977 0)
(-0.000788986 0.0286486 0)
(-0.0162919 -0.000365672 0)
(-0.0162551 -0.00456705 0)
(-0.0156833 -0.005732 0)
(-0.0138112 -0.00418654 0)
(-0.0106725 -0.00237211 0)
(-0.00770359 -0.00395323 0)
(-0.00718864 -0.0096333 0)
(-0.00891467 -0.0126321 0)
(-0.0105264 -0.0140466 0)
(-0.0119227 -0.016778 0)
(-0.0143892 -0.0192055 0)
(-0.017965 -0.0194878 0)
(-0.0205472 -0.0179973 0)
(-0.02136 -0.0159533 0)
(-0.0204353 -0.0115438 0)
(-0.0166483 -0.00302314 0)
(-0.0110434 0.00489328 0)
(-0.00604934 0.0156416 0)
(-0.00330757 0.0267324 0)
(-0.0139342 -0.000469568 0)
(-0.0141454 -0.00449999 0)
(-0.014333 -0.00635632 0)
(-0.013613 -0.00594814 0)
(-0.0118921 -0.00469411 0)
(-0.0100792 -0.00533121 0)
(-0.00982927 -0.00866135 0)
(-0.0111241 -0.0110809 0)
(-0.0125967 -0.0127836 0)
(-0.0143149 -0.014941 0)
(-0.0169186 -0.0163974 0)
(-0.0200628 -0.016448 0)
(-0.023022 -0.0158153 0)
(-0.0256997 -0.0145264 0)
(-0.0272391 -0.0125367 0)
(-0.025419 -0.00764991 0)
(-0.0202025 -0.000803359 0)
(-0.0129434 0.0103064 0)
(-0.00593653 0.020305 0)
(-0.0120064 -0.000704054 0)
(-0.0121781 -0.00406686 0)
(-0.0128223 -0.00619111 0)
(-0.0130864 -0.00645779 0)
(-0.0125744 -0.00579913 0)
(-0.011659 -0.00614147 0)
(-0.0114978 -0.00809276 0)
(-0.0124058 -0.00991728 0)
(-0.0137443 -0.0114407 0)
(-0.0155247 -0.0129531 0)
(-0.0179368 -0.0138487 0)
(-0.020674 -0.0138213 0)
(-0.0233501 -0.0132057 0)
(-0.0257756 -0.0122263 0)
(-0.0275728 -0.011808 0)
(-0.027464 -0.0103487 0)
(-0.0243432 -0.00621774 0)
(-0.0171232 0.00216299 0)
(-0.00776146 0.0102366 0)
(-0.0106828 -0.000970651 0)
(-0.010813 -0.00361359 0)
(-0.011511 -0.00556896 0)
(-0.012166 -0.00621573 0)
(-0.0122575 -0.00612057 0)
(-0.011973 -0.00649392 0)
(-0.012065 -0.00768387 0)
(-0.0128252 -0.00896918 0)
(-0.0140234 -0.0101222 0)
(-0.0156425 -0.0111329 0)
(-0.017695 -0.0116841 0)
(-0.0199339 -0.01162 0)
(-0.0220502 -0.0111305 0)
(-0.0237911 -0.0105633 0)
(-0.0250839 -0.0107546 0)
(-0.0255022 -0.0112215 0)
(-0.0238613 -0.0101609 0)
(-0.017826 -0.00628552 0)
(-0.00854884 -0.0013867 0)
(-0.00960018 -0.00114616 0)
(-0.00973558 -0.00324356 0)
(-0.0103326 -0.00490022 0)
(-0.0109967 -0.00573261 0)
(-0.0113578 -0.00603043 0)
(-0.0114796 -0.00644911 0)
(-0.0117808 -0.0072404 0)
(-0.0124832 -0.00812712 0)
(-0.0135321 -0.00894162 0)
(-0.0149094 -0.00960204 0)
(-0.0165708 -0.00993502 0)
(-0.0183298 -0.00988162 0)
(-0.0199581 -0.00960698 0)
(-0.0212648 -0.00945571 0)
(-0.0222045 -0.00999072 0)
(-0.0227317 -0.0113426 0)
(-0.0221354 -0.0126681 0)
(-0.0177435 -0.0134224 0)
(-0.00921003 -0.0126261 0)
(-0.00856859 -0.00124063 0)
(-0.00869314 -0.00293627 0)
(-0.00916829 -0.00434645 0)
(-0.00974914 -0.00523254 0)
(-0.0101952 -0.0057301 0)
(-0.0105116 -0.00617816 0)
(-0.0109186 -0.00675454 0)
(-0.0115634 -0.00737741 0)
(-0.0124482 -0.00794222 0)
(-0.0135597 -0.00837069 0)
(-0.0148471 -0.00857093 0)
(-0.0161833 -0.00854269 0)
(-0.0174227 -0.00844003 0)
(-0.0184662 -0.00855737 0)
(-0.0193319 -0.00931997 0)
(-0.0200492 -0.0110516 0)
(-0.0201763 -0.0139794 0)
(-0.0176852 -0.0192309 0)
(-0.0101786 -0.0245526 0)
(-0.00753213 -0.00129309 0)
(-0.0076284 -0.00269403 0)
(-0.00798823 -0.00390797 0)
(-0.0084629 -0.00477905 0)
(-0.00889725 -0.00536118 0)
(-0.0092713 -0.00582269 0)
(-0.00969072 -0.00628074 0)
(-0.0102439 -0.00674003 0)
(-0.0109471 -0.00714122 0)
(-0.0117893 -0.00742679 0)
(-0.012727 -0.00755364 0)
(-0.0136771 -0.00754821 0)
(-0.0145558 -0.00754629 0)
(-0.0153264 -0.00778037 0)
(-0.0160427 -0.0085916 0)
(-0.0167763 -0.010426 0)
(-0.0173857 -0.0142828 0)
(-0.0167595 -0.0236115 0)
(-0.0103726 -0.0374763 0)
(-0.00648928 -0.00133239 0)
(-0.00654728 -0.00251929 0)
(-0.00679966 -0.00357563 0)
(-0.00715934 -0.0044007 0)
(-0.00752819 -0.00500685 0)
(-0.00787641 -0.00547199 0)
(-0.00824173 -0.00587232 0)
(-0.0086706 -0.00623919 0)
(-0.00918 -0.00654628 0)
(-0.00975812 -0.00675795 0)
(-0.0103664 -0.0068609 0)
(-0.0109455 -0.00689 0)
(-0.0114414 -0.00696067 0)
(-0.0118369 -0.00725231 0)
(-0.0121713 -0.00804723 0)
(-0.0124903 -0.00985813 0)
(-0.0127457 -0.0141636 0)
(-0.0126982 -0.0265091 0)
(-0.00762563 -0.0487785 0)
(-0.00545142 -0.00137684 0)
(-0.00546608 -0.00241039 0)
(-0.00562088 -0.0033451 0)
(-0.00586491 -0.00411549 0)
(-0.00613738 -0.00471618 0)
(-0.00640603 -0.0051826 0)
(-0.00667427 -0.00556386 0)
(-0.00696119 -0.00589007 0)
(-0.00727513 -0.00615743 0)
(-0.00760102 -0.00635186 0)
(-0.00790165 -0.00647852 0)
(-0.00812503 -0.00657752 0)
(-0.00822168 -0.0067484 0)
(-0.00816095 -0.00714111 0)
(-0.00793401 -0.00801006 0)
(-0.00751852 -0.00990111 0)
(-0.00676534 -0.0144588 0)
(-0.00665139 -0.0278064 0)
(-0.00383132 -0.0560234 0)
(-0.00443229 -0.00143945 0)
(-0.00439952 -0.00236428 0)
(-0.00446618 -0.00320949 0)
(-0.004601 -0.0039307 0)
(-0.00476351 -0.00451775 0)
(-0.00492486 -0.00498818 0)
(-0.00507486 -0.00537262 0)
(-0.00521473 -0.00569577 0)
(-0.00534145 -0.00596668 0)
(-0.00543574 -0.00619002 0)
(-0.00546029 -0.00638494 0)
(-0.00536422 -0.00659951 0)
(-0.0050929 -0.00692707 0)
(-0.00459379 -0.00751187 0)
(-0.00381518 -0.00860471 0)
(-0.00270238 -0.0107423 0)
(-0.00100118 -0.0154208 0)
(-0.000600997 -0.0279945 0)
(-4.20928e-05 -0.0587519 0)
(-0.00344581 -0.00152947 0)
(-0.00336344 -0.00237878 0)
(-0.00334928 -0.00316064 0)
(-0.00338285 -0.00384491 0)
(-0.00343582 -0.00442196 0)
(-0.00348368 -0.00490123 0)
(-0.00351111 -0.00530329 0)
(-0.00350929 -0.00564944 0)
(-0.00346691 -0.00595645 0)
(-0.00336164 -0.00624268 0)
(-0.0031574 -0.00654 0)
(-0.00280592 -0.00690606 0)
(-0.00225096 -0.00743767 0)
(-0.00142938 -0.008286 0)
(-0.000271008 -0.00970598 0)
(0.00128653 -0.0121937 0)
(0.0033346 -0.0169601 0)
(0.00452156 -0.0280906 0)
(0.00447465 -0.0564307 0)
(-0.00250488 -0.00165235 0)
(-0.00237317 -0.00245118 0)
(-0.00228555 -0.00319093 0)
(-0.00222772 -0.00385155 0)
(-0.00217895 -0.00442588 0)
(-0.00211883 -0.00492014 0)
(-0.00203103 -0.00535008 0)
(-0.00190235 -0.00573574 0)
(-0.00171777 -0.006099 0)
(-0.00145505 -0.00646771 0)
(-0.00108241 -0.00688399 0)
(-0.000559061 -0.00741441 0)
(0.000162712 -0.00816248 0)
(0.0011365 -0.00928676 0)
(0.00241683 -0.0110425 0)
(0.00402656 -0.0138812 0)
(0.00588477 -0.0187494 0)
(0.00742506 -0.0282766 0)
(0.00718451 -0.0506481 0)
(-0.0016211 -0.00180991 0)
(-0.00144274 -0.00257726 0)
(-0.00128993 -0.00329187 0)
(-0.00115207 -0.00394094 0)
(-0.00101355 -0.00452015 0)
(-0.000857728 -0.00503497 0)
(-0.000669533 -0.00549915 0)
(-0.000435331 -0.00593244 0)
(-0.000140419 -0.00635998 0)
(0.00023388 -0.00681547 0)
(0.000711421 -0.00734752 0)
(0.00132029 -0.00802802 0)
(0.00208998 -0.00896315 0)
(0.00304701 -0.0103101 0)
(0.00420264 -0.0123095 0)
(0.00550986 -0.0153522 0)
(0.00676251 -0.0201406 0)
(0.00760893 -0.0282406 0)
(0.00656565 -0.0441275 0)
(-0.000804727 -0.00200082 0)
(-0.000584637 -0.00275117 0)
(-0.000375928 -0.00345389 0)
(-0.000170473 -0.0041014 0)
(4.356e-05 -0.00469193 0)
(0.000279292 -0.00523117 0)
(0.000549225 -0.00573201 0)
(0.000864878 -0.00621397 0)
(0.00123773 -0.00670358 0)
(0.00168029 -0.00723703 0)
(0.00220602 -0.00786498 0)
(0.0028273 -0.00865909 0)
(0.00355098 -0.00972051 0)
(0.00437042 -0.0111922 0)
(0.0052479 -0.0132802 0)
(0.0060707 -0.016292 0)
(0.0065705 -0.0207117 0)
(0.0063435 -0.0274361 0)
(0.00447131 -0.0387113 0)
(-6.48379e-05 -0.00222134 0)
(0.000190331 -0.00296566 0)
(0.00044482 -0.00366662 0)
(0.000704874 -0.00432027 0)
(0.000979339 -0.00492681 0)
(0.00127801 -0.00549221 0)
(0.00161014 -0.00602869 0)
(0.00198368 -0.006555 0)
(0.00240528 -0.0070972 0)
(0.00288006 -0.00769087 0)
(0.00341048 -0.0083846 0)
(0.00399351 -0.00924449 0)
(0.00461517 -0.0103596 0)
(0.00524123 -0.0118491 0)
(0.00579911 -0.0138722 0)
(0.00614259 -0.0166466 0)
(0.0060097 -0.0204828 0)
(0.00498477 -0.0259402 0)
(0.00280169 -0.0347983 0)
(0.000590683 -0.00246601 0)
(0.000873093 -0.00321255 0)
(0.00116278 -0.00391931 0)
(0.00146446 -0.00458472 0)
(0.00178448 -0.00521018 0)
(0.00212956 -0.0058016 0)
(0.00250548 -0.00637022 0)
(0.00291612 -0.00693316 0)
(0.00336279 -0.00751438 0)
(0.00384327 -0.00814639 0)
(0.00435013 -0.00887261 0)
(0.00486765 -0.0097501 0)
(0.00536671 -0.0108523 0)
(0.00579663 -0.0122716 0)
(0.00607109 -0.014122 0)
(0.00604526 -0.0165453 0)
(0.00550407 -0.0197379 0)
(0.00409725 -0.0241426 0)
(0.00192449 -0.0319602 0)
(0.00115526 -0.0027283 0)
(0.00145643 -0.00348323 0)
(0.00177071 -0.00420131 0)
(0.00210153 -0.00488234 0)
(0.00245317 -0.0055282 0)
(0.00282961 -0.00614424 0)
(0.00323333 -0.00674013 0)
(0.00366425 -0.00733053 0)
(0.00411866 -0.00793604 0)
(0.00458795 -0.0085844 0)
(0.00505679 -0.0093121 0)
(0.00550041 -0.0101659 0)
(0.00588088 -0.0112038 0)
(0.00614182 -0.0124951 0)
(0.00620066 -0.0141197 0)
(0.00593837 -0.0161698 0)
(0.00520533 -0.0187812 0)
(0.00378763 -0.0223679 0)
(0.00186278 -0.0295375 0)
(0.00162383 -0.00300116 0)
(0.00193508 -0.00376906 0)
(0.00226369 -0.00450242 0)
(0.00261208 -0.00520166 0)
(0.00298282 -0.0058685 0)
(0.00337761 -0.00650715 0)
(0.00379608 -0.00712518 0)
(0.00423473 -0.00773409 0)
(0.00468566 -0.00835019 0)
(0.00513522 -0.00899552 0)
(0.00556228 -0.00969895 0)
(0.00593626 -0.0104973 0)
(0.0062149 -0.0114356 0)
(0.00634235 -0.0125674 0)
(0.00624748 -0.013953 0)
(0.00584343 -0.0156635 0)
(0.00504113 -0.0178137 0)
(0.00376167 -0.0207871 0)
(0.00212452 -0.0270608 0)
(0.00199305 -0.00327746 0)
(0.0023059 -0.00406168 0)
(0.00263925 -0.00481321 0)
(0.00299477 -0.00553244 0)
(0.00337375 -0.00622041 0)
(0.00377609 -0.00687976 0)
(0.00419923 -0.00751545 0)
(0.00463702 -0.00813535 0)
(0.00507846 -0.00875089 0)
(0.00550628 -0.0093779 0)
(0.00589544 -0.0100376 0)
(0.00621164 -0.0107576 0)
(0.00641032 -0.0115731 0)
(0.00643696 -0.0125279 0)
(0.00622927 -0.0136758 0)
(0.00572278 -0.0150879 0)
(0.00487034 -0.0168831 0)
(0.00368623 -0.019399 0)
(0.0022501 -0.0244734 0)
(0.0022615 -0.00355018 0)
(0.00256796 -0.00435326 0)
(0.00289732 -0.00512513 0)
(0.00325081 -0.00586576 0)
(0.00362882 -0.00657507 0)
(0.00403 -0.00725379 0)
(0.00445033 -0.00790399 0)
(0.00488194 -0.00852959 0)
(0.00531189 -0.00913685 0)
(0.00572076 -0.0097351 0)
(0.00608115 -0.0103378 0)
(0.00635641 -0.0109641 0)
(0.0065 -0.0116407 0)
(0.00645626 -0.0124047 0)
(0.00616334 -0.013309 0)
(0.00555997 -0.0144323 0)
(0.00460785 -0.0159079 0)
(0.00330384 -0.0180434 0)
(0.00182107 -0.0220711 0)
(0.00242978 -0.00381273 0)
(0.00272255 -0.00463664 0)
(0.00304021 -0.00543065 0)
(0.00338378 -0.00619397 0)
(0.00375311 -0.00692518 0)
(0.00414619 -0.00762291 0)
(0.00455823 -0.00828622 0)
(0.00498064 -0.00891495 0)
(0.00539978 -0.00951009 0)
(0.00579553 -0.0100744 0)
(0.00613973 -0.0106135 0)
(0.00639471 -0.0111378 0)
(0.00651229 -0.011665 0)
(0.00643381 -0.0122254 0)
(0.0060917 -0.0128687 0)
(0.00541453 -0.0136776 0)
(0.00434942 -0.014797 0)
(0.00280725 -0.0165469 0)
(0.00109738 -0.020196 0)
(0.00250053 -0.0040591 0)
(0.00277321 -0.00490547 0)
(0.00307255 -0.00572323 0)
(0.0033995 -0.00651063 0)
(0.00375371 -0.0072648 0)
(0.00413298 -0.00798222 0)
(0.00453248 -0.00865905 0)
(0.00494385 -0.00929119 0)
(0.00535401 -0.0098745 0)
(0.00574367 -0.0104052 0)
(0.00608568 -0.010881 0)
(0.00634317 -0.0113029 0)
(0.00646785 -0.0116787 0)
(0.00639898 -0.0120291 0)
(0.00606345 -0.0123967 0)
(0.00538022 -0.0128625 0)
(0.00428653 -0.0135812 0)
(0.0026717 -0.014926 0)
(0.000936025 -0.0186895 0)
(0.00247847 -0.00428403 0)
(0.00272569 -0.0051543 0)
(0.00300116 -0.00599733 0)
(0.00330587 -0.0068103 0)
(0.00363948 -0.00758888 0)
(0.00399997 -0.00832761 0)
(0.00438309 -0.00902002 0)
(0.00478156 -0.00965848 0)
(0.00518403 -0.0102341 0)
(0.00557364 -0.0107371 0)
(0.00592616 -0.0111571 0)
(0.00620777 -0.0114854 0)
(0.00637256 -0.0117185 0)
(0.0063602 -0.0118653 0)
(0.00609444 -0.0119578 0)
(0.00548654 -0.0120726 0)
(0.00446397 -0.0123775 0)
(0.00294549 -0.0133102 0)
(0.00128678 -0.0170737 0)
(0.00237036 -0.00448319 0)
(0.00258787 -0.00537865 0)
(0.00283506 -0.00624835 0)
(0.00311285 -0.00708832 0)
(0.00342102 -0.00789294 0)
(0.00375797 -0.00865516 0)
(0.00412046 -0.00936637 0)
(0.00450302 -0.0100161 0)
(0.00489701 -0.0105915 0)
(0.0052894 -0.0110773 0)
(0.00566079 -0.0114558 0)
(0.00598291 -0.0117085 0)
(0.00621512 -0.0118194 0)
(0.00630032 -0.0117825 0)
(0.00616056 -0.0116152 0)
(0.00569557 -0.0113849 0)
(0.00480593 -0.0112688 0)
(0.00341582 -0.0117457 0)
(0.00173412 -0.0150983 0)
(0.0021849 -0.00465328 0)
(0.00236975 -0.0055751 0)
(0.00258533 -0.00647259 0)
(0.00283238 -0.00734068 0)
(0.00311066 -0.00817273 0)
(0.00341912 -0.00896059 0)
(0.00375578 -0.00969425 0)
(0.00411736 -0.0103612 0)
(0.00449866 -0.0109459 0)
(0.00489153 -0.0114286 0)
(0.00528312 -0.0117854 0)
(0.00565311 -0.0119884 0)
(0.00596945 -0.0120083 0)
(0.00618204 -0.0118207 0)
(0.00621348 -0.0114205 0)
(0.00594808 -0.0108534 0)
(0.00524232 -0.0102882 0)
(0.00400136 -0.0102039 0)
(0.00222821 -0.0126887 0)
(0.00193273 -0.00479222 0)
(0.00208333 -0.00574133 0)
(0.00226513 -0.00666722 0)
(0.00247835 -0.00756386 0)
(0.00272258 -0.00842398 0)
(0.00299723 -0.00923895 0)
(0.00330156 -0.00999816 0)
(0.00363459 -0.0106882 0)
(0.00399479 -0.011292 0)
(0.00437944 -0.0117872 0)
(0.00478333 -0.0121454 0)
(0.0051963 -0.0123307 0)
(0.00559854 -0.0123004 0)
(0.00595241 -0.0120084 0)
(0.00618718 -0.0114165 0)
(0.00617364 -0.0105267 0)
(0.00571288 -0.00946498 0)
(0.00467125 -0.00866235 0)
(0.00278574 -0.00977179 0)
(0.00162624 -0.00489927 0)
(0.00174254 -0.00587624 0)
(0.00188956 -0.00683032 0)
(0.00206659 -0.00775482 0)
(0.00227286 -0.00864237 0)
(0.00250803 -0.00948451 0)
(0.00277238 -0.0102709 0)
(0.00306693 -0.0109884 0)
(0.00339346 -0.0116197 0)
(0.0037544 -0.0121419 0)
(0.00415236 -0.0125246 0)
(0.00458855 -0.0127268 0)
(0.00505889 -0.0126946 0)
(0.00554549 -0.0123593 0)
(0.00599632 -0.0116391 0)
(0.0062818 -0.0104624 0)
(0.00614806 -0.00885499 0)
(0.00540704 -0.00712954 0)
(0.00338155 -0.00630094 0)
(0.00127942 -0.00497525 0)
(0.00136308 -0.00598001 0)
(0.00147548 -0.00696084 0)
(0.00161469 -0.00791097 0)
(0.00177942 -0.00882359 0)
(0.00196939 -0.00969101 0)
(0.00218553 -0.0105038 0)
(0.00243014 -0.01125 0)
(0.00270728 -0.0119137 0)
(0.00302329 -0.0124735 0)
(0.0033872 -0.0128998 0)
(0.00381084 -0.0131511 0)
(0.00430741 -0.0131678 0)
(0.00488605 -0.0128635 0)
(0.00553151 -0.0121111 0)
(0.00614459 -0.0107368 0)
(0.00644933 -0.00858374 0)
(0.00629346 -0.00570718 0)
(0.00421522 -0.00237821 0)
(0.000907817 -0.00502278 0)
(0.000962288 -0.00605386 0)
(0.00104122 -0.0070582 0)
(0.00114161 -0.00802988 0)
(0.00126175 -0.00896321 0)
(0.00140132 -0.00985172 0)
(0.00156138 -0.0106874 0)
(0.00174462 -0.0114598 0)
(0.0019558 -0.0121554 0)
(0.00220274 -0.0127558 0)
(0.00249766 -0.0132354 0)
(0.00285899 -0.0135572 0)
(0.00331371 -0.0136647 0)
(0.00389925 -0.0134672 0)
(0.00465305 -0.0128093 0)
(0.00554904 -0.0114191 0)
(0.00635548 -0.00887444 0)
(0.00722525 -0.00461663 0)
(0.00524794 0.0026856 0)
(0.000529116 -0.00504641 0)
(0.000559219 -0.00609954 0)
(0.000606273 -0.00712171 0)
(0.000667177 -0.00810878 0)
(0.00074034 -0.00905657 0)
(0.000825444 -0.00995986 0)
(0.00092329 -0.0108119 0)
(0.00103592 -0.011604 0)
(0.00116705 -0.0123247 0)
(0.00132302 -0.0129591 0)
(0.00151433 -0.0134872 0)
(0.00175837 -0.0138801 0)
(0.00208442 -0.0140929 0)
(0.00254349 -0.0140491 0)
(0.00321727 -0.0136043 0)
(0.00418068 -0.0124611 0)
(0.00534114 -0.00997077 0)
(0.00766041 -0.00455071 0)
(0.00632846 0.0085856 0)
(0.000165721 -0.00505451 0)
(0.000174794 -0.00612382 0)
(0.000190551 -0.00715667 0)
(0.000211132 -0.00815201 0)
(0.000235704 -0.0091072 0)
(0.00026409 -0.010018 0)
(0.000296561 -0.0108785 0)
(0.000333845 -0.011681 0)
(0.000377301 -0.0124157 0)
(0.000429314 -0.0130702 0)
(0.000494078 -0.0136292 0)
(0.000579157 -0.0140722 0)
(0.000698817 -0.0143707 0)
(0.000882053 -0.0144783 0)
(0.0011893 -0.0143062 0)
(0.00172778 -0.0136427 0)
(0.00255911 -0.0118936 0)
(0.00470545 -0.00640038 0)
(0.00642629 0.0166893 0)
)
;

boundaryField
{
    leftWall
    {
        type            noSlip;
    }
    rightWall
    {
        type            noSlip;
    }
    lowerWall
    {
        type            noSlip;
    }
    atmosphere
    {
        type            pressureInletOutletVelocity;
        value           nonuniform List<vector> 
46
(
(0 -0.0145945 0)
(0.00890955 0.0084511 0)
(0.00714374 0.0211256 0)
(0.00629798 0.0212856 0)
(0.00563617 0.0201254 0)
(0.00511192 0.0189462 0)
(0.00466037 0.0177683 0)
(0.00425524 0.0165708 0)
(0.00388113 0.0153471 0)
(0.00352993 0.0140982 0)
(0.00319715 0.0128275 0)
(0.00288004 0.0115392 0)
(0.00257685 0.010238 0)
(0.00228658 0.00892881 0)
(0.0020088 0.0076172 0)
(0.00174343 0.00630988 0)
(0.00149023 0.00501525 0)
(0.00124755 0.00374296 0)
(0.00101178 0.00250196 0)
(0.00078471 0.00129427 0)
(0.000595606 9.45632e-05 0)
(0 -0.00100547 0)
(0 -0.00204248 0)
(0 -0.00281296 0)
(0 -0.00330422 0)
(0 -0.00378939 0)
(0 -0.00426713 0)
(0 -0.00505451 0)
(0 -0.00612382 0)
(0 -0.00715667 0)
(0 -0.00815201 0)
(0 -0.0091072 0)
(0 -0.010018 0)
(0 -0.0108785 0)
(0 -0.011681 0)
(0 -0.0124157 0)
(0 -0.0130702 0)
(0 -0.0136292 0)
(0 -0.0140722 0)
(0 -0.0143707 0)
(0 -0.0144783 0)
(0 -0.0143062 0)
(0 -0.0136427 0)
(0 -0.0118936 0)
(0 -0.00640038 0)
(0.00642629 0.0166893 0)
)
;
    }
    defaultFaces
    {
        type            empty;
    }
}


// ************************************************************************* //
