/*--------------------------------*- C++ -*----------------------------------*\
  =========                 |
  \\      /  F ield         | OpenFOAM: The Open Source CFD Toolbox
   \\    /   O peration     | Website:  https://openfoam.org
    \\  /    A nd           | Version:  9
     \\/     M anipulation  |
\*---------------------------------------------------------------------------*/
FoamFile
{
    format      ascii;
    class       surfaceScalarField;
    location    "1.53";
    object      phi;
}
// * * * * * * * * * * * * * * * * * * * * * * * * * * * * * * * * * * * * * //

dimensions      [0 3 -1 0 0 0 0];

internalField   nonuniform List<scalar> 
4432
(
-1.44121e-06
1.44121e-06
-1.12224e-06
-3.1897e-07
2.72581e-08
-1.14949e-06
1.3718e-06
-1.34455e-06
2.76347e-06
-1.39167e-06
4.13073e-06
-1.36726e-06
5.45267e-06
-1.32195e-06
6.70836e-06
-1.25569e-06
7.84724e-06
-1.13887e-06
8.8182e-06
-9.70965e-07
9.61575e-06
-7.97544e-07
1.02694e-05
-6.53688e-07
1.08054e-05
-5.35943e-07
1.12132e-05
-4.07861e-07
1.14214e-05
-2.08151e-07
1.12937e-05
1.27715e-07
1.04856e-05
8.08013e-07
8.65188e-06
1.83378e-06
5.96708e-06
2.68479e-06
2.73337e-06
3.23371e-06
-6.23592e-07
3.35696e-06
-2.49242e-06
1.86883e-06
-2.49242e-06
-5.32589e-07
1.97381e-06
1.32939e-08
-8.64865e-07
8.97167e-07
-2.03336e-06
1.91882e-06
-2.36622e-06
2.97188e-06
-2.44473e-06
4.03393e-06
-2.42933e-06
5.09423e-06
-2.38225e-06
6.13402e-06
-2.29549e-06
7.11413e-06
-2.11898e-06
7.998e-06
-1.85483e-06
8.78339e-06
-1.58293e-06
9.49314e-06
-1.36344e-06
1.01437e-05
-1.18653e-06
1.07189e-05
-9.83021e-07
1.11562e-05
-6.45497e-07
1.13247e-05
-4.07875e-08
1.10662e-05
1.06656e-06
1.01376e-05
2.76239e-06
8.3404e-06
4.48195e-06
5.68444e-06
5.88967e-06
2.48125e-06
6.56015e-06
3.94828e-08
4.31059e-06
-2.45294e-06
1.36795e-07
1.83702e-06
6.78221e-07
-1.4063e-06
1.36598e-06
-2.72112e-06
2.13901e-06
-3.13926e-06
2.95697e-06
-3.26269e-06
3.812e-06
-3.28435e-06
4.69882e-06
-3.26907e-06
5.60257e-06
-3.19924e-06
6.48826e-06
-3.00467e-06
7.32356e-06
-2.69012e-06
8.10826e-06
-2.36764e-06
8.86207e-06
-2.11725e-06
9.59431e-06
-1.91877e-06
1.02812e-05
-1.66993e-06
1.08529e-05
-1.21715e-06
1.11922e-05
-3.8016e-07
1.11837e-05
1.07515e-06
1.07154e-05
3.23065e-06
9.54732e-06
5.65003e-06
7.52764e-06
7.90934e-06
4.77117e-06
9.31662e-06
1.89085e-06
7.19091e-06
-5.6209e-07
5.61759e-07
1.27527e-06
1.08782e-06
-1.93237e-06
1.62049e-06
-3.25378e-06
2.20247e-06
-3.72124e-06
2.83807e-06
-3.8983e-06
3.53288e-06
-3.97917e-06
4.28865e-06
-4.02483e-06
5.09585e-06
-4.00644e-06
5.92031e-06
-3.82913e-06
6.72872e-06
-3.49853e-06
7.52238e-06
-3.1613e-06
8.32072e-06
-2.9156e-06
9.12909e-06
-2.72713e-06
9.91943e-06
-2.46027e-06
1.06216e-05
-1.91933e-06
1.11336e-05
-8.92156e-07
1.13661e-05
8.42686e-07
1.12393e-05
3.35745e-06
1.05438e-05
6.34553e-06
9.0679e-06
9.3852e-06
6.7466e-06
1.16379e-05
3.63184e-06
1.03057e-05
3.06975e-06
7.9579e-07
4.7949e-07
1.30367e-06
-2.44026e-06
1.71686e-06
-3.66696e-06
2.15088e-06
-4.15526e-06
2.64174e-06
-4.38915e-06
3.20803e-06
-4.54546e-06
3.86074e-06
-4.67754e-06
4.59785e-06
-4.74354e-06
5.38372e-06
-4.61501e-06
6.18008e-06
-4.29488e-06
6.99e-06
-3.97122e-06
7.83543e-06
-3.76103e-06
8.72043e-06
-3.61213e-06
9.61515e-06
-3.35499e-06
1.04516e-05
-2.75582e-06
1.11404e-05
-1.58092e-06
1.16084e-05
3.74654e-07
1.1785e-05
3.18094e-06
1.15019e-05
6.62854e-06
1.05402e-05
1.03469e-05
8.67075e-06
1.35074e-05
5.44981e-06
1.35266e-05
8.51956e-06
8.95295e-07
-4.15798e-07
1.37002e-06
-2.91499e-06
1.69218e-06
-3.98912e-06
2.01333e-06
-4.47642e-06
2.39005e-06
-4.76587e-06
2.85298e-06
-5.00839e-06
3.42418e-06
-5.24874e-06
4.11178e-06
-5.43114e-06
4.87676e-06
-5.37999e-06
5.67214e-06
-5.09026e-06
6.5035e-06
-4.80259e-06
7.39793e-06
-4.65545e-06
8.36004e-06
-4.57425e-06
9.35959e-06
-4.35453e-06
1.03311e-05
-3.72728e-06
1.11946e-05
-2.44445e-06
1.18892e-05
-3.19964e-07
1.23586e-05
2.71149e-06
1.24756e-05
6.51154e-06
1.20374e-05
1.07852e-05
1.07067e-05
1.48381e-05
7.53157e-06
1.67017e-05
1.60511e-05
9.02916e-07
-1.31871e-06
1.33073e-06
-3.3428e-06
1.58438e-06
-4.24277e-06
1.8212e-06
-4.71323e-06
2.10906e-06
-5.05373e-06
2.48904e-06
-5.38836e-06
2.99568e-06
-5.75538e-06
3.64998e-06
-6.08545e-06
4.40794e-06
-6.13795e-06
5.21019e-06
-5.89252e-06
6.06574e-06
-5.65813e-06
7.00904e-06
-5.59875e-06
8.04632e-06
-5.61154e-06
9.14746e-06
-5.45567e-06
1.02489e-05
-4.82867e-06
1.12784e-05
-3.47396e-06
1.21878e-05
-1.2294e-06
1.29418e-05
1.9575e-06
1.34593e-05
5.99405e-06
1.35847e-05
1.06598e-05
1.29762e-05
1.54466e-05
1.0026e-05
1.96518e-05
2.60772e-05
8.48642e-07
-2.16735e-06
1.23025e-06
-3.72442e-06
1.43369e-06
-4.4462e-06
1.60848e-06
-4.88802e-06
1.82798e-06
-5.27324e-06
2.14122e-06
-5.7016e-06
2.59602e-06
-6.21017e-06
3.22934e-06
-6.71877e-06
3.99074e-06
-6.89935e-06
4.80465e-06
-6.70643e-06
5.68452e-06
-6.538e-06
6.67416e-06
-6.5884e-06
7.78145e-06
-6.71882e-06
8.97633e-06
-6.65056e-06
1.01965e-05
-6.04879e-06
1.13763e-05
-4.65379e-06
1.24821e-05
-2.33525e-06
1.35055e-05
9.34108e-07
1.44179e-05
5.0817e-06
1.51525e-05
9.92514e-06
1.54717e-05
1.51275e-05
1.36466e-05
2.14769e-05
3.97238e-05
-5.07613e-06
5.07613e-06
-1.29842e-07
-4.94629e-06
8.25095e-06
-8.38079e-06
1.6546e-05
-8.2951e-06
2.21958e-05
-5.64971e-06
2.37178e-05
-1.52207e-06
2.32127e-05
5.0508e-07
2.32443e-05
-3.15588e-08
2.26115e-05
6.32843e-07
1.85277e-05
4.08372e-06
1.07647e-05
7.76298e-06
2.75596e-06
8.00878e-06
-2.62436e-06
5.38032e-06
-7.03908e-06
4.41473e-06
-1.09198e-05
3.88068e-06
-1.44573e-05
3.53758e-06
-1.48643e-05
4.06947e-07
-8.65804e-06
-6.20626e-06
-8.65804e-06
-2.03941e-06
7.11554e-06
3.10186e-06
-1.00876e-05
1.05892e-05
-1.58682e-05
1.72192e-05
-1.4925e-05
2.12471e-05
-9.67767e-06
2.19228e-05
-2.19771e-06
2.08582e-05
1.56961e-06
2.02139e-05
6.12801e-07
1.98105e-05
1.03617e-06
1.75332e-05
6.36109e-06
1.19432e-05
1.33529e-05
4.82617e-06
1.51258e-05
-6.38258e-07
1.08447e-05
-4.58969e-06
8.36615e-06
-7.79227e-06
7.08324e-06
-1.0865e-05
6.61028e-06
-1.22527e-05
1.79465e-06
-8.61014e-06
-9.8488e-06
-1.72682e-05
4.80124e-07
6.63542e-06
5.95263e-06
-1.55601e-05
1.26705e-05
-2.2586e-05
1.79773e-05
-2.02318e-05
2.08297e-05
-1.25301e-05
2.06977e-05
-2.06577e-06
1.90352e-05
3.23218e-06
1.78237e-05
1.82425e-06
1.70858e-05
1.77405e-06
1.52605e-05
8.18647e-06
1.12551e-05
1.73582e-05
5.88624e-06
2.04947e-05
1.32356e-06
1.54074e-05
-1.92095e-06
1.16107e-05
-4.40194e-06
9.56422e-06
-6.97801e-06
9.18635e-06
-8.87088e-06
3.68752e-06
-6.89338e-06
-1.18263e-05
-2.41615e-05
2.32159e-06
4.31383e-06
8.76305e-06
-2.20015e-05
1.49593e-05
-2.87822e-05
1.91e-05
-2.43725e-05
2.09046e-05
-1.43347e-05
1.99248e-05
-1.086e-06
1.75331e-05
5.62397e-06
1.56631e-05
3.6942e-06
1.46078e-05
2.82934e-06
1.33112e-05
9.48311e-06
1.11014e-05
1.95681e-05
6.9243e-06
2.46718e-05
3.15416e-06
1.91775e-05
3.94373e-07
1.43705e-05
-1.55489e-06
1.15135e-05
-3.47646e-06
1.11079e-05
-4.94134e-06
5.1524e-06
-4.16049e-06
-1.26072e-05
-2.8322e-05
4.29309e-06
2.07462e-08
1.20163e-05
-2.97247e-05
1.78072e-05
-3.45732e-05
2.07016e-05
-2.72669e-05
2.1363e-05
-1.4996e-05
1.96142e-05
6.62806e-07
1.62879e-05
8.95021e-06
1.3513e-05
6.46915e-06
1.17948e-05
4.54756e-06
1.14021e-05
9.87575e-06
1.14813e-05
1.94888e-05
8.38184e-06
2.77713e-05
4.96803e-06
2.25914e-05
2.46478e-06
1.68737e-05
8.49821e-07
1.31284e-05
-2.04124e-07
1.21619e-05
-8.82505e-07
5.83079e-06
-8.17266e-07
-1.26724e-05
-2.91393e-05
7.8735e-06
-7.85275e-06
1.63103e-05
-3.81615e-05
2.13329e-05
-3.95958e-05
2.28577e-05
-2.87918e-05
2.20954e-05
-1.42337e-05
1.9636e-05
3.12217e-06
1.54659e-05
1.31203e-05
1.15564e-05
1.03787e-05
9.38937e-06
6.71455e-06
9.42253e-06
9.84259e-06
1.12869e-05
1.76244e-05
9.81364e-06
2.92446e-05
6.69914e-06
2.57059e-05
4.44044e-06
1.91324e-05
2.93581e-06
1.46331e-05
2.76594e-06
1.23317e-05
2.97662e-06
5.62011e-06
2.21296e-06
-1.19088e-05
-2.69263e-05
1.43617e-05
-2.22144e-05
2.16272e-05
-4.5427e-05
2.46694e-05
-4.2638e-05
2.49991e-05
-2.91215e-05
2.2798e-05
-1.20325e-05
1.94412e-05
6.47898e-06
1.49568e-05
1.76047e-05
1.01768e-05
1.51587e-05
7.77056e-06
9.12077e-06
7.62768e-06
9.98547e-06
9.88908e-06
1.5363e-05
1.10628e-05
2.80708e-05
8.6383e-06
2.81304e-05
6.34983e-06
2.14209e-05
5.01137e-06
1.59715e-05
5.31197e-06
1.20311e-05
6.06969e-06
4.86239e-06
4.7154e-06
-1.05545e-05
-2.22109e-05
2.30319e-05
-4.52464e-05
2.68157e-05
-4.92107e-05
2.72498e-05
-4.30721e-05
2.65291e-05
-2.84009e-05
2.32495e-05
-8.75295e-06
1.86856e-05
1.10429e-05
1.40669e-05
2.22235e-05
9.51396e-06
1.97116e-05
6.81037e-06
1.18244e-05
6.07889e-06
1.0717e-05
7.29474e-06
1.41472e-05
1.08907e-05
2.44748e-05
1.07634e-05
2.82577e-05
8.47336e-06
2.37109e-05
7.25948e-06
1.71854e-05
7.81883e-06
1.14718e-05
8.62306e-06
4.05815e-06
6.48392e-06
-8.41533e-06
-1.5727e-05
1.52263e-06
-3.68997e-06
2.22859e-06
-4.43038e-06
2.54566e-06
-4.76327e-06
2.76618e-06
-5.10854e-06
3.06206e-06
-5.56911e-06
3.54849e-06
-6.18803e-06
4.36429e-06
-7.02597e-06
5.6742e-06
-8.02869e-06
7.33936e-06
-8.56451e-06
9.1107e-06
-8.47777e-06
1.10532e-05
-8.48047e-06
1.32991e-05
-8.8343e-06
1.58586e-05
-9.27832e-06
1.86696e-05
-9.46156e-06
2.16014e-05
-8.98057e-06
2.45328e-05
-7.58523e-06
2.74466e-05
-5.24905e-06
3.04244e-05
-2.04366e-06
3.35771e-05
1.92892e-06
3.7108e-05
6.39423e-06
4.13967e-05
1.08388e-05
4.88042e-05
1.40694e-05
1.66777e-05
7.18503e-05
1.408e-06
-5.09796e-06
2.02115e-06
-5.04353e-06
2.25435e-06
-4.99647e-06
2.37765e-06
-5.23183e-06
2.56206e-06
-5.75351e-06
2.90055e-06
-6.52652e-06
3.50162e-06
-7.62704e-06
4.8025e-06
-9.32957e-06
6.59619e-06
-1.03582e-05
8.39231e-06
-1.02739e-05
1.04038e-05
-1.0492e-05
1.27971e-05
-1.12276e-05
1.55085e-05
-1.19897e-05
1.84968e-05
-1.24498e-05
2.16422e-05
-1.2126e-05
2.48513e-05
-1.07943e-05
2.81877e-05
-8.58551e-06
3.1813e-05
-5.66888e-06
3.59046e-05
-2.16278e-06
4.06771e-05
1.62181e-06
4.64822e-05
5.03366e-06
5.38311e-05
6.72056e-06
5.30816e-06
6.52006e-05
1.57058e-06
-6.66855e-06
2.21947e-06
-5.69241e-06
2.43042e-06
-5.20742e-06
2.56023e-06
-5.36164e-06
2.77706e-06
-5.97035e-06
3.07052e-06
-6.81998e-06
3.49634e-06
-8.05286e-06
4.711e-06
-1.05442e-05
6.50426e-06
-1.21515e-05
8.31857e-06
-1.20882e-05
1.04929e-05
-1.26663e-05
1.30419e-05
-1.37765e-05
1.57176e-05
-1.46654e-05
1.85573e-05
-1.52896e-05
2.1535e-05
-1.51037e-05
2.46439e-05
-1.39032e-05
2.80594e-05
-1.2001e-05
3.20299e-05
-9.63945e-06
3.67176e-05
-6.85048e-06
4.22729e-05
-3.93348e-06
4.89487e-05
-1.64209e-06
5.6829e-05
-1.15977e-06
-3.98666e-06
6.61239e-05
2.26712e-06
-8.93566e-06
2.64772e-06
-6.07301e-06
2.79157e-06
-5.35126e-06
3.11944e-06
-5.68951e-06
3.72473e-06
-6.57563e-06
4.12109e-06
-7.21632e-06
4.43551e-06
-8.36727e-06
5.06603e-06
-1.11747e-05
6.24926e-06
-1.33347e-05
7.9076e-06
-1.37465e-05
1.04563e-05
-1.52151e-05
1.34448e-05
-1.6765e-05
1.6016e-05
-1.72366e-05
1.82515e-05
-1.75251e-05
2.05243e-05
-1.73765e-05
2.31646e-05
-1.65435e-05
2.64979e-05
-1.53344e-05
3.07072e-05
-1.38488e-05
3.59313e-05
-1.20745e-05
4.23439e-05
-1.0346e-05
5.00394e-05
-9.33761e-06
5.88974e-05
-1.00178e-05
-1.30429e-05
6.79537e-05
2.05947e-06
-1.09951e-05
-5.08211e-07
-3.50522e-06
-1.58418e-06
-4.27526e-06
-2.22172e-07
-7.05149e-06
3.4167e-06
-1.02145e-05
6.613e-06
-1.04126e-05
8.57119e-06
-1.03254e-05
5.37689e-06
-7.98044e-06
2.4003e-06
-1.03581e-05
3.08581e-06
-1.4432e-05
7.1361e-06
-1.92654e-05
1.34348e-05
-2.30636e-05
1.75605e-05
-2.13624e-05
1.76722e-05
-1.76368e-05
1.77892e-05
-1.74934e-05
1.95955e-05
-1.83498e-05
2.32322e-05
-1.8971e-05
2.75421e-05
-1.81586e-05
3.25826e-05
-1.71151e-05
3.94719e-05
-1.72353e-05
4.84055e-05
-1.82712e-05
6.05089e-05
-2.21211e-05
-2.61277e-05
7.35937e-05
-1.73057e-05
6.31068e-06
-2.40405e-05
3.22973e-06
-2.1839e-05
-6.47665e-06
-1.26359e-05
-1.62545e-05
-5.51092e-06
-1.73395e-05
-1.13234e-06
-1.47912e-05
2.02768e-07
-1.16605e-05
-6.20391e-06
-1.57371e-06
-1.25487e-05
-4.01329e-06
-1.05895e-05
-1.63911e-05
-6.95053e-06
-2.29043e-05
-9.98715e-07
-2.90155e-05
3.24564e-06
-2.56068e-05
-1.92532e-06
-1.24658e-05
-1.03031e-05
-9.11563e-06
-1.19485e-05
-1.67044e-05
-7.98049e-06
-2.2939e-05
-4.05869e-06
-2.20804e-05
-2.58297e-06
-1.85908e-05
-1.50981e-06
-1.83084e-05
6.09258e-06
-2.58736e-05
1.85201e-05
-3.45486e-05
-3.90293e-05
3.14216e-05
-1.43826e-05
2.06934e-05
-1.70871e-05
5.93429e-06
-1.33516e-05
-1.0212e-05
-9.63184e-06
-1.99743e-05
-7.91856e-06
-1.90527e-05
-7.23089e-06
-1.54788e-05
-9.14643e-06
-9.7449e-06
-7.06554e-06
-3.65449e-06
-5.3348e-06
-5.74392e-06
-7.08571e-06
-1.46401e-05
-9.1628e-06
-2.08272e-05
-7.68501e-06
-3.04932e-05
-7.93254e-06
-2.53593e-05
-8.92234e-06
-1.1476e-05
-1.14741e-05
-6.56375e-06
-1.02241e-05
-1.79545e-05
-7.90029e-06
-2.52628e-05
-4.69146e-06
-2.52893e-05
-9.30647e-07
-2.23517e-05
1.84799e-06
-2.10871e-05
3.32835e-06
-2.7354e-05
8.14365e-06
-3.93639e-05
-4.27336e-05
1.1848e-05
-5.45663e-06
2.61501e-05
-5.97098e-06
6.44875e-06
-6.42448e-06
-9.75841e-06
-9.37506e-06
-1.70236e-05
-1.16687e-05
-1.6759e-05
-1.29241e-05
-1.42233e-05
-1.22893e-05
-1.03796e-05
-8.74261e-06
-7.2011e-06
-5.50664e-06
-8.97979e-06
-5.44163e-06
-1.4705e-05
-5.83299e-06
-2.04358e-05
-1.10074e-05
-2.53188e-05
-1.38792e-05
-2.24874e-05
-1.07794e-05
-1.45758e-05
-7.49633e-06
-9.84673e-06
-6.45768e-06
-1.89931e-05
-6.13967e-06
-2.55808e-05
-5.50006e-06
-2.59288e-05
-3.91296e-06
-2.39388e-05
-2.29726e-06
-2.27028e-05
-3.42342e-06
-2.62278e-05
-4.69535e-06
-3.80919e-05
-4.00388e-05
-7.39011e-06
1.13382e-06
2.50164e-05
2.87395e-07
7.29531e-06
-3.72023e-06
-5.75067e-06
-8.57178e-06
-1.2172e-05
-1.18178e-05
-1.35129e-05
-1.33826e-05
-1.26583e-05
-1.27818e-05
-1.09804e-05
-9.98077e-06
-1.00021e-05
-7.20891e-06
-1.17516e-05
-6.24546e-06
-1.56684e-05
-7.13302e-06
-1.95481e-05
-1.01262e-05
-2.23255e-05
-1.1685e-05
-2.09285e-05
-9.52171e-06
-1.67391e-05
-4.26813e-06
-1.51002e-05
-4.30953e-06
-1.89516e-05
-7.90644e-06
-2.19838e-05
-1.22616e-05
-2.15736e-05
-1.77072e-05
-1.84932e-05
-2.63792e-05
-1.40308e-05
-2.81671e-05
-2.44398e-05
-2.84715e-05
-3.77876e-05
-3.59162e-05
-3.25941e-05
3.38564e-06
2.16308e-05
1.95034e-06
8.73075e-06
-2.30075e-06
-1.49952e-06
-7.06474e-06
-7.40796e-06
-1.05846e-05
-9.99309e-06
-1.23985e-05
-1.08444e-05
-1.23631e-05
-1.10157e-05
-1.07877e-05
-1.15774e-05
-9.05291e-06
-1.34863e-05
-8.30786e-06
-1.64133e-05
-8.70513e-06
-1.91508e-05
-1.01824e-05
-2.08482e-05
-1.09047e-05
-2.02061e-05
-9.61453e-06
-1.80291e-05
-7.99948e-06
-1.67152e-05
-9.58751e-06
-1.73635e-05
-1.44662e-05
-1.7105e-05
-2.16904e-05
-1.43493e-05
-3.04771e-05
-9.70637e-06
-3.65913e-05
-7.91662e-06
-3.79517e-05
-2.30794e-05
-4.03194e-05
-3.54199e-05
-3.24934e-05
-4.37422e-05
2.93906e-06
1.86918e-05
1.66022e-06
1.00097e-05
-1.99085e-06
2.15162e-06
-6.07676e-06
-3.32196e-06
-9.33377e-06
-6.73603e-06
-1.13012e-05
-8.87697e-06
-1.18851e-05
-1.04317e-05
-1.14035e-05
-1.2059e-05
-1.06759e-05
-1.42138e-05
-1.04002e-05
-1.66889e-05
-1.07346e-05
-1.88163e-05
-1.15844e-05
-1.99984e-05
-1.21064e-05
-1.9684e-05
-1.18861e-05
-1.82493e-05
-1.19621e-05
-1.66391e-05
-1.41495e-05
-1.51759e-05
-1.8752e-05
-1.25024e-05
-2.51207e-05
-7.98053e-06
-3.19078e-05
-2.9192e-06
-3.69865e-05
-2.83793e-06
-4.10327e-05
-1.90332e-05
-4.33564e-05
-3.30962e-05
-3.11606e-05
-4.46891e-05
1.53431e-06
1.71576e-05
3.84987e-07
1.11592e-05
-2.4518e-06
4.98852e-06
-5.72138e-06
-5.23422e-08
-8.553e-06
-3.9044e-06
-1.05382e-05
-6.8918e-06
-1.15897e-05
-9.38014e-06
-1.1922e-05
-1.17267e-05
-1.20049e-05
-1.41308e-05
-1.22491e-05
-1.64446e-05
-1.27913e-05
-1.8274e-05
-1.35604e-05
-1.92293e-05
-1.42228e-05
-1.90214e-05
-1.47066e-05
-1.77654e-05
-1.55688e-05
-1.57768e-05
-1.76867e-05
-1.3058e-05
-2.11716e-05
-9.01748e-06
-2.55343e-05
-3.61789e-06
-3.00131e-05
1.55967e-06
-3.4516e-05
1.66495e-06
-4.14963e-05
-1.2053e-05
-4.51124e-05
-2.948e-05
-3.00164e-05
-4.62567e-05
1.90376e-07
1.69673e-05
-9.4712e-07
1.22967e-05
-3.1598e-06
7.20129e-06
-5.74765e-06
2.53552e-06
-8.14623e-06
-1.50578e-06
-1.00572e-05
-4.98078e-06
-1.13946e-05
-8.04278e-06
-1.22747e-05
-1.08465e-05
-1.29552e-05
-1.34503e-05
-1.36694e-05
-1.57303e-05
-1.4512e-05
-1.74315e-05
-1.54504e-05
-1.82908e-05
-1.63577e-05
-1.81141e-05
-1.72404e-05
-1.68826e-05
-1.83647e-05
-1.46525e-05
-2.00734e-05
-1.13493e-05
-2.23259e-05
-6.765e-06
-2.47755e-05
-1.16815e-06
-2.71889e-05
3.97312e-06
-3.05561e-05
5.03216e-06
-3.89285e-05
-3.68059e-06
-4.81902e-05
-2.02183e-05
-2.84999e-05
-4.97067e-05
-7.48808e-07
1.77162e-05
-1.95927e-06
1.35073e-05
-3.74928e-06
8.99138e-06
-5.81308e-06
4.59934e-06
-7.83758e-06
5.18729e-07
-9.62364e-06
-3.19474e-06
-1.10989e-05
-6.56758e-06
-1.23151e-05
-9.63026e-06
-1.34039e-05
-1.23615e-05
-1.44884e-05
-1.46458e-05
-1.56209e-05
-1.6299e-05
-1.67815e-05
-1.71301e-05
-1.79076e-05
-1.69879e-05
-1.89893e-05
-1.58008e-05
-2.0107e-05
-1.35348e-05
-2.13274e-05
-1.01289e-05
-2.2526e-05
-5.5663e-06
-2.34678e-05
-2.26281e-07
-2.41828e-05
4.68816e-06
-2.58798e-05
6.72919e-06
-3.20518e-05
2.49134e-06
-4.2817e-05
-9.45315e-06
-2.19279e-05
-4.9389e-05
-1.26285e-06
1.89791e-05
-2.5049e-06
1.47496e-05
-3.98889e-06
1.04754e-05
-5.65558e-06
6.26609e-06
-7.3641e-06
2.22726e-06
-8.99682e-06
-1.56204e-06
-1.05027e-05
-5.06172e-06
-1.18968e-05
-8.23607e-06
-1.32373e-05
-1.1021e-05
-1.4578e-05
-1.3305e-05
-1.59344e-05
-1.49425e-05
-1.72785e-05
-1.5786e-05
-1.8554e-05
-1.57125e-05
-1.97128e-05
-1.4642e-05
-2.07211e-05
-1.25264e-05
-2.1506e-05
-9.34397e-06
-2.1895e-05
-5.17731e-06
-2.16958e-05
-4.25532e-07
-2.09571e-05
3.94941e-06
-2.04773e-05
6.24944e-06
-2.23218e-05
4.33587e-06
-2.8897e-05
-2.87796e-06
-1.25966e-05
-3.82283e-05
-1.39935e-06
2.03786e-05
-2.55013e-06
1.59004e-05
-3.76677e-06
1.16921e-05
-5.10982e-06
7.60923e-06
-6.5407e-06
3.65817e-06
-8.0036e-06
-9.91247e-08
-9.46505e-06
-3.60025e-06
-1.09217e-05
-6.7794e-06
-1.23891e-05
-9.55355e-06
-1.38779e-05
-1.18163e-05
-1.53741e-05
-1.34464e-05
-1.68343e-05
-1.43259e-05
-1.81906e-05
-1.43562e-05
-1.93633e-05
-1.34694e-05
-2.02581e-05
-1.16317e-05
-2.07426e-05
-8.85946e-06
-2.06364e-05
-5.28365e-06
-1.97837e-05
-1.2782e-06
-1.82391e-05
2.40464e-06
-1.65707e-05
4.58107e-06
-1.61236e-05
3.88872e-06
-1.87766e-05
-2.24945e-07
-6.02384e-06
-2.53494e-05
-1.189e-06
2.15676e-05
-2.1172e-06
1.68287e-05
-3.05466e-06
1.26297e-05
-4.10555e-06
8.66017e-06
-5.28136e-06
4.83401e-06
-6.56212e-06
1.18164e-06
-7.92673e-06
-2.23562e-06
-9.36248e-06
-5.34364e-06
-1.08607e-05
-8.05535e-06
-1.24048e-05
-1.02721e-05
-1.39599e-05
-1.18913e-05
-1.54683e-05
-1.28176e-05
-1.68506e-05
-1.2974e-05
-1.80094e-05
-1.23107e-05
-1.88273e-05
-1.08139e-05
-1.91609e-05
-8.52588e-06
-1.88533e-05
-5.59127e-06
-1.77997e-05
-2.33186e-06
-1.60838e-05
6.88736e-07
-1.4171e-05
2.66823e-06
-1.30688e-05
2.78655e-06
-1.40791e-05
7.85386e-07
-2.19939e-06
-1.79036e-05
-6.65608e-07
2.22333e-05
-1.26013e-06
1.74232e-05
-1.88857e-06
1.32581e-05
-2.65869e-06
9.43031e-06
-3.5909e-06
5.76623e-06
-4.6802e-06
2.27097e-06
-5.91155e-06
-1.00424e-06
-7.26665e-06
-3.98852e-06
-8.72292e-06
-6.59906e-06
-1.02477e-05
-8.7473e-06
-1.17927e-05
-1.03464e-05
-1.32909e-05
-1.13195e-05
-1.46568e-05
-1.16081e-05
-1.57881e-05
-1.11794e-05
-1.65662e-05
-1.00359e-05
-1.68601e-05
-8.2319e-06
-1.65466e-05
-5.90476e-06
-1.55643e-05
-3.31424e-06
-1.4007e-05
-8.68569e-07
-1.22447e-05
9.05976e-07
-1.09809e-05
1.52265e-06
-1.10684e-05
8.72941e-07
-3.7974e-07
-1.2888e-05
1.26554e-07
2.21067e-05
-3.55545e-08
1.75854e-05
-3.61133e-07
1.35837e-05
-8.58081e-07
9.92725e-06
-1.55298e-06
6.46115e-06
-2.44411e-06
3.16214e-06
-3.51661e-06
6.82715e-08
-4.74809e-06
-2.75702e-06
-6.10821e-06
-5.23892e-06
-7.55551e-06
-7.29999e-06
-9.03456e-06
-8.86732e-06
-1.04746e-05
-9.87949e-06
-1.179e-05
-1.02928e-05
-1.28818e-05
-1.00877e-05
-1.36414e-05
-9.27635e-06
-1.39579e-05
-7.9154e-06
-1.37387e-05
-6.12396e-06
-1.295e-05
-4.10291e-06
-1.16783e-05
-2.1403e-06
-1.01964e-05
-5.75876e-07
-8.97328e-06
2.99479e-07
-8.53965e-06
4.39295e-07
2.09988e-07
-9.12937e-06
1.09353e-06
2.10132e-05
1.34284e-06
1.73361e-05
1.36731e-06
1.35592e-05
1.14517e-06
1.01494e-05
6.84593e-07
6.92176e-06
-1.9812e-09
3.84874e-06
-8.96134e-07
9.62427e-07
-1.97201e-06
-1.68116e-06
-3.19504e-06
-4.0159e-06
-4.51985e-06
-5.97521e-06
-5.88879e-06
-7.49843e-06
-7.2317e-06
-8.53665e-06
-8.46698e-06
-9.05762e-06
-9.5041e-06
-9.05063e-06
-1.02481e-05
-8.5324e-06
-1.06085e-05
-7.55514e-06
-1.0516e-05
-6.21648e-06
-9.95166e-06
-4.66721e-06
-8.98468e-06
-3.10726e-06
-7.80364e-06
-1.75691e-06
-6.71358e-06
-7.9059e-07
-6.03923e-06
-2.35075e-07
1.03649e-07
-5.93292e-06
1.94274e-06
1.90705e-05
2.73474e-06
1.6544e-05
3.10183e-06
1.31921e-05
3.15348e-06
1.00978e-05
2.93009e-06
7.14517e-06
2.45722e-06
4.32163e-06
1.75929e-06
1.66037e-06
8.65026e-07
-7.86917e-07
-1.88767e-07
-2.96214e-06
-1.35581e-06
-4.8082e-06
-2.57941e-06
-6.27488e-06
-3.79291e-06
-7.32321e-06
-4.92137e-06
-7.92923e-06
-5.88448e-06
-8.08758e-06
-6.60138e-06
-7.81552e-06
-6.9988e-06
-7.15777e-06
-7.02416e-06
-6.19118e-06
-6.66484e-06
-5.02655e-06
-5.97028e-06
-3.80185e-06
-5.06668e-06
-2.66054e-06
-4.14649e-06
-1.71081e-06
-3.4093e-06
-9.72294e-07
-3.48871e-07
-2.95679e-06
2.57631e-06
1.64942e-05
3.88918e-06
1.52311e-05
4.6125e-06
1.24688e-05
4.94927e-06
9.76099e-06
4.97536e-06
7.1191e-06
4.73135e-06
4.56568e-06
4.24859e-06
2.14316e-06
3.55914e-06
-9.74622e-08
2.70101e-06
-2.10402e-06
1.71986e-06
-3.82709e-06
6.69806e-07
-5.22486e-06
-3.87523e-07
-6.26592e-06
-1.38485e-06
-6.93194e-06
-2.25225e-06
-7.22021e-06
-2.92157e-06
-7.14619e-06
-3.33329e-06
-6.74604e-06
-3.44614e-06
-6.07836e-06
-3.24932e-06
-5.2234e-06
-2.77502e-06
-4.27617e-06
-2.10484e-06
-3.33076e-06
-1.35841e-06
-2.45727e-06
-6.58713e-07
-1.67202e-06
-9.30233e-07
-7.73634e-08
2.86505e-06
1.36291e-05
4.62611e-06
1.347e-05
5.70689e-06
1.1388e-05
6.34403e-06
9.12383e-06
6.63703e-06
6.82612e-06
6.63978e-06
4.56297e-06
6.39096e-06
2.39201e-06
5.92631e-06
3.6719e-07
5.28496e-06
-1.4627e-06
4.51145e-06
-3.05362e-06
3.65667e-06
-4.37011e-06
2.77681e-06
-5.38608e-06
1.93157e-06
-6.08671e-06
1.18136e-06
-6.47001e-06
5.83511e-07
-6.54831e-06
1.86908e-07
-6.3494e-06
2.53003e-08
-5.91675e-06
1.09356e-07
-5.30747e-06
4.20032e-07
-4.58688e-06
9.07541e-07
-3.8183e-06
1.49709e-06
-3.04687e-06
2.11223e-06
-2.28719e-06
-1.52068e-06
2.70266e-06
2.82828e-06
1.08008e-05
4.8956e-06
1.14026e-05
6.29864e-06
9.98489e-06
7.23333e-06
8.1891e-06
7.80057e-06
6.25888e-06
8.06062e-06
4.30296e-06
8.0574e-06
2.39524e-06
7.83012e-06
5.9443e-07
7.41853e-06
-1.05118e-06
6.86622e-06
-2.5014e-06
6.22076e-06
-3.7247e-06
5.53303e-06
-4.69839e-06
4.85572e-06
-5.40942e-06
4.24097e-06
-5.85526e-06
3.7372e-06
-6.04454e-06
3.38524e-06
-5.99742e-06
3.21353e-06
-5.74504e-06
3.2335e-06
-5.32747e-06
3.4359e-06
-4.78931e-06
3.79019e-06
-4.17264e-06
4.25123e-06
-3.50795e-06
4.77084e-06
-2.80683e-06
-2.06305e-06
5.31321e-06
2.5904e-06
8.21031e-06
4.78974e-06
9.20321e-06
6.43022e-06
8.34433e-06
7.62224e-06
6.99703e-06
8.44459e-06
5.43651e-06
8.95294e-06
3.7946e-06
9.19154e-06
2.15662e-06
9.20052e-06
5.85387e-07
9.01975e-06
-8.70531e-07
8.69119e-06
-2.17296e-06
8.25906e-06
-3.29267e-06
7.76933e-06
-4.20871e-06
7.26842e-06
-4.90853e-06
6.80135e-06
-5.38819e-06
6.40933e-06
-5.65252e-06
6.12688e-06
-5.71497e-06
5.97869e-06
-5.59685e-06
5.97664e-06
-5.32543e-06
6.11792e-06
-4.93061e-06
6.38545e-06
-4.44019e-06
6.7518e-06
-3.87431e-06
7.18642e-06
-3.24146e-06
-2.54031e-06
7.66369e-06
2.28529e-06
5.92499e-06
4.46348e-06
7.02497e-06
6.22748e-06
6.58025e-06
7.60186e-06
5.62259e-06
8.62997e-06
4.40836e-06
9.35303e-06
3.07152e-06
9.8095e-06
1.70011e-06
1.00369e-05
3.57881e-07
1.00734e-05
-9.07055e-07
9.9581e-06
-2.05782e-06
9.73174e-06
-3.0664e-06
9.43552e-06
-3.91253e-06
9.11024e-06
-4.58327e-06
8.79486e-06
-5.07279e-06
8.52462e-06
-5.38226e-06
8.32906e-06
-5.51939e-06
8.22988e-06
-5.49766e-06
8.2391e-06
-5.33465e-06
8.35813e-06
-5.04965e-06
8.57828e-06
-4.66034e-06
8.88332e-06
-4.17936e-06
9.25385e-06
-3.61198e-06
-2.95799e-06
9.67155e-06
1.99159e-06
3.93339e-06
4.04821e-06
4.9683e-06
5.82853e-06
4.79987e-06
7.29719e-06
4.15389e-06
8.46281e-06
3.24269e-06
9.34789e-06
2.18637e-06
9.98089e-06
1.06706e-06
1.03935e-05
-5.48128e-08
1.06197e-05
-1.13331e-06
1.06949e-05
-2.1331e-06
1.06555e-05
-3.02705e-06
1.05381e-05
-3.79507e-06
1.03782e-05
-4.42336e-06
1.02095e-05
-4.90411e-06
1.00624e-05
-5.23507e-06
9.96213e-06
-5.41915e-06
9.92802e-06
-5.46354e-06
9.97183e-06
-5.37846e-06
1.00975e-05
-5.17531e-06
1.03015e-05
-4.86437e-06
1.05747e-05
-4.4526e-06
1.09049e-05
-3.94216e-06
-3.33212e-06
1.1279e-05
1.73543e-06
2.19795e-06
3.62112e-06
3.08257e-06
5.33899e-06
3.08199e-06
6.8225e-06
2.67034e-06
8.05497e-06
2.01014e-06
9.04188e-06
1.19937e-06
9.80059e-06
3.08268e-07
1.03553e-05
-6.09557e-07
1.07342e-05
-1.51227e-06
1.09679e-05
-2.36679e-06
1.10879e-05
-3.14712e-06
1.11261e-05
-3.83324e-06
1.11133e-05
-4.41051e-06
1.10784e-05
-4.86917e-06
1.10474e-05
-5.20406e-06
1.10423e-05
-5.41402e-06
1.108e-05
-5.50127e-06
1.11719e-05
-5.47032e-06
1.13231e-05
-5.32657e-06
1.15335e-05
-5.07475e-06
1.17982e-05
-4.71734e-06
1.21097e-05
-4.25365e-06
-3.68127e-06
1.24588e-05
1.51725e-06
6.807e-07
3.2165e-06
1.38332e-06
4.8236e-06
1.47492e-06
6.26161e-06
1.2323e-06
7.49978e-06
7.71893e-07
8.53146e-06
1.67601e-07
9.36434e-06
-5.24698e-07
1.00151e-05
-1.26036e-06
1.05057e-05
-2.00286e-06
1.08611e-05
-2.72227e-06
1.11082e-05
-3.39413e-06
1.12738e-05
-3.99879e-06
1.13842e-05
-4.52091e-06
1.14642e-05
-4.94916e-06
1.15361e-05
-5.27586e-06
1.16187e-05
-5.49661e-06
1.1727e-05
-5.60963e-06
1.18717e-05
-5.61495e-06
1.20585e-05
-5.5134e-06
1.22891e-05
-5.30537e-06
1.25615e-05
-4.98976e-06
1.28712e-05
-4.56336e-06
-4.02197e-06
1.3212e-05
1.33039e-06
-6.49685e-07
2.84517e-06
-1.31449e-07
4.31597e-06
4.15272e-09
5.66775e-06
-1.1948e-07
6.86472e-06
-4.25139e-07
7.89341e-06
-8.6116e-07
8.75455e-06
-1.3859e-06
9.45816e-06
-1.96399e-06
1.00203e-05
-2.56498e-06
1.04607e-05
-3.16263e-06
1.08011e-05
-3.73447e-06
1.10639e-05
-4.26156e-06
1.12713e-05
-4.72822e-06
1.14441e-05
-5.12191e-06
1.16012e-05
-5.433e-06
1.17591e-05
-5.65445e-06
1.19308e-05
-5.78134e-06
1.21261e-05
-5.81024e-06
1.23511e-05
-5.73836e-06
1.26084e-05
-5.56268e-06
1.28978e-05
-5.2792e-06
1.32169e-05
-4.88243e-06
-4.36643e-06
1.35614e-05
1.16857e-06
-1.81826e-06
2.5075e-06
-1.47036e-06
3.83065e-06
-1.31898e-06
5.07115e-06
-1.36e-06
6.19423e-06
-1.54824e-06
7.1836e-06
-1.85056e-06
8.03549e-06
-2.23781e-06
8.75487e-06
-2.68337e-06
9.35274e-06
-3.16283e-06
9.84403e-06
-3.65387e-06
1.0246e-05
-4.13634e-06
1.05768e-05
-4.59229e-06
1.08547e-05
-5.00607e-06
1.10971e-05
-5.36435e-06
1.13202e-05
-5.65604e-06
1.15379e-05
-5.87211e-06
1.17618e-05
-6.00521e-06
1.20007e-05
-6.04916e-06
1.22608e-05
-5.99837e-06
1.25452e-05
-5.84711e-06
1.2855e-05
-5.58897e-06
1.31891e-05
-5.21649e-06
-4.72199e-06
1.35447e-05
1.02714e-06
-2.84541e-06
2.2003e-06
-2.64352e-06
3.37229e-06
-2.49098e-06
4.48767e-06
-2.47539e-06
5.51575e-06
-2.57633e-06
6.44005e-06
-2.77485e-06
7.25424e-06
-3.05199e-06
7.95971e-06
-3.38882e-06
8.56345e-06
-3.76653e-06
9.07631e-06
-4.16668e-06
9.51155e-06
-4.57152e-06
9.88365e-06
-4.96433e-06
1.02074e-05
-5.3298e-06
1.04973e-05
-5.65419e-06
1.07667e-05
-5.92545e-06
1.10277e-05
-6.13307e-06
1.12904e-05
-6.26787e-06
1.15629e-05
-6.32161e-06
1.1851e-05
-6.28649e-06
1.21585e-05
-6.15463e-06
1.24872e-05
-5.91764e-06
1.28371e-05
-5.56631e-06
-5.09136e-06
1.32065e-05
9.02203e-07
-3.74762e-06
1.91878e-06
-3.66012e-06
2.94044e-06
-3.51269e-06
3.92451e-06
-3.45948e-06
4.84548e-06
-3.49729e-06
5.68785e-06
-3.6172e-06
6.4441e-06
-3.8082e-06
7.1132e-06
-4.05787e-06
7.69915e-06
-4.35243e-06
8.20952e-06
-4.677e-06
8.65423e-06
-5.01617e-06
9.04454e-06
-5.35458e-06
9.39225e-06
-5.67747e-06
9.70915e-06
-5.97105e-06
1.00064e-05
-6.22269e-06
1.02943e-05
-6.4209e-06
1.05816e-05
-6.5552e-06
1.08758e-05
-6.61583e-06
1.11827e-05
-6.59331e-06
1.15062e-05
-6.47811e-06
1.18488e-05
-6.26019e-06
1.22113e-05
-5.92886e-06
-5.47332e-06
1.25933e-05
7.88868e-07
-4.5365e-06
1.65639e-06
-4.52768e-06
2.53154e-06
-4.38789e-06
3.38377e-06
-4.31172e-06
4.19234e-06
-4.30584e-06
4.94307e-06
-4.36788e-06
5.628e-06
-4.49308e-06
6.24468e-06
-4.6745e-06
6.795e-06
-4.90268e-06
7.28398e-06
-5.16592e-06
7.71884e-06
-5.45095e-06
8.10808e-06
-5.74377e-06
8.46096e-06
-6.03031e-06
8.78693e-06
-6.29699e-06
9.09521e-06
-6.53094e-06
9.39447e-06
-6.72014e-06
9.69255e-06
-6.85326e-06
9.99622e-06
-6.91948e-06
1.03111e-05
-6.90814e-06
1.06414e-05
-6.80843e-06
1.09903e-05
-6.60907e-06
1.13596e-05
-6.2981e-06
-5.86339e-06
1.17496e-05
6.80559e-07
-5.21708e-06
1.40518e-06
-5.25237e-06
2.14004e-06
-5.1228e-06
2.86431e-06
-5.03601e-06
3.56052e-06
-5.00203e-06
4.21553e-06
-5.02286e-06
4.82147e-06
-5.09897e-06
5.37516e-06
-5.22814e-06
5.87713e-06
-5.40459e-06
6.33053e-06
-5.61927e-06
6.7404e-06
-5.86077e-06
7.11302e-06
-6.11635e-06
7.45544e-06
-6.37271e-06
7.77513e-06
-6.61666e-06
8.07962e-06
-6.83542e-06
8.37623e-06
-7.01674e-06
8.67184e-06
-7.14886e-06
8.97269e-06
-7.22031e-06
9.28425e-06
-7.21968e-06
9.61113e-06
-7.1353e-06
9.95704e-06
-6.95496e-06
1.03247e-05
-6.66577e-06
-6.25444e-06
1.07158e-05
5.6951e-07
-5.78661e-06
1.156e-06
-5.83895e-06
1.75899e-06
-5.72585e-06
2.36307e-06
-5.64011e-06
2.95143e-06
-5.59039e-06
3.51133e-06
-5.58275e-06
4.03525e-06
-5.62287e-06
4.51995e-06
-5.71281e-06
4.96519e-06
-5.84979e-06
5.37284e-06
-6.02689e-06
5.74628e-06
-6.23419e-06
6.08997e-06
-6.46003e-06
6.40919e-06
-6.69192e-06
6.70972e-06
-6.91719e-06
6.99764e-06
-7.12334e-06
7.27908e-06
-7.2982e-06
7.56009e-06
-7.42987e-06
7.84639e-06
-7.50661e-06
8.14335e-06
-7.51663e-06
8.45584e-06
-7.44778e-06
8.78822e-06
-7.28733e-06
9.14422e-06
-7.02176e-06
-6.63702e-06
9.52681e-06
4.46036e-07
-6.2327e-06
8.98018e-07
-6.29104e-06
1.38108e-06
-6.20898e-06
1.87704e-06
-6.13612e-06
2.36613e-06
-6.07952e-06
2.83532e-06
-6.05196e-06
3.27788e-06
-6.06545e-06
3.6911e-06
-6.12603e-06
4.0746e-06
-6.2333e-06
4.42951e-06
-6.3818e-06
4.75802e-06
-6.56272e-06
5.06323e-06
-6.76527e-06
5.34898e-06
-6.9777e-06
5.61968e-06
-7.18792e-06
5.88016e-06
-7.38386e-06
6.13552e-06
-7.5536e-06
6.39101e-06
-7.68538e-06
6.65186e-06
-7.76749e-06
6.92326e-06
-7.78804e-06
7.21025e-06
-7.73478e-06
7.51775e-06
-7.59484e-06
7.8505e-06
-7.35452e-06
-6.99945e-06
8.21292e-06
2.94776e-07
-6.52754e-06
6.20146e-07
-6.61654e-06
1.00186e-06
-6.59078e-06
1.40668e-06
-6.54101e-06
1.80838e-06
-6.48127e-06
2.19371e-06
-6.43734e-06
2.55775e-06
-6.42954e-06
2.89919e-06
-6.46751e-06
3.21815e-06
-6.5523e-06
3.51551e-06
-6.6792e-06
3.79277e-06
-6.84003e-06
4.05205e-06
-7.02462e-06
4.29611e-06
-7.22182e-06
4.52824e-06
-7.42012e-06
4.75223e-06
-7.60791e-06
4.97224e-06
-7.77366e-06
5.1927e-06
-7.9059e-06
5.41831e-06
-7.99313e-06
5.6539e-06
-8.02367e-06
5.90453e-06
-7.98545e-06
6.17546e-06
-7.8658e-06
6.47224e-06
-7.65133e-06
-7.3279e-06
6.80066e-06
8.76447e-08
-6.61526e-06
3.15689e-07
-6.8447e-06
6.24608e-07
-6.89979e-06
9.59962e-07
-6.87645e-06
1.28732e-06
-6.80871e-06
1.59568e-06
-6.74577e-06
1.88418e-06
-6.7181e-06
2.15405e-06
-6.73745e-06
2.40654e-06
-6.80485e-06
2.64275e-06
-6.91547e-06
2.86386e-06
-7.06121e-06
3.07137e-06
-7.23221e-06
3.26723e-06
-7.41776e-06
3.45384e-06
-7.60681e-06
3.63406e-06
-7.78821e-06
3.81116e-06
-7.95083e-06
3.98876e-06
-8.08356e-06
4.17081e-06
-8.17524e-06
4.36161e-06
-8.21453e-06
4.56587e-06
-8.18976e-06
4.78882e-06
-8.0888e-06
5.03636e-06
-7.89892e-06
-7.6068e-06
5.31521e-06
-2.36248e-07
-6.3791e-06
-1.99739e-08
-7.06109e-06
2.62377e-07
-7.18223e-06
5.55582e-07
-7.16974e-06
8.18452e-07
-7.07166e-06
1.05306e-06
-6.98045e-06
1.26664e-06
-6.93174e-06
1.46401e-06
-6.93488e-06
1.64786e-06
-6.98877e-06
1.81974e-06
-7.08742e-06
1.98073e-06
-7.22227e-06
2.13193e-06
-7.38348e-06
2.27465e-06
-7.56056e-06
2.41055e-06
-7.74279e-06
2.54164e-06
-7.91938e-06
2.67029e-06
-8.07955e-06
2.79919e-06
-8.21253e-06
2.93139e-06
-8.3075e-06
3.07034e-06
-8.35353e-06
3.21996e-06
-8.33944e-06
3.38485e-06
-8.25373e-06
3.5705e-06
-8.08462e-06
-7.82006e-06
3.7837e-06
-7.17345e-07
-5.66183e-06
-4.12559e-07
-7.36594e-06
-3.48499e-08
-7.56e-06
2.29312e-07
-7.43395e-06
4.21586e-07
-7.26398e-06
5.77123e-07
-7.13604e-06
7.1195e-07
-7.06662e-06
8.33701e-07
-7.05668e-06
9.46006e-07
-7.10113e-06
1.05057e-06
-7.19204e-06
1.14832e-06
-7.32008e-06
1.23996e-06
-7.47518e-06
1.32627e-06
-7.64693e-06
1.40821e-06
-7.8248e-06
1.48697e-06
-7.9982e-06
1.56398e-06
-8.15661e-06
1.6409e-06
-8.2895e-06
1.71967e-06
-8.38632e-06
1.80255e-06
-8.43645e-06
1.89219e-06
-8.42912e-06
1.9918e-06
-8.35339e-06
2.10541e-06
-8.19826e-06
-7.95291e-06
2.23823e-06
-1.30624e-06
-4.81739e-07
-1.28703e-07
2.22806e-08
1.10488e-07
1.71085e-07
2.19114e-07
2.60815e-07
2.98684e-07
3.33712e-07
3.66327e-07
3.96786e-07
4.25337e-07
4.5228e-07
4.77994e-07
5.02946e-07
5.27699e-07
5.52921e-07
5.79408e-07
6.08121e-07
6.40258e-07
6.77365e-07
7.21609e-07
6.81883e-05
3.662e-06
6.81013e-05
8.70259e-08
7.2037e-05
-3.93567e-06
-7.60095e-06
7.96379e-05
6.98779e-05
-1.0153e-06
7.35502e-05
-3.58532e-06
7.6075e-05
-6.4605e-06
-9.44166e-06
7.79157e-05
6.95705e-05
-4.46189e-06
7.248e-05
-6.49483e-06
7.46543e-05
-8.63481e-06
-1.08626e-05
7.60752e-05
7.17746e-05
-8.28281e-06
7.50367e-05
-9.75693e-06
7.73992e-05
-1.09973e-05
-1.24695e-05
7.90061e-05
7.82418e-05
-1.2931e-05
8.12744e-05
-1.27896e-05
8.25235e-05
-1.22464e-05
-1.10916e-05
8.11456e-05
3.58906e-05
-1.74e-05
3.84224e-05
-1.53213e-05
3.85356e-05
-1.23596e-05
-9.00819e-06
3.64522e-05
1.14162e-05
-1.69681e-05
1.04018e-05
-1.4307e-05
7.4957e-06
-9.45344e-06
-1.44947e-06
-6.3051e-08
-1.00836e-05
-1.42747e-05
-1.77407e-05
-6.64997e-06
-2.82934e-05
1.09929e-06
1.00369e-05
-3.97798e-05
-3.74563e-05
-9.41244e-06
-4.34227e-05
-6.83686e-07
-5.0486e-05
8.16267e-06
1.66003e-05
-5.70494e-05
-4.4756e-05
-8.39864e-06
-4.4527e-05
-9.12692e-07
-4.5037e-05
8.67271e-06
1.77081e-05
-4.61449e-05
-4.29863e-05
-1.01014e-05
-3.82522e-05
-5.64668e-06
-3.31941e-05
3.61459e-06
1.48377e-05
-3.03236e-05
-4.5898e-05
-1.04601e-05
-4.40593e-05
-7.48542e-06
-3.77689e-05
-2.67581e-06
6.90251e-06
-2.98337e-05
-4.91392e-05
-1.10276e-05
-4.76124e-05
-9.01224e-06
-4.54366e-05
-4.85164e-06
5.04749e-07
-3.90388e-05
-4.98777e-05
-1.05389e-05
-5.0572e-05
-8.31789e-06
-4.9803e-05
-5.62069e-06
-2.6819e-06
-4.66164e-05
-4.17571e-05
-7.01013e-06
-4.36058e-05
-6.46914e-06
-4.41496e-05
-5.07692e-06
-3.42103e-06
-4.34104e-05
-2.87078e-05
-3.65167e-06
-3.1504e-05
-3.67293e-06
-3.33147e-05
-3.26623e-06
-2.58031e-06
-3.41554e-05
-2.00138e-05
-1.5415e-06
-2.20342e-05
-1.65247e-06
-2.37203e-05
-1.58019e-06
-1.36031e-06
-2.49402e-05
-1.40431e-05
-3.86477e-07
-1.52504e-05
-4.45124e-07
-1.63804e-05
-4.50202e-07
-4.04136e-07
-1.73365e-05
-9.62484e-06
1.09011e-07
-1.01959e-05
1.25983e-07
-1.07837e-05
1.37558e-07
1.48084e-07
-1.13359e-05
-6.0196e-06
1.95682e-07
-6.16972e-06
2.76073e-07
-6.36026e-06
3.28079e-07
3.55959e-07
-6.56813e-06
-2.8203e-06
5.91747e-08
-2.72656e-06
1.82317e-07
-2.67028e-06
2.71802e-07
3.30414e-07
-2.64473e-06
1.60479e-07
-1.78676e-07
3.73586e-07
-3.07804e-08
5.59481e-07
8.59226e-08
1.72973e-07
7.16934e-07
2.96905e-06
-4.45069e-07
3.22368e-06
-2.85408e-07
3.46114e-06
-1.51519e-07
-4.27459e-08
3.67688e-06
5.57063e-06
-7.02485e-07
5.82432e-06
-5.39091e-07
6.06822e-06
-3.9541e-07
-2.71338e-07
6.29683e-06
7.8971e-06
-9.3589e-07
8.13117e-06
-7.73154e-07
8.3602e-06
-6.2443e-07
-4.90002e-07
8.57888e-06
9.87923e-06
-1.14356e-06
1.00895e-05
-9.83421e-07
1.02974e-05
-8.3227e-07
-6.90653e-07
1.0498e-05
1.14661e-05
-1.33063e-06
1.16563e-05
-1.17359e-06
1.18453e-05
-1.02125e-06
-8.74318e-07
1.2029e-05
1.26329e-05
-1.50473e-06
1.281e-05
-1.35058e-06
1.29862e-05
-1.19751e-06
-1.0463e-06
1.31582e-05
1.33806e-05
-1.67336e-06
1.35517e-05
-1.52165e-06
1.37222e-05
-1.36796e-06
-1.21309e-06
1.3889e-05
1.37306e-05
-1.84251e-06
1.39018e-05
-1.69284e-06
1.40724e-05
-1.53858e-06
-1.38051e-06
1.42399e-05
1.37183e-05
-2.0161e-06
1.38938e-05
-1.8683e-06
1.40689e-05
-1.71368e-06
-1.55292e-06
1.42413e-05
1.33864e-05
-2.196e-06
1.35683e-05
-2.05021e-06
1.37503e-05
-1.89567e-06
-1.73294e-06
1.39303e-05
1.27795e-05
-2.38223e-06
1.29682e-05
-2.23892e-06
1.31578e-05
-2.08521e-06
-1.9215e-06
1.33464e-05
1.19407e-05
-2.57322e-06
1.2135e-05
-2.43324e-06
1.23312e-05
-2.28145e-06
-2.11808e-06
1.25278e-05
1.09087e-05
-2.76608e-06
1.1106e-05
-2.63057e-06
1.13067e-05
-2.48212e-06
-2.32077e-06
1.15094e-05
9.71737e-06
-2.95665e-06
9.9138e-06
-2.82699e-06
1.01153e-05
-2.68361e-06
-2.52632e-06
1.03208e-05
8.39572e-06
-3.13947e-06
8.58588e-06
-3.01716e-06
8.783e-06
-2.88073e-06
-2.7298e-06
8.98647e-06
6.96884e-06
-3.30768e-06
7.14571e-06
-3.19405e-06
7.33134e-06
-3.06638e-06
-2.92414e-06
7.52566e-06
5.46047e-06
-3.45298e-06
5.61516e-06
-3.34877e-06
5.77985e-06
-3.23109e-06
-3.09939e-06
5.95508e-06
3.89669e-06
-3.566e-06
4.01865e-06
-3.47076e-06
4.15059e-06
-3.36304e-06
-3.24241e-06
4.29359e-06
2.31018e-06
-3.63798e-06
2.389e-06
-3.5496e-06
2.47579e-06
-3.44984e-06
-3.33851e-06
2.57187e-06
7.46251e-07
7.73698e-07
8.04518e-07
8.39453e-07
7.12836e-05
-3.6892e-05
6.70844e-05
-4.50115e-05
6.34779e-05
-3.94656e-05
5.86771e-05
-2.36e-05
4.91397e-05
7.84477e-07
3.73701e-05
2.28125e-05
2.79822e-05
3.16114e-05
1.96901e-05
2.80037e-05
1.29582e-05
1.85562e-05
8.9849e-06
1.46903e-05
8.59675e-06
1.45353e-05
1.47904e-05
1.82812e-05
2.14781e-05
2.157e-05
2.36728e-05
2.15162e-05
2.23412e-05
1.85171e-05
2.50177e-05
8.79523e-06
2.77722e-05
1.30363e-06
1.9108e-05
2.48877e-07
3.381e-06
7.49067e-05
-3.3883e-05
6.94207e-05
-3.95256e-05
6.29924e-05
-3.30373e-05
5.4536e-05
-1.51437e-05
4.25507e-05
1.27698e-05
3.45803e-05
3.07829e-05
2.76507e-05
3.8541e-05
2.02759e-05
3.53785e-05
1.32185e-05
2.56136e-05
6.83347e-06
2.10753e-05
3.92956e-06
1.74392e-05
6.88155e-06
1.53292e-05
1.35527e-05
1.48989e-05
1.94321e-05
1.56368e-05
2.30121e-05
1.4937e-05
2.84732e-05
3.33411e-06
3.4122e-05
-4.34516e-06
2.66963e-05
7.67456e-06
3.00773e-05
7.56395e-05
-3.34473e-05
6.80608e-05
-3.19469e-05
5.44216e-05
-1.93981e-05
4.03089e-05
-1.03103e-06
2.87553e-05
2.43234e-05
2.60208e-05
3.35174e-05
2.46831e-05
3.98788e-05
2.17213e-05
3.83402e-05
1.5358e-05
3.19769e-05
7.28995e-06
2.91433e-05
2.65056e-06
2.20786e-05
4.53951e-06
1.34402e-05
9.24981e-06
1.01886e-05
1.47991e-05
1.00875e-05
2.09007e-05
8.8354e-06
2.5203e-05
-9.68161e-07
3.04174e-05
-9.55961e-06
2.71639e-05
1.09281e-05
5.72412e-05
7.93755e-05
-3.38166e-05
6.52347e-05
-1.78062e-05
3.06734e-05
1.51632e-05
1.06997e-05
1.89427e-05
7.13729e-06
2.78859e-05
6.19627e-06
3.44585e-05
7.37255e-06
3.87025e-05
1.19246e-05
3.37882e-05
1.32902e-05
3.06114e-05
1.19502e-05
3.04833e-05
8.38769e-06
2.56412e-05
6.2469e-06
1.5581e-05
5.90272e-06
1.05328e-05
7.60596e-06
8.38426e-06
1.09341e-05
5.50722e-06
1.42325e-05
-4.26654e-06
1.60318e-05
-1.13589e-05
1.20812e-05
1.48787e-05
6.93224e-05
6.53397e-05
-1.80108e-05
3.22438e-05
1.52898e-05
-1.47964e-06
4.88866e-05
-1.05434e-05
2.80065e-05
-8.39773e-06
2.57401e-05
-1.11269e-05
3.71877e-05
-4.40885e-06
3.19844e-05
3.36164e-06
2.60177e-05
9.41843e-06
2.45546e-05
1.31633e-05
2.67384e-05
1.35758e-05
2.52287e-05
8.6199e-06
2.0537e-05
1.42604e-06
1.77267e-05
-6.2805e-06
1.60908e-05
-1.13833e-05
1.061e-05
-8.83617e-06
-6.81368e-06
-8.53538e-06
-1.16597e-05
-9.98791e-06
1.63313e-05
5.93345e-05
2.11084e-05
-2.66702e-06
-8.40345e-06
4.48015e-05
-1.57864e-05
5.62697e-05
-1.54233e-05
2.76433e-05
-1.47007e-05
2.50174e-05
-1.23992e-05
3.48862e-05
-4.77871e-06
2.43639e-05
1.62919e-06
1.96097e-05
7.52951e-06
1.86542e-05
1.27531e-05
2.15147e-05
1.52212e-05
2.27607e-05
9.90382e-06
2.58543e-05
-3.58879e-06
3.12193e-05
-2.64407e-05
3.89427e-05
-3.43247e-05
1.84941e-05
-3.2529e-05
-8.60944e-06
-2.94445e-05
-1.47441e-05
-2.21292e-05
9.0159e-06
3.72053e-05
-2.73652e-05
2.46351e-05
-4.88193e-05
6.62554e-05
-4.50993e-05
5.25497e-05
-3.69032e-05
1.94474e-05
-2.1994e-05
1.01084e-05
-6.2982e-06
1.91903e-05
-3.64766e-07
1.84305e-05
3.88367e-06
1.53613e-05
6.08396e-06
1.6454e-05
7.2654e-06
2.03333e-05
9.09412e-06
2.09319e-05
8.37895e-06
2.65695e-05
3.10061e-06
3.64976e-05
-1.11131e-05
5.31564e-05
-2.49758e-05
3.23568e-05
-3.5668e-05
2.08278e-06
-3.78768e-05
-1.25354e-05
-2.37503e-05
-5.11059e-06
1.3455e-05
-6.63186e-05
5.1174e-05
-6.54689e-05
6.54057e-05
-4.59235e-05
3.30042e-05
-3.44886e-05
8.01243e-06
-2.5866e-05
1.48572e-06
-1.22887e-05
5.61303e-06
-2.63493e-06
8.77667e-06
2.83685e-06
9.88954e-06
4.91222e-06
1.43786e-05
4.91232e-06
2.03332e-05
5.22841e-06
2.06158e-05
5.86946e-06
2.59285e-05
8.96065e-06
3.34065e-05
1.66515e-05
4.54655e-05
9.27604e-06
3.97323e-05
-1.6939e-05
2.82978e-05
-3.72892e-05
7.81484e-06
-3.34875e-05
-8.91225e-06
-2.00325e-05
-6.64514e-05
6.0576e-05
-5.08655e-05
4.982e-05
-3.51454e-05
1.7284e-05
-2.80618e-05
9.28768e-07
-2.16003e-05
-4.97575e-06
-1.48427e-05
-1.14454e-06
-8.87146e-06
2.80539e-06
-5.12636e-06
6.14444e-06
-2.63154e-06
1.18838e-05
-7.76248e-07
1.84778e-05
-4.71465e-07
2.0311e-05
3.28952e-07
2.51281e-05
4.84167e-06
2.88938e-05
1.68136e-05
3.34936e-05
1.71497e-05
3.93962e-05
9.53836e-06
3.59092e-05
-1.7594e-07
1.75292e-05
-1.38975e-06
-7.69845e-06
-2.14223e-05
-4.49346e-05
5.93656e-05
-3.19453e-05
3.68307e-05
-2.59123e-05
1.1251e-05
-2.15316e-05
-3.45198e-06
-1.76723e-05
-8.83501e-06
-1.5031e-05
-3.78577e-06
-1.2329e-05
1.03398e-07
-1.17246e-05
5.54008e-06
-1.0257e-05
1.04161e-05
-8.0488e-06
1.62696e-05
-7.93977e-06
2.0202e-05
-7.11271e-06
2.43011e-05
-3.66443e-06
2.54455e-05
3.53499e-06
2.62942e-05
1.0122e-05
3.28093e-05
1.53473e-05
3.06838e-05
1.67852e-05
1.60913e-05
1.22215e-05
-3.13473e-06
-9.20075e-06
-2.51848e-05
5.42269e-05
-1.94618e-05
3.11077e-05
-1.63425e-05
8.13177e-06
-1.39187e-05
-5.87574e-06
-1.58739e-05
-6.87975e-06
-1.89642e-05
-6.95462e-07
-2.16091e-05
2.74826e-06
-2.25101e-05
6.44103e-06
-2.25925e-05
1.04986e-05
-2.14782e-05
1.51555e-05
-2.01696e-05
1.88935e-05
-1.72782e-05
2.14097e-05
-1.24729e-05
2.06403e-05
-6.74271e-06
2.0564e-05
3.09245e-06
2.29741e-05
1.18261e-05
2.19502e-05
1.5475e-05
1.24425e-05
1.06573e-05
1.68299e-06
1.45656e-06
-1.57806e-05
4.01738e-05
-1.10922e-05
2.64193e-05
-8.75269e-06
5.79232e-06
-8.9752e-06
-5.65323e-06
-1.68495e-05
9.94486e-07
-2.30365e-05
5.49144e-06
-2.71904e-05
6.90217e-06
-2.92771e-05
8.52773e-06
-2.97017e-05
1.09232e-05
-2.85893e-05
1.40431e-05
-2.64441e-05
1.67484e-05
-2.29664e-05
1.7932e-05
-1.77845e-05
1.54584e-05
-1.09154e-05
1.36949e-05
-3.26178e-06
1.53205e-05
3.99713e-06
1.46913e-05
6.9161e-06
9.52356e-06
3.9686e-06
4.63053e-06
5.4252e-06
-1.79546e-05
1.90895e-05
-7.11839e-06
1.55831e-05
-7.9049e-06
6.57881e-06
-1.60672e-05
2.50899e-06
-2.32067e-05
8.13399e-06
-2.75859e-05
9.87083e-06
-3.03524e-05
9.66876e-06
-3.17207e-05
9.89601e-06
-3.17203e-05
1.09229e-05
-3.0274e-05
1.25968e-05
-2.75335e-05
1.40079e-05
-2.34483e-05
1.38467e-05
-1.89183e-05
1.09283e-05
-1.45276e-05
9.30429e-06
-9.29838e-06
1.00913e-05
-4.57371e-06
9.96672e-06
-2.19467e-06
7.1446e-06
-1.64053e-06
4.07645e-06
3.7847e-06
-3.2288e-05
4.7612e-06
-2.4396e-05
7.69104e-06
-2.36196e-05
5.80242e-06
-2.742e-05
6.30936e-06
-2.91921e-05
9.90617e-06
-3.01938e-05
1.08726e-05
-3.09568e-05
1.04317e-05
-3.11453e-05
1.00845e-05
-3.04894e-05
1.02669e-05
-2.87595e-05
1.08668e-05
-2.59769e-05
1.12253e-05
-2.24517e-05
1.03215e-05
-1.96018e-05
8.07846e-06
-1.71511e-05
6.85375e-06
-1.38863e-05
6.82657e-06
-1.01798e-05
6.26023e-06
-7.24177e-06
4.20667e-06
-4.50088e-06
1.33563e-06
-7.16156e-07
-3.69828e-05
-1.66642e-06
-3.19041e-05
2.61234e-06
-3.05047e-05
4.40318e-06
-3.09008e-05
6.70553e-06
-3.03397e-05
9.34497e-06
-2.96281e-05
1.0161e-05
-2.90569e-05
9.86045e-06
-2.8392e-05
9.41961e-06
-2.73155e-05
9.19038e-06
-2.56007e-05
9.1521e-06
-2.32648e-05
8.88939e-06
-2.08312e-05
7.888e-06
-1.90209e-05
6.26817e-06
-1.72261e-05
5.05902e-06
-1.48144e-05
4.41499e-06
-1.19044e-05
3.35027e-06
-8.82076e-06
1.12308e-06
-5.13793e-06
-2.34716e-06
-5.85408e-06
-3.29672e-05
-2.85467e-06
-3.1013e-05
6.58209e-07
-2.99331e-05
3.32329e-06
-2.91062e-05
5.87864e-06
-2.77628e-05
8.00149e-06
-2.64122e-05
8.81035e-06
-2.52654e-05
8.71364e-06
-2.42158e-05
8.37002e-06
-2.30291e-05
8.00374e-06
-2.15423e-05
7.6653e-06
-1.97996e-05
7.14677e-06
-1.81104e-05
6.19874e-06
-1.67435e-05
4.90134e-06
-1.53768e-05
3.69232e-06
-1.35372e-05
2.57552e-06
-1.11452e-05
9.58335e-07
-8.27663e-06
-1.7455e-06
-4.68107e-06
-5.94271e-06
-1.05352e-05
-2.5932e-05
-1.8629e-06
-2.57437e-05
4.6991e-07
-2.52081e-05
2.78774e-06
-2.43029e-05
4.97338e-06
-2.29685e-05
6.66711e-06
-2.15899e-05
7.43179e-06
-2.03818e-05
7.50561e-06
-1.92954e-05
7.28361e-06
-1.82166e-05
6.92499e-06
-1.70475e-05
6.4962e-06
-1.58081e-05
5.90737e-06
-1.46415e-05
5.03213e-06
-1.3637e-05
3.89685e-06
-1.25747e-05
2.63011e-06
-1.11438e-05
1.14468e-06
-9.22754e-06
-9.57943e-07
-6.82241e-06
-4.15062e-06
-3.83074e-06
-8.9344e-06
-1.43659e-05
-1.87001e-05
-4.99259e-07
-1.91386e-05
9.0844e-07
-1.89717e-05
2.62084e-06
-1.83039e-05
4.30561e-06
-1.72519e-05
5.61515e-06
-1.61205e-05
6.30046e-06
-1.50939e-05
6.47898e-06
-1.41712e-05
6.36095e-06
-1.3317e-05
6.07074e-06
-1.24806e-05
5.65986e-06
-1.16604e-05
5.08714e-06
-1.09078e-05
4.27957e-06
-1.0221e-05
3.21011e-06
-9.45322e-06
1.86231e-06
-8.41149e-06
1.02964e-07
-7.00108e-06
-2.36836e-06
-5.21024e-06
-5.94148e-06
-2.99443e-06
-1.11502e-05
-1.73604e-05
-1.23279e-05
4.92771e-07
-1.27767e-05
1.35724e-06
-1.27348e-05
2.57899e-06
-1.22699e-05
3.84074e-06
-1.15141e-05
4.85939e-06
-1.068e-05
5.46628e-06
-9.90433e-06
5.70336e-06
-9.22548e-06
5.68212e-06
-8.63739e-06
5.48266e-06
-8.11405e-06
5.13653e-06
-7.64435e-06
4.61747e-06
-7.2325e-06
3.86775e-06
-6.8467e-06
2.82434e-06
-6.39303e-06
1.40866e-06
-5.76292e-06
-5.27159e-07
-4.90292e-06
-3.22838e-06
-3.80739e-06
-7.03705e-06
-2.40828e-06
-1.25494e-05
-1.97687e-05
-7.0271e-06
9.5174e-07
-7.2446e-06
1.57476e-06
-7.16272e-06
2.49712e-06
-6.80227e-06
3.4803e-06
-6.25787e-06
4.315e-06
-5.66962e-06
4.87806e-06
-5.13672e-06
5.17048e-06
-4.70059e-06
5.24602e-06
-4.36486e-06
5.14696e-06
-4.11432e-06
4.88601e-06
-3.93334e-06
4.43653e-06
-3.80642e-06
3.74087e-06
-3.70368e-06
2.72163e-06
-3.57116e-06
1.27615e-06
-3.36083e-06
-7.37505e-07
-3.06578e-06
-3.52345e-06
-2.70623e-06
-7.39663e-06
-2.15991e-06
-1.30957e-05
-2.19286e-05
-2.66062e-06
9.67637e-07
-2.61713e-06
1.53129e-06
-2.43476e-06
2.31478e-06
-2.11005e-06
3.15562e-06
-1.6992e-06
3.90419e-06
-1.28985e-06
4.46875e-06
-9.50438e-07
4.83109e-06
-7.13529e-07
5.00913e-06
-5.86413e-07
5.01986e-06
-5.56995e-07
4.85662e-06
-6.07184e-07
4.48675e-06
-7.17806e-07
3.85152e-06
-8.67495e-07
2.87134e-06
-1.03242e-06
1.44107e-06
-1.20518e-06
-5.64754e-07
-1.41495e-06
-3.3137e-06
-1.71386e-06
-7.09773e-06
-2.04135e-06
-1.27683e-05
-2.39699e-05
9.88364e-07
6.96226e-07
1.22895e-06
1.29074e-06
1.5027e-06
2.04107e-06
1.82042e-06
2.83795e-06
2.149e-06
3.57565e-06
2.43429e-06
4.18348e-06
2.63109e-06
4.6343e-06
2.71556e-06
4.92466e-06
2.68418e-06
5.05126e-06
2.54552e-06
4.9953e-06
2.316e-06
4.71631e-06
2.01301e-06
4.15454e-06
1.65169e-06
3.23266e-06
1.23858e-06
1.85419e-06
7.63298e-07
-8.94704e-08
1.9064e-07
-2.74104e-06
-5.30347e-07
-6.37673e-06
-1.31838e-06
-1.19802e-05
-2.52883e-05
4.09553e-06
2.77615e-07
4.44869e-06
9.37623e-07
4.77701e-06
1.7128e-06
5.08761e-06
2.52739e-06
5.35937e-06
3.3039e-06
5.55756e-06
3.98529e-06
5.65197e-06
4.53988e-06
5.62611e-06
4.95052e-06
5.47765e-06
5.19973e-06
5.21446e-06
5.25851e-06
4.84926e-06
5.08154e-06
4.39576e-06
4.60807e-06
3.86435e-06
3.76408e-06
3.25527e-06
2.46328e-06
2.55794e-06
6.0786e-07
1.75642e-06
-1.93951e-06
8.63464e-07
-5.48375e-06
-9.72656e-09
-1.1107e-05
-2.5298e-05
6.76471e-06
-1.90223e-07
7.16016e-06
5.42215e-07
7.50413e-06
1.36887e-06
7.79722e-06
2.23432e-06
8.02296e-06
3.07816e-06
8.15687e-06
3.85138e-06
8.17739e-06
4.51936e-06
8.07231e-06
5.05561e-06
7.83965e-06
5.43241e-06
7.48505e-06
5.61313e-06
7.01782e-06
5.54878e-06
6.44721e-06
5.17868e-06
5.77888e-06
4.43242e-06
5.01158e-06
3.23058e-06
4.13935e-06
1.4801e-06
3.15998e-06
-9.60113e-07
2.09088e-06
-4.41461e-06
9.62233e-07
-9.97831e-06
-2.43357e-05
9.03932e-06
-6.50626e-07
9.433e-06
1.48572e-07
9.76567e-06
1.03622e-06
1.00323e-05
1.9677e-06
1.02177e-05
2.89276e-06
1.03024e-05
3.76674e-06
1.02691e-05
4.55257e-06
1.01076e-05
5.21711e-06
9.81489e-06
5.72517e-06
9.39349e-06
6.03453e-06
8.84852e-06
6.09375e-06
8.18445e-06
5.84275e-06
7.40257e-06
5.21428e-06
6.49988e-06
4.13328e-06
5.47202e-06
2.50797e-06
4.31848e-06
1.93451e-07
3.04989e-06
-3.14599e-06
1.6731e-06
-8.60148e-06
-2.26626e-05
1.09287e-05
-1.08125e-06
1.13002e-05
-2.22901e-07
1.16094e-05
7.26994e-07
1.18473e-05
1.72982e-06
1.19987e-05
2.74135e-06
1.20464e-05
3.7191e-06
1.19751e-05
4.62387e-06
1.17746e-05
5.41763e-06
1.14399e-05
6.05982e-06
1.09701e-05
6.50435e-06
1.03655e-05
6.69834e-06
9.62547e-06
6.58273e-06
8.74671e-06
6.09303e-06
7.72271e-06
5.15728e-06
6.54592e-06
3.68478e-06
5.21152e-06
1.52788e-06
3.71177e-06
-1.6462e-06
2.02684e-06
-6.91651e-06
-2.06358e-05
1.24283e-05
-1.48058e-06
1.27748e-05
-5.69352e-07
1.30609e-05
4.4088e-07
1.3275e-05
1.51583e-06
1.34016e-05
2.61478e-06
1.34244e-05
3.69629e-06
1.33289e-05
4.7194e-06
1.31039e-05
5.64252e-06
1.27423e-05
6.42143e-06
1.22391e-05
7.00755e-06
1.15899e-05
7.34746e-06
1.07892e-05
7.38341e-06
9.82873e-06
7.05346e-06
8.69776e-06
6.28825e-06
7.3842e-06
4.99835e-06
5.8767e-06
3.0354e-06
4.15706e-06
7.34615e-08
2.19124e-06
-4.95066e-06
-1.84445e-05
1.35356e-05
-1.8579e-06
1.38649e-05
-8.98613e-07
1.41362e-05
1.69617e-07
1.43363e-05
1.31575e-06
1.44497e-05
2.50133e-06
1.44606e-05
3.68546e-06
1.43542e-05
4.8258e-06
1.41183e-05
5.87831e-06
1.37433e-05
6.79641e-06
1.32206e-05
7.53023e-06
1.25414e-05
8.02655e-06
1.16957e-05
8.22915e-06
1.06707e-05
8.07838e-06
9.45196e-06
7.50699e-06
8.02394e-06
6.42639e-06
6.37309e-06
4.68626e-06
4.50001e-06
1.94656e-06
2.40261e-06
-2.85324e-06
-1.60419e-05
1.42576e-05
-2.22654e-06
1.45819e-05
-1.22282e-06
1.48503e-05
-9.8768e-08
1.50489e-05
1.11716e-06
1.51621e-05
2.38811e-06
1.51741e-05
3.67351e-06
1.50698e-05
4.93e-06
1.48362e-05
6.11192e-06
1.44611e-05
7.17143e-06
1.3933e-05
8.05834e-06
1.32393e-05
8.72021e-06
1.23659e-05
9.10249e-06
1.12968e-05
9.14747e-06
1.00143e-05
8.78944e-06
8.501e-06
7.93972e-06
6.7437e-06
6.44358e-06
4.75095e-06
3.93933e-06
2.63306e-06
-7.35333e-07
-1.34088e-05
1.46128e-05
-2.59947e-06
1.49445e-05
-1.55446e-06
1.52224e-05
-3.76666e-07
1.54322e-05
9.07406e-07
1.55579e-05
2.2624e-06
1.55835e-05
3.64783e-06
1.54941e-05
5.01945e-06
1.52753e-05
6.3306e-06
1.49137e-05
7.53304e-06
1.43949e-05
8.57711e-06
1.37034e-05
9.4117e-06
1.28219e-05
9.98391e-06
1.17319e-05
1.02375e-05
1.04141e-05
1.01073e-05
8.84984e-06
9.50394e-06
7.02497e-06
8.26845e-06
4.94299e-06
6.02131e-06
2.78151e-06
1.42616e-06
-1.06273e-05
1.46288e-05
-2.98693e-06
1.49784e-05
-1.90407e-06
1.52769e-05
-6.75129e-07
1.55091e-05
6.75193e-07
1.56587e-05
2.1128e-06
1.57095e-05
3.597e-06
1.56464e-05
5.08253e-06
1.5455e-05
6.52199e-06
1.51204e-05
7.86756e-06
1.46265e-05
9.07099e-06
1.39552e-05
1.0083e-05
1.30868e-05
1.08523e-05
1.20008e-05
1.13234e-05
1.06779e-05
1.14302e-05
9.10122e-06
1.10806e-05
7.25812e-06
1.01116e-05
5.14229e-06
8.13715e-06
2.82307e-06
3.74539e-06
-7.80424e-06
1.43391e-05
-3.39569e-06
1.47144e-05
-2.2794e-06
1.50422e-05
-1.00286e-06
1.53061e-05
4.11201e-07
1.54892e-05
1.92968e-06
1.5575e-05
3.51119e-06
1.55488e-05
5.10877e-06
1.53965e-05
6.67427e-06
1.5103e-05
8.16109e-06
1.46504e-05
9.52353e-06
1.40184e-05
1.0715e-05
1.31847e-05
1.16861e-05
1.2127e-05
1.23811e-05
1.08259e-05
1.27313e-05
9.26745e-06
1.26391e-05
7.44496e-06
1.19341e-05
5.35011e-06
1.0232e-05
2.83096e-06
6.26456e-06
-4.97327e-06
1.37797e-05
-3.829e-06
1.41856e-05
-2.68529e-06
1.45488e-05
-1.36614e-06
1.48519e-05
1.08101e-07
1.50764e-05
1.7052e-06
1.52055e-05
3.38216e-06
1.52253e-05
5.08888e-06
1.51237e-05
6.77592e-06
1.48857e-05
8.39909e-06
1.44923e-05
9.91695e-06
1.39203e-05
1.12871e-05
1.31437e-05
1.24627e-05
1.21367e-05
1.33881e-05
1.08768e-05
1.39913e-05
9.34935e-06
1.41665e-05
7.55025e-06
1.37332e-05
5.47357e-06
1.23087e-05
2.9256e-06
8.81256e-06
-2.04765e-06
1.29857e-05
-4.2869e-06
1.34243e-05
-3.12393e-06
1.38275e-05
-1.76925e-06
1.41755e-05
-2.39915e-07
1.44479e-05
1.43283e-06
1.4627e-05
3.20301e-06
1.47015e-05
5.01447e-06
1.46621e-05
6.81527e-06
1.44957e-05
8.56561e-06
1.41817e-05
1.0231e-05
1.36934e-05
1.17754e-05
1.29997e-05
1.31564e-05
1.20676e-05
1.43202e-05
1.08661e-05
1.51928e-05
9.36989e-06
1.56627e-05
7.56238e-06
1.55407e-05
5.42573e-06
1.44454e-05
2.89223e-06
1.13461e-05
8.44613e-07
1.1989e-05
-4.76652e-06
1.24602e-05
-3.5952e-06
1.2906e-05
-2.21496e-06
1.3304e-05
-6.37911e-07
1.36303e-05
1.10649e-06
1.38658e-05
2.96754e-06
1.40027e-05
4.87758e-06
1.40384e-05
6.77967e-06
1.3962e-05
8.64204e-06
1.37518e-05
1.04412e-05
1.33767e-05
1.21505e-05
1.27988e-05
1.37344e-05
1.19756e-05
1.51434e-05
1.08625e-05
1.6306e-05
9.41466e-06
1.71106e-05
7.58769e-06
1.73678e-05
5.33906e-06
1.66941e-05
2.64212e-06
1.40431e-05
3.48677e-06
1.08161e-05
-5.26184e-06
1.13175e-05
-4.09652e-06
1.18073e-05
-2.70481e-06
1.22605e-05
-1.09111e-06
1.26476e-05
7.19383e-07
1.29457e-05
2.6695e-06
1.31533e-05
4.67001e-06
1.32788e-05
6.65427e-06
1.33152e-05
8.60562e-06
1.32389e-05
1.05176e-05
1.30138e-05
1.23756e-05
1.25955e-05
1.41528e-05
1.19317e-05
1.58072e-05
1.09638e-05
1.7274e-05
9.62613e-06
1.84483e-05
7.84483e-06
1.91491e-05
5.54898e-06
1.899e-05
2.77571e-06
1.68165e-05
6.26253e-06
9.48746e-06
-5.76284e-06
1.00128e-05
-4.62185e-06
1.05466e-05
-3.23859e-06
1.10609e-05
-1.60546e-06
1.1518e-05
2.62285e-07
1.18864e-05
2.30117e-06
1.21744e-05
4.38206e-06
1.24086e-05
6.42012e-06
1.25865e-05
8.4278e-06
1.26803e-05
1.04238e-05
1.26495e-05
1.24065e-05
1.24447e-05
1.43577e-05
1.20076e-05
1.62443e-05
1.12694e-05
1.80123e-05
1.01487e-05
1.95691e-05
8.54328e-06
2.07546e-05
6.33803e-06
2.11953e-05
3.51658e-06
1.9638e-05
9.77916e-06
8.01644e-06
-6.25363e-06
8.55374e-06
-5.15916e-06
9.12711e-06
-3.81196e-06
9.70866e-06
-2.187e-06
1.02496e-05
-2.78629e-07
1.07002e-05
1.85055e-06
1.10829e-05
3.99948e-06
1.1452e-05
6.05107e-06
1.18072e-05
8.0726e-06
1.21129e-05
1.01182e-05
1.23243e-05
1.21952e-05
1.23923e-05
1.42897e-05
1.22596e-05
1.63771e-05
1.18556e-05
1.84164e-05
1.10937e-05
2.03311e-05
9.84226e-06
2.20062e-05
7.8909e-06
2.31468e-05
4.8957e-06
2.26333e-05
1.46749e-05
6.41117e-06
-6.70974e-06
6.93759e-06
-5.68561e-06
7.53595e-06
-4.41032e-06
8.18666e-06
-2.8377e-06
8.83205e-06
-9.24006e-07
9.39023e-06
1.2924e-06
9.89262e-06
3.49713e-06
1.04343e-05
5.50939e-06
1.10117e-05
7.4953e-06
1.15719e-05
9.55805e-06
1.20695e-05
1.16977e-05
1.24645e-05
1.38947e-05
1.27122e-05
1.61294e-05
1.2754e-05
1.83746e-05
1.25256e-05
2.05595e-05
1.18968e-05
2.26351e-05
1.05528e-05
2.44908e-05
7.70079e-06
2.54854e-05
2.23757e-05
4.6794e-06
-7.09555e-06
5.15401e-06
-6.16023e-06
5.74005e-06
-4.99636e-06
6.44447e-06
-3.54211e-06
7.21776e-06
-1.69728e-06
7.95005e-06
5.60139e-07
8.61995e-06
2.82726e-06
9.38762e-06
4.74176e-06
1.02417e-05
6.64127e-06
1.10921e-05
8.70774e-06
1.19022e-05
1.08876e-05
1.26569e-05
1.31401e-05
1.33387e-05
1.54477e-05
1.39195e-05
1.77939e-05
1.44016e-05
2.00775e-05
1.47384e-05
2.22984e-05
1.45183e-05
2.4711e-05
1.24046e-05
2.75992e-05
3.47803e-05
2.84021e-06
-7.36391e-06
3.19689e-06
-6.51691e-06
3.68744e-06
-5.4869e-06
4.37191e-06
-4.22658e-06
5.26087e-06
-2.58623e-06
6.31385e-06
-4.92825e-07
7.28415e-06
1.85699e-06
8.36685e-06
3.65909e-06
9.56565e-06
5.4425e-06
1.07153e-05
7.5581e-06
1.18258e-05
9.77711e-06
1.29292e-05
1.20368e-05
1.40501e-05
1.43269e-05
1.52119e-05
1.66321e-05
1.65534e-05
1.87361e-05
1.83726e-05
2.04792e-05
2.10137e-05
2.20699e-05
2.23568e-05
2.62561e-05
5.71372e-05
9.41983e-07
1.09398e-06
1.33911e-06
1.76422e-06
2.54631e-06
3.83347e-06
5.69252e-06
7.58705e-06
9.13566e-06
1.05112e-05
1.18312e-05
1.31819e-05
1.46743e-05
1.63108e-05
1.84659e-05
2.18229e-05
2.77809e-05
3.6347e-05
)
;

boundaryField
{
    leftWall
    {
        type            calculated;
        value           uniform 0;
    }
    rightWall
    {
        type            calculated;
        value           uniform 0;
    }
    lowerWall
    {
        type            calculated;
        value           uniform 0;
    }
    atmosphere
    {
        type            calculated;
        value           nonuniform List<scalar> 
46
(
-4.35564e-06
-8.19048e-06
-7.91306e-06
-7.58497e-06
-7.35222e-06
-7.19666e-06
-7.11467e-06
-7.0984e-06
-7.13902e-06
-7.2271e-06
-7.35272e-06
-7.50567e-06
-7.67552e-06
-7.85177e-06
-8.02395e-06
-8.18159e-06
-8.31428e-06
-8.41157e-06
-8.46297e-06
-8.45785e-06
-8.38555e-06
-8.23539e-06
-7.99718e-06
-3.66263e-06
-3.57705e-06
-3.48067e-06
-3.37345e-06
-7.46644e-06
-6.66891e-06
-5.73203e-06
-4.65168e-06
-3.36831e-06
-1.77998e-06
-2.04612e-09
1.76458e-06
3.89391e-06
6.18256e-06
8.45714e-06
1.06861e-05
1.28346e-05
1.49956e-05
1.6581e-05
1.71222e-05
1.61119e-05
1.76901e-05
9.34842e-05
)
;
    }
    defaultFaces
    {
        type            empty;
        value           nonuniform List<scalar> 0();
    }
}


// ************************************************************************* //
