/*--------------------------------*- C++ -*----------------------------------*\
  =========                 |
  \\      /  F ield         | OpenFOAM: The Open Source CFD Toolbox
   \\    /   O peration     | Website:  https://openfoam.org
    \\  /    A nd           | Version:  9
     \\/     M anipulation  |
\*---------------------------------------------------------------------------*/
FoamFile
{
    format      ascii;
    class       surfaceScalarField;
    location    "3.61";
    object      phi;
}
// * * * * * * * * * * * * * * * * * * * * * * * * * * * * * * * * * * * * * //

dimensions      [0 3 -1 0 0 0 0];

internalField   nonuniform List<scalar> 
4432
(
7.77566e-08
-7.77566e-08
3.65408e-07
-2.8766e-07
7.35573e-07
-3.70155e-07
1.11481e-06
-3.7924e-07
1.47434e-06
-3.59527e-07
1.80049e-06
-3.2615e-07
2.0871e-06
-2.86609e-07
2.32938e-06
-2.42283e-07
2.52055e-06
-1.91172e-07
2.65483e-06
-1.34283e-07
2.7316e-06
-7.67696e-08
2.75571e-06
-2.41145e-08
2.73609e-06
1.96267e-08
2.68723e-06
4.88627e-08
2.62875e-06
5.84816e-08
2.57903e-06
4.97109e-08
2.49944e-06
7.95943e-08
1.94516e-06
5.54283e-07
5.31755e-07
1.4134e-06
-8.05927e-07
1.33769e-06
-1.30189e-06
4.95959e-07
-9.21638e-07
-3.80251e-07
-9.2164e-07
1.87153e-07
-2.64899e-07
4.87211e-07
-5.87731e-07
8.39393e-07
-7.22326e-07
1.20689e-06
-7.46742e-07
1.56323e-06
-7.15861e-07
1.89286e-06
-6.55781e-07
2.18698e-06
-5.80737e-07
2.43873e-06
-4.94033e-07
2.6409e-06
-3.93344e-07
2.78702e-06
-2.80404e-07
2.87419e-06
-1.63935e-07
2.90408e-06
-5.40034e-08
2.88117e-06
4.2532e-08
2.8106e-06
1.19434e-07
2.69656e-06
1.72522e-07
2.53658e-06
2.09689e-07
2.28841e-06
3.27763e-07
1.75041e-06
1.09229e-06
9.79409e-07
2.1844e-06
8.23129e-08
2.23478e-06
-5.22544e-07
1.10081e-06
-6.42886e-07
-2.5991e-07
-1.56452e-06
2.64589e-07
-5.29478e-07
5.77301e-07
-9.00456e-07
9.19402e-07
-1.06442e-06
1.27443e-06
-1.10177e-06
1.62126e-06
-1.06268e-06
1.94516e-06
-9.79686e-07
2.23689e-06
-8.72473e-07
2.48897e-06
-7.46108e-07
2.69357e-06
-5.97948e-07
2.84337e-06
-4.3021e-07
2.93392e-06
-2.54483e-07
2.96433e-06
-8.44164e-08
2.93557e-06
7.12936e-08
2.84782e-06
2.07181e-07
2.69732e-06
3.23017e-07
2.4685e-06
4.38509e-07
2.12565e-06
6.70616e-07
1.69421e-06
1.52372e-06
1.2285e-06
2.65012e-06
6.79937e-07
2.78334e-06
1.29145e-07
1.6516e-06
-2.20984e-07
9.02208e-08
-1.78551e-06
3.14021e-07
-8.4349e-07
6.45894e-07
-1.23234e-06
9.87153e-07
-1.40567e-06
1.33414e-06
-1.44877e-06
1.67232e-06
-1.40086e-06
1.98926e-06
-1.29662e-06
2.27651e-06
-1.15973e-06
2.52669e-06
-9.96289e-07
2.73152e-06
-8.02772e-07
2.88275e-06
-5.81446e-07
2.9747e-06
-3.46435e-07
3.00476e-06
-1.14475e-07
2.97143e-06
1.04616e-07
2.87176e-06
3.0685e-07
2.69812e-06
4.96654e-07
2.43338e-06
7.03247e-07
2.05705e-06
1.04695e-06
1.70861e-06
1.87217e-06
1.42656e-06
2.93217e-06
1.09572e-06
3.11418e-06
6.65794e-07
2.08153e-06
2.08339e-07
5.47679e-07
-1.57717e-06
3.46383e-07
-1.18987e-06
6.98367e-07
-1.58433e-06
1.04361e-06
-1.75092e-06
1.38608e-06
-1.79123e-06
1.71704e-06
-1.73181e-06
2.02694e-06
-1.60653e-06
2.30894e-06
-1.44173e-06
2.55628e-06
-1.24363e-06
2.76036e-06
-1.00685e-06
2.91207e-06
-7.33157e-07
3.00474e-06
-4.39103e-07
3.03464e-06
-1.44372e-07
2.99875e-06
1.40506e-07
2.89261e-06
4.12986e-07
2.70832e-06
6.80942e-07
2.43377e-06
9.77802e-07
2.07399e-06
1.40673e-06
1.76229e-06
2.18386e-06
1.5907e-06
3.10376e-06
1.41159e-06
3.29329e-06
1.06576e-06
2.42736e-06
5.51721e-07
1.06172e-06
-1.02545e-06
3.7036e-07
-1.56022e-06
7.39026e-07
-1.953e-06
1.08863e-06
-2.10051e-06
1.428e-06
-2.1306e-06
1.75256e-06
-2.05637e-06
2.05541e-06
-1.90938e-06
2.33164e-06
-1.71796e-06
2.57547e-06
-1.48745e-06
2.77817e-06
-1.20955e-06
2.92984e-06
-8.84824e-07
3.0231e-06
-5.3236e-07
3.05362e-06
-1.74892e-07
3.01759e-06
1.76546e-07
2.91027e-06
5.20301e-07
2.72573e-06
8.65482e-07
2.45954e-06
1.24399e-06
2.1323e-06
1.73397e-06
1.85418e-06
2.46199e-06
1.72478e-06
3.23315e-06
1.61736e-06
3.40071e-06
1.32963e-06
2.71508e-06
8.12355e-07
1.57899e-06
-2.13098e-07
3.91412e-07
-1.95163e-06
7.7045e-07
-2.33204e-06
1.12151e-06
-2.45157e-06
1.45734e-06
-2.46643e-06
1.7755e-06
-2.37453e-06
2.07099e-06
-2.20487e-06
2.34085e-06
-1.98783e-06
2.58044e-06
-1.72705e-06
2.78108e-06
-1.41019e-06
2.93226e-06
-1.036e-06
3.02621e-06
-6.26312e-07
3.05842e-06
-2.07103e-07
3.02472e-06
2.10252e-07
2.92077e-06
6.24248e-07
2.74332e-06
1.04293e-06
2.4947e-06
1.49261e-06
2.20155e-06
2.02711e-06
1.95548e-06
2.70805e-06
1.82997e-06
3.35866e-06
1.72789e-06
3.50278e-06
1.4859e-06
2.95707e-06
1.01288e-06
2.05201e-06
7.99783e-07
4.11866e-07
-2.36349e-06
7.93331e-07
-2.71351e-06
1.14094e-06
-2.79917e-06
1.47156e-06
-2.79706e-06
1.78274e-06
-2.6857e-06
2.07028e-06
-2.49242e-06
2.333e-06
-2.25056e-06
2.56741e-06
-1.96146e-06
2.76508e-06
-1.60786e-06
2.91517e-06
-1.1861e-06
3.00995e-06
-7.21086e-07
3.04503e-06
-2.42184e-07
3.016e-06
2.39278e-07
2.91903e-06
7.21216e-07
2.75329e-06
1.20866e-06
2.52556e-06
1.72034e-06
2.26291e-06
2.28975e-06
2.03613e-06
2.93484e-06
1.89674e-06
3.49805e-06
1.77024e-06
3.62928e-06
1.53736e-06
3.18996e-06
1.13839e-06
2.45098e-06
1.93818e-06
-1.09707e-06
1.09707e-06
-7.47812e-07
-3.49263e-07
-2.67838e-07
-4.79974e-07
-5.01375e-08
-2.17705e-07
-7.83801e-08
2.82463e-08
-3.34245e-07
2.55859e-07
-7.96014e-07
4.61772e-07
-1.29914e-06
5.03129e-07
-1.5603e-06
2.61162e-07
-1.30377e-06
-2.56528e-07
-1.0027e-06
-3.01074e-07
-1.99595e-06
9.9325e-07
-3.0955e-06
1.09954e-06
-2.33098e-06
-7.64513e-07
6.81382e-07
-3.01236e-06
3.61918e-06
-2.9378e-06
3.78115e-06
-1.61968e-07
1.45328e-06
2.32786e-06
1.45329e-06
-6.26401e-07
1.72347e-06
-4.86532e-07
-4.89137e-07
-3.95107e-07
-5.71396e-07
-4.62105e-07
-1.50715e-07
-6.92936e-07
2.59084e-07
-1.02937e-06
5.92286e-07
-1.43815e-06
8.70559e-07
-1.85536e-06
9.2034e-07
-2.08962e-06
4.95428e-07
-2.02321e-06
-3.22943e-07
-2.03973e-06
-2.84549e-07
-2.39832e-06
1.35183e-06
-2.36316e-06
1.06439e-06
-1.41696e-06
-1.71072e-06
3.15238e-07
-4.74456e-06
2.17698e-06
-4.79954e-06
2.82189e-06
-8.06877e-07
1.57037e-06
3.57938e-06
3.02366e-06
-2.86762e-07
2.01023e-06
-3.83044e-07
-3.92856e-07
-5.52415e-07
-4.02022e-07
-8.00587e-07
9.7455e-08
-1.13068e-06
5.8918e-07
-1.49782e-06
9.59433e-07
-1.88183e-06
1.25457e-06
-2.24298e-06
1.28149e-06
-2.46308e-06
7.15534e-07
-2.52565e-06
-2.60373e-07
-2.56037e-06
-2.49835e-07
-2.4224e-06
1.21386e-06
-1.96182e-06
6.03809e-07
-1.02625e-06
-2.64629e-06
-4.0063e-08
-5.73075e-06
1.20565e-06
-6.04525e-06
2.09744e-06
-1.69868e-06
1.44102e-06
4.23579e-06
4.46468e-06
-1.35633e-07
2.14587e-06
-4.01323e-07
-1.27163e-07
-7.58725e-07
-4.46153e-08
-1.12939e-06
4.68124e-07
-1.51423e-06
9.7402e-07
-1.8873e-06
1.33251e-06
-2.24884e-06
1.61611e-06
-2.55714e-06
1.58979e-06
-2.76072e-06
9.19119e-07
-2.88798e-06
-1.33119e-07
-2.86157e-06
-2.76235e-07
-2.41492e-06
7.67213e-07
-1.73813e-06
-7.29836e-08
-1.01471e-06
-3.36971e-06
-4.48987e-07
-6.29648e-06
3.90489e-07
-6.88473e-06
1.53492e-06
-2.84311e-06
1.26783e-06
4.50288e-06
5.73251e-06
-9.05875e-08
2.23646e-06
-5.17403e-07
2.9966e-07
-1.01361e-06
4.51597e-07
-1.46302e-06
9.17531e-07
-1.87246e-06
1.38347e-06
-2.2295e-06
1.68954e-06
-2.55821e-06
1.94482e-06
-2.81514e-06
1.84672e-06
-2.97755e-06
1.08153e-06
-3.10371e-06
-6.95807e-09
-3.02216e-06
-3.57789e-07
-2.42433e-06
1.69383e-07
-1.66257e-06
-8.34745e-07
-1.17375e-06
-3.85852e-06
-8.86747e-07
-6.58348e-06
-3.41321e-07
-7.43016e-06
8.90267e-07
-4.0747e-06
1.20476e-06
4.18838e-06
6.93727e-06
-1.05534e-07
2.34199e-06
-7.24249e-07
9.18382e-07
-1.31712e-06
1.04446e-06
-1.80504e-06
1.40545e-06
-2.21234e-06
1.79077e-06
-2.53066e-06
2.00786e-06
-2.80629e-06
2.22045e-06
-3.0086e-06
2.04902e-06
-3.1159e-06
1.18882e-06
-3.18661e-06
6.37545e-08
-3.04343e-06
-5.00968e-07
-2.43162e-06
-4.42434e-07
-1.72482e-06
-1.54154e-06
-1.4105e-06
-4.17284e-06
-1.32934e-06
-6.66465e-06
-1.02067e-06
-7.73883e-06
1.48987e-07
-5.24435e-06
1.19196e-06
3.14541e-06
8.12923e-06
-2.4051e-07
2.5825e-06
-1.03473e-06
1.71261e-06
-1.66626e-06
1.67599e-06
-2.15514e-06
1.89433e-06
-2.53655e-06
2.17218e-06
-2.79289e-06
2.2642e-06
-2.99618e-06
2.42373e-06
-3.13169e-06
2.18453e-06
-3.17481e-06
1.23194e-06
-3.16961e-06
5.85546e-08
-2.96842e-06
-7.02161e-07
-2.41258e-06
-9.98268e-07
-1.84211e-06
-2.11201e-06
-1.662e-06
-4.35295e-06
-1.74938e-06
-6.57727e-06
-1.64644e-06
-7.84178e-06
-7.15546e-07
-6.17524e-06
9.87771e-07
1.44209e-06
9.117e-06
-7.06605e-07
3.2891e-06
-1.4539e-06
2.45991e-06
-2.05377e-06
2.27586e-06
-2.507e-06
2.34755e-06
-2.84822e-06
2.5134e-06
-3.02466e-06
2.44065e-06
-3.1266e-06
2.52567e-06
-3.18344e-06
2.24138e-06
-3.15339e-06
1.20189e-06
-3.07142e-06
-2.34111e-08
-2.82787e-06
-9.45715e-07
-2.36101e-06
-1.46513e-06
-1.93662e-06
-2.5364e-06
-1.88369e-06
-4.40589e-06
-2.11863e-06
-6.34232e-06
-2.2331e-06
-7.72731e-06
-1.59574e-06
-6.81261e-06
2.98945e-07
-4.52601e-07
9.41594e-06
9.3159e-07
-3.29507e-06
1.7223e-06
-3.50422e-06
2.43561e-06
-3.51247e-06
3.11755e-06
-3.479e-06
3.75444e-06
-3.32259e-06
4.33731e-06
-3.07528e-06
4.86954e-06
-2.78279e-06
5.34729e-06
-2.43922e-06
5.75448e-06
-2.01504e-06
6.06766e-06
-1.49928e-06
6.27203e-06
-9.25454e-07
6.36068e-06
-3.3084e-07
6.32189e-06
2.78075e-07
6.14781e-06
8.95292e-07
5.84289e-06
1.51358e-06
5.4292e-06
2.13402e-06
4.95269e-06
2.76626e-06
4.50125e-06
3.38628e-06
4.12523e-06
3.87406e-06
3.70586e-06
4.04866e-06
3.08126e-06
3.81457e-06
2.18426e-06
3.34798e-06
3.03054e-06
1.0919e-06
9.37625e-07
-4.2327e-06
1.61749e-06
-4.18409e-06
2.26889e-06
-4.16386e-06
2.91245e-06
-4.12257e-06
3.5153e-06
-3.92544e-06
4.06521e-06
-3.6252e-06
4.56035e-06
-3.27792e-06
4.98971e-06
-2.86858e-06
5.35141e-06
-2.37674e-06
5.64205e-06
-1.78992e-06
5.8583e-06
-1.1417e-06
5.98365e-06
-4.56189e-07
5.99797e-06
2.63754e-07
5.88473e-06
1.00852e-06
5.64639e-06
1.75193e-06
5.30879e-06
2.47162e-06
4.90104e-06
3.174e-06
4.45372e-06
3.8336e-06
3.95357e-06
4.37421e-06
3.27815e-06
4.72408e-06
2.27875e-06
4.81396e-06
9.40894e-07
4.68584e-06
4.56866e-06
-5.97224e-07
5.40775e-07
-4.77347e-06
1.24797e-06
-4.89128e-06
1.89728e-06
-4.81319e-06
2.28292e-06
-4.50821e-06
2.79834e-06
-4.44088e-06
3.37167e-06
-4.19853e-06
3.82587e-06
-3.73212e-06
4.13857e-06
-3.18129e-06
4.44837e-06
-2.68655e-06
4.7543e-06
-2.09585e-06
5.0259e-06
-1.41331e-06
5.22398e-06
-6.54272e-07
5.31367e-06
1.74052e-07
5.29875e-06
1.02344e-06
5.15314e-06
1.89754e-06
4.84586e-06
2.7789e-06
4.46266e-06
3.55721e-06
4.05155e-06
4.24472e-06
3.64289e-06
4.78286e-06
3.06754e-06
5.29943e-06
1.88161e-06
5.99989e-06
3.59293e-09
6.56385e-06
6.55973e-06
-1.98747e-06
-1.01447e-06
-3.75897e-06
1.65609e-06
-7.56202e-06
2.9007e-06
-6.05766e-06
8.44031e-07
-2.45152e-06
1.40973e-06
-5.00649e-06
2.51787e-06
-5.30662e-06
2.94294e-06
-4.15716e-06
2.4918e-06
-2.73009e-06
3.09251e-06
-3.2872e-06
3.75172e-06
-2.75501e-06
4.16884e-06
-1.83039e-06
4.46648e-06
-9.51897e-07
4.6164e-06
2.41236e-08
4.79082e-06
8.48987e-07
5.15055e-06
1.53779e-06
4.46746e-06
3.46198e-06
3.96843e-06
4.05622e-06
3.44898e-06
4.76414e-06
3.765e-06
4.46679e-06
4.30791e-06
4.7565e-06
3.63195e-06
6.67587e-06
1.61325e-08
1.01797e-05
1.04077e-05
-3.83185e-06
-5.63458e-06
1.87572e-06
5.8705e-07
-1.37839e-05
3.9122e-06
-9.38289e-06
-2.62273e-07
1.72275e-06
-1.92942e-06
-3.33943e-06
-4.96473e-07
-6.73965e-06
9.14228e-07
-5.56796e-06
1.39097e-06
-3.20692e-06
2.32595e-06
-4.22224e-06
3.13959e-06
-3.56871e-06
3.97816e-06
-2.66901e-06
4.96454e-06
-1.93831e-06
6.00744e-06
-1.01879e-06
7.51166e-06
-6.55187e-07
9.06443e-06
-1.49235e-08
9.8522e-06
2.67427e-06
1.08865e-05
3.02204e-06
1.22519e-05
3.39873e-06
1.3469e-05
3.24971e-06
1.42486e-05
3.97689e-06
1.34649e-05
7.45949e-06
3.23715e-06
2.04074e-05
2.05842e-05
-6.93918e-06
1.73554e-06
1.40293e-07
1.34612e-06
-1.33943e-05
3.78768e-06
-1.18244e-05
8.23719e-06
-2.72661e-06
6.51028e-06
-1.61237e-06
5.28719e-06
-5.51644e-06
5.99926e-06
-6.27995e-06
7.50155e-06
-4.70915e-06
6.08201e-06
-2.80266e-06
4.68264e-06
-2.16933e-06
4.39012e-06
-2.3765e-06
4.53636e-06
-2.0846e-06
5.06857e-06
-1.55105e-06
5.70335e-06
-1.29001e-06
6.18464e-06
-4.96252e-07
7.61551e-06
1.24334e-06
9.16489e-06
1.47259e-06
1.09022e-05
1.66141e-06
1.159e-05
2.56186e-06
9.21916e-06
6.34769e-06
4.94835e-06
1.17303e-05
2.92277e-07
2.50635e-05
2.25407e-05
-1.66406e-06
7.33228e-06
-7.19221e-06
2.82729e-06
-8.88928e-06
1.41968e-06
-1.04169e-05
7.17403e-06
-8.48105e-06
1.18666e-05
-6.30504e-06
1.17847e-05
-5.43463e-06
9.94337e-06
-4.43865e-06
9.55337e-06
-4.31917e-06
7.91361e-06
-1.16288e-06
6.31059e-06
-5.6626e-07
5.12543e-06
-1.19132e-06
4.56761e-06
-1.52678e-06
4.38755e-06
-1.37099e-06
4.00803e-06
-9.10447e-07
3.4819e-06
2.99744e-08
3.7441e-06
9.81274e-07
3.24272e-06
1.9741e-06
1.79291e-06
3.11129e-06
1.90517e-06
2.44964e-06
1.34741e-06
6.90552e-06
-5.93e-07
1.36707e-05
1.60791e-06
2.28625e-05
1.77575e-05
6.39105e-06
3.9014e-06
-1.10935e-05
2.54134e-06
-7.52928e-06
2.76118e-07
-8.15157e-06
2.58107e-06
-1.0786e-05
6.18768e-06
-9.91166e-06
8.28809e-06
-7.53505e-06
7.84019e-06
-3.99075e-06
5.84814e-06
-2.32711e-06
5.14223e-06
-4.56944e-07
4.3895e-06
1.86484e-07
3.47635e-06
-2.78214e-07
2.54918e-06
-5.99705e-07
1.6962e-06
-5.18063e-07
7.73628e-07
1.21471e-08
-3.30638e-07
1.13428e-06
-1.67226e-06
2.32288e-06
-3.15807e-06
3.45984e-06
-4.26292e-06
4.21605e-06
-4.39121e-06
2.57796e-06
-2.57127e-06
5.08564e-06
1.09472e-07
1.099e-05
4.92517e-06
1.80468e-05
1.39013e-05
8.78138e-06
-7.85638e-07
-1.03078e-05
5.64265e-07
-8.8792e-06
1.64932e-06
-9.23652e-06
1.50665e-06
-1.06433e-05
1.39889e-06
-9.80396e-06
1.20198e-06
-7.33818e-06
1.38534e-06
-4.17412e-06
1.07657e-06
-2.01833e-06
1.00671e-06
-3.87082e-07
9.33835e-07
2.59325e-07
4.61927e-07
1.93587e-07
-2.45789e-07
1.07853e-07
-1.06131e-06
2.97307e-07
-1.96109e-06
9.11863e-07
-2.80378e-06
1.97695e-06
-3.61742e-06
3.13641e-06
-4.32494e-06
4.16713e-06
-4.61534e-06
4.50618e-06
-5.19095e-06
3.15336e-06
-3.94688e-06
3.84149e-06
-6.03952e-07
7.6471e-06
4.80117e-06
1.26418e-05
1.19395e-05
6.76302e-06
-6.76252e-07
-9.63165e-06
-2.67092e-07
-9.28826e-06
-1.19646e-07
-9.38398e-06
-9.84491e-07
-9.77853e-06
-2.02002e-06
-8.7685e-06
-2.73036e-06
-6.62787e-06
-2.83805e-06
-4.06643e-06
-2.80986e-06
-2.04647e-06
-2.58987e-06
-6.07014e-07
-2.45383e-06
1.23325e-07
-2.62306e-06
3.62812e-07
-3.04353e-06
5.28308e-07
-3.59796e-06
8.51759e-07
-4.14242e-06
1.45641e-06
-4.50513e-06
2.33983e-06
-4.64853e-06
3.27996e-06
-4.50477e-06
4.02346e-06
-4.15509e-06
4.15654e-06
-4.49465e-06
3.49292e-06
-4.32556e-06
3.67248e-06
-2.63035e-06
5.95202e-06
9.32502e-07
9.07893e-06
1.02431e-05
2.6289e-06
-4.50933e-07
-9.18079e-06
-9.2293e-07
-8.81615e-06
-1.64063e-06
-8.66633e-06
-2.95871e-06
-8.46048e-06
-4.2816e-06
-7.44565e-06
-5.192e-06
-5.7175e-06
-5.53266e-06
-3.72578e-06
-5.54935e-06
-2.02976e-06
-5.36765e-06
-7.8866e-07
-5.2158e-06
-2.84834e-08
-5.24854e-06
3.95575e-07
-5.44024e-06
7.20019e-07
-5.69441e-06
1.10597e-06
-5.88983e-06
1.65194e-06
-5.89633e-06
2.34649e-06
-5.66272e-06
3.04654e-06
-5.20189e-06
3.56283e-06
-4.73227e-06
3.68715e-06
-4.66276e-06
3.42354e-06
-4.66236e-06
3.6721e-06
-3.81028e-06
5.09992e-06
-1.89396e-06
7.16251e-06
8.41491e-06
-6.59628e-08
-7.08524e-07
-8.47213e-06
-1.70142e-06
-7.8232e-06
-2.91657e-06
-7.45119e-06
-4.38424e-06
-6.99283e-06
-5.75533e-06
-6.07461e-06
-6.74219e-06
-4.73071e-06
-7.24457e-06
-3.22347e-06
-7.39749e-06
-1.87689e-06
-7.35001e-06
-8.36177e-07
-7.26237e-06
-1.16178e-07
-7.23731e-06
3.70446e-07
-7.26982e-06
7.52446e-07
-7.30887e-06
1.14494e-06
-7.26926e-06
1.61227e-06
-7.06924e-06
2.14641e-06
-6.68424e-06
2.66143e-06
-6.1658e-06
3.04429e-06
-5.68582e-06
3.20711e-06
-5.48325e-06
3.22092e-06
-5.32271e-06
3.51146e-06
-4.69741e-06
4.47454e-06
-3.38391e-06
5.84895e-06
6.91244e-06
-1.88151e-06
-1.14543e-06
-7.3266e-06
-2.45836e-06
-6.51028e-06
-3.88634e-06
-6.02322e-06
-5.37223e-06
-5.50696e-06
-6.70438e-06
-4.74254e-06
-7.70374e-06
-3.73144e-06
-8.30762e-06
-2.61966e-06
-8.591e-06
-1.59355e-06
-8.66951e-06
-7.57699e-07
-8.65301e-06
-1.32706e-07
-8.61051e-06
3.27892e-07
-8.55922e-06
7.011e-07
-8.47281e-06
1.05849e-06
-8.30307e-06
1.4425e-06
-8.0073e-06
1.85057e-06
-7.58281e-06
2.23681e-06
-7.08233e-06
2.54366e-06
-6.61838e-06
2.74304e-06
-6.29952e-06
2.90196e-06
-6.00964e-06
3.22149e-06
-5.44684e-06
3.9117e-06
-4.45217e-06
4.8543e-06
5.68712e-06
-3.22678e-06
-1.56204e-06
-5.76457e-06
-3.07592e-06
-4.99643e-06
-4.57837e-06
-4.52077e-06
-6.02395e-06
-4.06142e-06
-7.2891e-06
-3.47747e-06
-8.2675e-06
-2.75312e-06
-8.92182e-06
-1.96538e-06
-9.29475e-06
-1.22059e-06
-9.46328e-06
-5.89113e-07
-9.50494e-06
-9.0985e-08
-9.4731e-06
2.96107e-07
-9.38826e-06
6.16319e-07
-9.24352e-06
9.1384e-07
-9.01732e-06
1.21645e-06
-8.69271e-06
1.52609e-06
-8.27764e-06
1.82183e-06
-7.81289e-06
2.07896e-06
-7.36414e-06
2.29435e-06
-6.97741e-06
2.51531e-06
-6.60393e-06
2.84808e-06
-6.06699e-06
3.37484e-06
-5.26277e-06
4.05017e-06
4.69439e-06
-4.26993e-06
-1.86326e-06
-3.90134e-06
-3.50582e-06
-3.35383e-06
-5.02433e-06
-3.00225e-06
-6.41076e-06
-2.67504e-06
-7.60226e-06
-2.28604e-06
-8.54097e-06
-1.81448e-06
-9.20737e-06
-1.299e-06
-9.62797e-06
-7.99977e-07
-9.85419e-06
-3.6282e-07
-9.94061e-06
-4.50317e-09
-9.92858e-06
2.8413e-07
-9.83995e-06
5.27738e-07
-9.67912e-06
7.53087e-07
-9.44117e-06
9.78643e-07
-9.12384e-06
1.20894e-06
-8.73873e-06
1.43689e-06
-8.31432e-06
1.65471e-06
-7.88764e-06
1.86782e-06
-7.47912e-06
2.10694e-06
-7.05581e-06
2.42489e-06
-6.53859e-06
2.85773e-06
-5.86078e-06
3.37242e-06
3.87657e-06
-5.04295e-06
-2.0433e-06
-1.85803e-06
-3.75545e-06
-1.64161e-06
-5.25933e-06
-1.49836e-06
-6.58118e-06
-1.35324e-06
-7.69897e-06
-1.16833e-06
-8.58749e-06
-9.26047e-07
-9.24066e-06
-6.45895e-07
-9.67803e-06
-3.62627e-07
-9.93546e-06
-1.05388e-07
-1.00523e-05
1.12319e-07
-1.00612e-05
2.9302e-07
-9.98344e-06
4.49881e-07
-9.82931e-06
5.98884e-07
-9.60312e-06
7.52401e-07
-9.30997e-06
9.15777e-07
-8.96171e-06
1.08865e-06
-8.57772e-06
1.27073e-06
-8.17876e-06
1.46888e-06
-7.77337e-06
1.70157e-06
-7.34257e-06
1.99411e-06
-6.84392e-06
2.35906e-06
-6.24495e-06
2.7734e-06
3.17777e-06
-5.54622e-06
-2.12018e-06
2.62208e-07
-3.84721e-06
8.5472e-08
-5.31488e-06
-3.06914e-08
-6.56872e-06
-9.94351e-08
-7.61354e-06
-1.23573e-07
-8.44597e-06
-9.36816e-08
-9.0701e-06
-2.18214e-08
-9.50321e-06
7.04444e-08
-9.77224e-06
1.63616e-07
-9.90689e-06
2.46935e-07
-9.93351e-06
3.19574e-07
-9.8717e-06
3.87942e-07
-9.73429e-06
4.61305e-07
-9.52987e-06
5.47819e-07
-9.26663e-06
6.52379e-07
-8.95526e-06
7.77134e-07
-8.60897e-06
9.24301e-07
-8.23959e-06
1.09939e-06
-7.85055e-06
1.31243e-06
-7.43077e-06
1.57424e-06
-6.95796e-06
1.88617e-06
-6.41429e-06
2.22968e-06
2.56602e-06
-5.80259e-06
-2.11179e-06
2.37405e-06
-3.80654e-06
1.78022e-06
-5.21775e-06
1.3805e-06
-6.39782e-06
1.08061e-06
-7.3688e-06
8.47385e-07
-8.14136e-06
6.78856e-07
-8.72676e-06
5.63561e-07
-9.14197e-06
4.85641e-07
-9.40895e-06
4.30609e-07
-9.55132e-06
3.89312e-07
-9.59075e-06
3.58997e-07
-9.54484e-06
3.41984e-07
-9.4268e-06
3.43167e-07
-9.24666e-06
3.67576e-07
-9.01332e-06
4.18924e-07
-8.73591e-06
4.99609e-07
-8.42359e-06
6.11878e-07
-8.08337e-06
7.59081e-07
-7.71667e-06
9.45666e-07
-7.31706e-06
1.1746e-06
-6.87296e-06
1.44206e-06
-6.37597e-06
1.73272e-06
2.01997e-06
-5.82985e-06
-2.03189e-06
4.40595e-06
-3.65562e-06
3.4039e-06
-4.98938e-06
2.71422e-06
-6.08721e-06
2.17843e-06
-6.98163e-06
1.7418e-06
-7.69134e-06
1.38857e-06
-8.23206e-06
1.10429e-06
-8.62085e-06
8.74457e-07
-8.87676e-06
6.86552e-07
-9.01933e-06
5.31938e-07
-9.06675e-06
4.06472e-07
-9.03448e-06
3.09764e-07
-8.93496e-06
2.43673e-07
-8.7781e-06
2.10747e-07
-8.57234e-06
2.1318e-07
-8.32523e-06
2.52525e-07
-8.04334e-06
3.30008e-07
-7.73105e-06
4.4683e-07
-7.3891e-06
6.03771e-07
-7.01398e-06
7.99552e-07
-6.59996e-06
1.02813e-06
-6.14377e-06
1.27665e-06
1.52587e-06
-5.64954e-06
-1.89585e-06
6.30176e-06
-3.41247e-06
4.92047e-06
-4.64646e-06
3.94819e-06
-5.65248e-06
3.18445e-06
-6.46642e-06
2.55575e-06
-7.11071e-06
2.03288e-06
-7.60314e-06
1.59673e-06
-7.96051e-06
1.23184e-06
-8.19975e-06
9.25807e-07
-8.33745e-06
6.69682e-07
-8.38899e-06
4.58076e-07
-8.36774e-06
2.88589e-07
-8.28478e-06
1.608e-07
-8.14915e-06
7.52037e-08
-7.96827e-06
3.23957e-08
-7.7483e-06
3.26633e-08
-7.49407e-06
7.58821e-08
-7.20854e-06
1.61409e-07
-6.89227e-06
2.87623e-07
-6.54358e-06
4.50975e-07
-6.1599e-06
6.44562e-07
-5.74057e-06
8.57429e-07
1.07499e-06
-5.28958e-06
-1.71745e-06
8.01917e-06
-3.09123e-06
6.29423e-06
-4.20459e-06
5.06155e-06
-5.10883e-06
4.0887e-06
-5.83782e-06
3.28475e-06
-6.41445e-06
2.60951e-06
-6.85653e-06
2.0388e-06
-7.17986e-06
1.55515e-06
-7.39938e-06
1.14531e-06
-7.52925e-06
7.99539e-07
-7.58239e-06
5.11233e-07
-7.57014e-06
2.76366e-07
-7.502e-06
9.27073e-08
-7.38575e-06
-4.09853e-08
-7.22766e-06
-1.25627e-07
-7.03265e-06
-1.6226e-07
-6.80435e-06
-1.52335e-07
-6.54491e-06
-9.79613e-08
-6.25484e-06
-2.37379e-09
-5.93357e-06
1.29768e-07
-5.5802e-06
2.91236e-07
-5.1953e-06
4.72551e-07
6.621e-07
-4.78241e-06
-1.50295e-06
9.5221e-06
-2.70564e-06
7.49697e-06
-3.68052e-06
6.03647e-06
-4.47277e-06
4.88098e-06
-5.11222e-06
3.92422e-06
-5.61939e-06
3.11669e-06
-6.01024e-06
2.42963e-06
-6.29862e-06
1.84351e-06
-6.49731e-06
1.34395e-06
-6.6181e-06
9.20281e-07
-6.67168e-06
5.64769e-07
-6.66738e-06
2.72034e-07
-6.61306e-06
3.83643e-08
-6.51512e-06
-1.38934e-07
-6.37865e-06
-2.62108e-07
-6.2075e-06
-3.33412e-07
-6.00439e-06
-3.55444e-07
-5.77092e-06
-3.31441e-07
-5.50772e-06
-2.65596e-07
-5.21464e-06
-1.63347e-07
-4.89174e-06
-3.17295e-08
-4.54004e-06
1.20777e-07
2.84528e-07
-4.16257e-06
-1.25773e-06
1.07799e-05
-2.26875e-06
8.50807e-06
-3.09013e-06
6.85792e-06
-3.76163e-06
5.55253e-06
-4.30795e-06
4.47059e-06
-4.74484e-06
3.55361e-06
-5.0847e-06
2.76949e-06
-5.33859e-06
2.09736e-06
-5.51673e-06
1.52205e-06
-5.62856e-06
1.03205e-06
-5.68257e-06
6.18711e-07
-5.68613e-06
2.75536e-07
-5.64547e-06
-2.36802e-09
-5.5656e-06
-2.18874e-07
-5.45045e-06
-3.77329e-07
-5.30294e-06
-4.80994e-07
-5.12507e-06
-5.33381e-07
-4.91806e-06
-5.38543e-07
-4.68244e-06
-5.01307e-07
-4.41843e-06
-4.27464e-07
-4.12644e-06
-3.23847e-07
-3.80763e-06
-1.98171e-07
-5.8754e-08
-3.4645e-06
-9.88093e-07
1.1768e-05
-1.79202e-06
9.3121e-06
-2.44833e-06
7.51432e-06
-2.9936e-06
6.09787e-06
-3.44546e-06
4.92251e-06
-3.81285e-06
3.92103e-06
-4.10314e-06
3.0598e-06
-4.324e-06
2.31822e-06
-4.48289e-06
1.68091e-06
-4.58682e-06
1.13593e-06
-4.64208e-06
6.73918e-07
-4.65416e-06
2.87552e-07
-4.62763e-06
-2.89628e-08
-4.56619e-06
-2.80395e-07
-4.47267e-06
-4.70936e-07
-4.34915e-06
-6.04607e-07
-4.19704e-06
-6.85592e-07
-4.01719e-06
-7.18496e-07
-3.81008e-06
-7.08535e-07
-3.57603e-06
-6.61637e-07
-3.31558e-06
-5.84422e-07
-3.02985e-06
-4.84024e-07
-3.67839e-07
-2.7209e-06
-6.9335e-07
1.24614e-05
-1.28326e-06
9.90211e-06
-1.77114e-06
8.00227e-06
-2.18841e-06
6.5152e-06
-2.54823e-06
5.28239e-06
-2.84841e-06
4.22125e-06
-3.09145e-06
3.30287e-06
-3.28139e-06
2.50818e-06
-3.42288e-06
1.8224e-06
-3.52044e-06
1.23349e-06
-3.57823e-06
7.31682e-07
-3.59983e-06
3.09127e-07
-3.58826e-06
-4.05779e-08
-3.5459e-06
-3.22808e-07
-3.47458e-06
-5.42322e-07
-3.3756e-06
-7.03648e-07
-3.24987e-06
-8.11402e-07
-3.09792e-06
-8.70521e-07
-2.92012e-06
-8.86421e-07
-2.7168e-06
-8.65043e-07
-2.48851e-06
-8.12792e-07
-2.23625e-06
-7.36351e-07
-6.4246e-07
-1.9617e-06
-3.58913e-07
1.28204e-05
-7.40937e-07
1.02842e-05
-1.07411e-06
8.33549e-06
-1.37242e-06
6.81356e-06
-1.64326e-06
5.55327e-06
-1.87927e-06
4.4573e-06
-2.07752e-06
3.50116e-06
-2.23877e-06
2.66947e-06
-2.3648e-06
1.94846e-06
-2.45764e-06
1.32635e-06
-2.51926e-06
7.93323e-07
-2.55143e-06
3.41297e-07
-2.55558e-06
-3.64196e-08
-2.5329e-06
-3.45504e-07
-2.48424e-06
-5.90995e-07
-2.41024e-06
-7.77673e-07
-2.31131e-06
-9.10355e-07
-2.18773e-06
-9.94122e-07
-2.03974e-06
-1.03444e-06
-1.86762e-06
-1.03719e-06
-1.67187e-06
-1.00856e-06
-1.45335e-06
-9.54874e-07
-8.82393e-07
-1.21342e-06
8.9568e-09
1.28115e-05
-1.7603e-07
1.04692e-05
-3.75447e-07
8.53492e-06
-5.70809e-07
7.00894e-06
-7.58689e-07
5.74117e-06
-9.33641e-07
4.63228e-06
-1.08957e-06
3.65712e-06
-1.22423e-06
2.80417e-06
-1.33657e-06
2.06084e-06
-1.42611e-06
1.41592e-06
-1.49264e-06
8.59893e-07
-1.53608e-06
3.84784e-07
-1.55643e-06
-1.60379e-08
-1.55365e-06
-3.48249e-07
-1.52776e-06
-6.16866e-07
-1.47874e-06
-8.26666e-07
-1.40661e-06
-9.82458e-07
-1.31142e-06
-1.08929e-06
-1.19326e-06
-1.15258e-06
-1.05236e-06
-1.17806e-06
-8.89136e-07
-1.17175e-06
-7.04305e-07
-1.13966e-06
-1.0877e-06
-4.98948e-07
3.8504e-07
1.24265e-05
3.68335e-07
1.04859e-05
2.95039e-07
8.6082e-06
1.92902e-07
7.11107e-06
7.96352e-08
5.85444e-06
-3.78591e-08
4.74979e-06
-1.54154e-07
3.77344e-06
-2.64306e-07
2.91436e-06
-3.64504e-07
2.16107e-06
-4.51791e-07
1.50325e-06
-5.23841e-07
9.31993e-07
-5.78812e-07
4.39809e-07
-6.15282e-07
2.04874e-08
-6.32113e-07
-3.31363e-07
-6.28515e-07
-6.2041e-07
-6.03931e-07
-8.51197e-07
-5.58024e-07
-1.02831e-06
-4.9064e-07
-1.15662e-06
-4.01776e-07
-1.24138e-06
-2.91584e-07
-1.2882e-06
-1.60393e-07
-1.30288e-06
-8.75998e-09
-1.29124e-06
-1.25886e-06
1.62465e-07
6.60692e-07
1.17657e-05
8.49212e-07
1.02973e-05
9.00765e-07
8.55662e-06
8.89915e-07
7.1219e-06
8.48505e-07
5.89584e-06
7.84598e-07
4.8137e-06
7.05024e-07
3.85303e-06
6.17363e-07
3.00204e-06
5.28049e-07
2.25042e-06
4.42387e-07
1.58895e-06
3.6471e-07
1.00971e-06
2.98515e-07
5.06055e-07
2.46595e-07
7.24633e-08
2.11032e-07
-2.95743e-07
1.93388e-07
-6.02707e-07
1.94694e-07
-8.52444e-07
2.15572e-07
-1.04913e-06
2.56318e-07
-1.19731e-06
3.17003e-07
-1.30201e-06
3.97537e-07
-1.36867e-06
4.97686e-07
-1.40297e-06
6.17058e-07
-1.41055e-06
-1.39678e-06
7.55032e-07
8.46061e-07
1.09196e-05
1.22527e-06
9.91805e-06
1.41048e-06
8.37137e-06
1.49778e-06
7.03457e-06
1.52733e-06
5.86626e-06
1.51368e-06
4.82734e-06
1.46816e-06
3.89855e-06
1.40124e-06
3.06897e-06
1.3219e-06
2.32978e-06
1.23764e-06
1.67323e-06
1.15468e-06
1.09271e-06
1.07806e-06
5.82717e-07
1.01177e-06
1.38788e-07
9.58876e-07
-2.42801e-07
9.21561e-07
-5.65347e-07
9.01277e-07
-8.32113e-07
8.98856e-07
-1.04666e-06
9.1467e-07
-1.21308e-06
9.48806e-07
-1.3361e-06
1.0012e-06
-1.42103e-06
1.07174e-06
-1.47346e-06
1.1602e-06
-1.49897e-06
-1.50275e-06
1.26621e-06
9.45844e-07
9.97377e-06
1.49081e-06
9.37304e-06
1.81301e-06
8.04913e-06
2.00116e-06
6.84639e-06
2.10024e-06
5.76716e-06
2.1345e-06
4.79307e-06
2.12086e-06
3.91218e-06
2.07321e-06
3.11662e-06
2.00314e-06
2.39985e-06
1.92027e-06
1.75611e-06
1.83256e-06
1.18043e-06
1.7465e-06
6.68802e-07
1.66722e-06
2.18087e-07
1.59864e-06
-1.74195e-07
1.54354e-06
-5.10219e-07
1.5037e-06
-7.92251e-07
1.4801e-06
-1.02303e-06
1.47309e-06
-1.20604e-06
1.48271e-06
-1.34568e-06
1.50886e-06
-1.44716e-06
1.55155e-06
-1.51613e-06
1.61077e-06
-1.55817e-06
-1.57843e-06
1.68646e-06
9.92455e-07
8.98128e-06
1.6726e-06
8.69287e-06
2.11628e-06
7.60543e-06
2.39721e-06
6.56544e-06
2.56175e-06
5.60261e-06
2.64061e-06
4.71419e-06
2.65615e-06
3.89663e-06
2.6259e-06
3.14685e-06
2.56406e-06
2.46169e-06
2.48227e-06
1.83789e-06
2.39014e-06
1.27257e-06
2.29547e-06
7.63476e-07
2.20446e-06
3.091e-07
2.12181e-06
-9.15424e-08
2.05084e-06
-4.39239e-07
1.99361e-06
-7.35011e-07
1.95113e-06
-9.80543e-07
1.92365e-06
-1.17856e-06
1.91102e-06
-1.33304e-06
1.91307e-06
-1.44921e-06
1.92989e-06
-1.53295e-06
1.9618e-06
-1.59008e-06
-1.62571e-06
2.00907e-06
1.01741e-06
7.96386e-06
1.79961e-06
7.91066e-06
2.34127e-06
7.06377e-06
2.69916e-06
6.20754e-06
2.91893e-06
5.38282e-06
3.03545e-06
4.59767e-06
3.07524e-06
3.85682e-06
3.059e-06
3.16309e-06
3.00324e-06
2.51745e-06
2.92139e-06
1.91973e-06
2.82449e-06
1.36946e-06
2.72151e-06
8.66448e-07
2.61959e-06
4.11021e-07
2.52413e-06
3.91317e-09
2.43893e-06
-3.54049e-07
2.36631e-06
-6.62391e-07
2.30724e-06
-9.21484e-07
2.26171e-06
-1.13304e-06
2.22921e-06
-1.30055e-06
2.20938e-06
-1.42939e-06
2.20244e-06
-1.52603e-06
2.20907e-06
-1.59673e-06
-1.64671e-06
2.23005e-06
1.04229e-06
6.92157e-06
1.89899e-06
7.05397e-06
2.51243e-06
6.45034e-06
2.92661e-06
5.79336e-06
3.18646e-06
5.12298e-06
3.32966e-06
4.45448e-06
3.38584e-06
3.80064e-06
3.3781e-06
3.17082e-06
3.32474e-06
2.57081e-06
3.24055e-06
2.00391e-06
3.13765e-06
1.47236e-06
3.02588e-06
9.78206e-07
2.91315e-06
5.23747e-07
2.80548e-06
1.11565e-07
2.70716e-06
-2.55741e-07
2.62073e-06
-5.75976e-07
2.54712e-06
-8.47887e-07
2.48589e-06
-1.07183e-06
2.43587e-06
-1.25056e-06
2.39633e-06
-1.38987e-06
2.36768e-06
-1.4974e-06
2.35113e-06
-1.58022e-06
-1.64367e-06
2.34807e-06
1.07502e-06
5.84656e-06
1.98756e-06
6.14145e-06
2.64966e-06
5.78825e-06
3.0988e-06
5.34424e-06
3.38093e-06
4.84086e-06
3.5369e-06
4.29852e-06
3.59913e-06
3.73842e-06
3.59257e-06
3.17739e-06
3.53664e-06
2.62673e-06
3.44688e-06
2.09368e-06
3.33593e-06
1.58331e-06
3.21416e-06
1.09997e-06
3.08996e-06
6.4794e-07
2.9699e-06
2.31613e-07
2.85875e-06
-1.44612e-07
2.75943e-06
-4.76669e-07
2.67285e-06
-7.61329e-07
2.59801e-06
-9.97019e-07
2.53266e-06
-1.18523e-06
2.47537e-06
-1.33261e-06
2.42687e-06
-1.44893e-06
2.38919e-06
-1.54257e-06
-1.61901e-06
2.36449e-06
1.10966e-06
4.73691e-06
2.06892e-06
5.18222e-06
2.76449e-06
5.09271e-06
3.23011e-06
4.87864e-06
3.51636e-06
4.55463e-06
3.66987e-06
4.14503e-06
3.72671e-06
3.68159e-06
3.71334e-06
3.19077e-06
3.64953e-06
2.69054e-06
3.55074e-06
2.19247e-06
3.42948e-06
1.70457e-06
3.29609e-06
1.23336e-06
3.15914e-06
7.84884e-07
3.02562e-06
3.65122e-07
2.90092e-06
-1.99264e-08
2.78858e-06
-3.64348e-07
2.68984e-06
-6.62606e-07
2.6031e-06
-9.10305e-07
2.52426e-06
-1.10642e-06
2.4507e-06
-1.25909e-06
2.38385e-06
-1.38211e-06
2.32699e-06
-1.48576e-06
-1.57529e-06
2.28324e-06
1.13301e-06
3.60392e-06
2.1396e-06
4.17566e-06
2.86212e-06
4.37021e-06
3.32846e-06
4.41232e-06
3.60093e-06
4.28217e-06
3.73713e-06
4.00885e-06
3.77811e-06
3.64062e-06
3.75123e-06
3.21767e-06
3.67549e-06
2.76629e-06
3.56526e-06
2.30271e-06
3.43209e-06
1.83775e-06
3.28568e-06
1.37977e-06
3.13439e-06
9.36167e-07
2.98549e-06
5.14006e-07
2.84517e-06
1.20377e-07
2.71815e-06
-2.37341e-07
2.60671e-06
-5.51189e-07
2.50904e-06
-8.12663e-07
2.41796e-06
-1.01537e-06
2.32881e-06
-1.16998e-06
2.24454e-06
-1.29788e-06
2.17043e-06
-1.41168e-06
-1.51549e-06
2.11059e-06
1.15239e-06
2.45155e-06
2.20878e-06
3.1193e-06
2.94594e-06
3.63307e-06
3.39256e-06
3.96573e-06
3.63338e-06
4.04137e-06
3.74073e-06
3.90151e-06
3.75973e-06
3.62163e-06
3.71664e-06
3.26077e-06
3.62816e-06
2.85478e-06
3.50647e-06
2.4244e-06
3.36142e-06
1.9828e-06
3.20149e-06
1.5397e-06
3.0344e-06
1.10325e-06
2.86748e-06
6.80918e-07
2.70782e-06
2.80031e-07
2.56204e-06
-9.15825e-08
2.43497e-06
-4.24135e-07
2.32591e-06
-7.03635e-07
2.22268e-06
-9.12174e-07
2.11729e-06
-1.06462e-06
2.016e-06
-1.19661e-06
1.92689e-06
-1.32262e-06
-1.44342e-06
1.85478e-06
1.23637e-06
1.21519e-06
2.30738e-06
2.04831e-06
3.00491e-06
2.93556e-06
3.39982e-06
3.57084e-06
3.59756e-06
3.84364e-06
3.67543e-06
3.82365e-06
3.67588e-06
3.62119e-06
3.62092e-06
3.31574e-06
3.52377e-06
2.95193e-06
3.394e-06
2.55417e-06
3.23944e-06
2.13736e-06
3.06702e-06
1.71212e-06
2.88337e-06
1.28688e-06
2.69544e-06
8.68839e-07
2.5109e-06
4.64557e-07
2.33877e-06
8.05353e-08
2.18843e-06
-2.73815e-07
2.06459e-06
-5.79826e-07
1.94699e-06
-7.94599e-07
1.82278e-06
-9.40436e-07
1.7048e-06
-1.07867e-06
1.6044e-06
-1.22225e-06
-1.36469e-06
1.52563e-06
1.3966e-06
-1.81388e-07
2.38635e-06
1.05858e-06
2.95575e-06
2.36617e-06
3.28626e-06
3.24034e-06
3.4613e-06
3.66861e-06
3.53322e-06
3.75175e-06
3.53333e-06
3.62109e-06
3.47942e-06
3.36966e-06
3.3828e-06
3.04856e-06
3.2516e-06
2.68537e-06
3.09223e-06
2.29673e-06
2.91015e-06
1.8942e-06
2.71059e-06
1.48644e-06
2.49936e-06
1.08006e-06
2.28375e-06
6.8016e-07
2.07326e-06
2.91012e-07
1.88241e-06
-8.29792e-08
1.7345e-06
-4.31941e-07
1.5963e-06
-6.56419e-07
1.44786e-06
-7.92019e-07
1.31546e-06
-9.46304e-07
1.21128e-06
-1.1181e-06
-1.2881e-06
1.13466e-06
1.30754e-06
-1.48892e-06
2.16364e-06
2.02481e-07
2.60821e-06
1.92161e-06
2.9649e-06
2.88365e-06
3.20029e-06
3.43322e-06
3.32079e-06
3.63126e-06
3.35252e-06
3.58936e-06
3.3184e-06
3.40377e-06
3.23407e-06
3.1329e-06
3.10938e-06
2.81007e-06
2.95092e-06
2.45518e-06
2.76334e-06
2.08178e-06
2.55035e-06
1.69942e-06
2.31562e-06
1.31477e-06
2.06402e-06
9.31756e-07
1.80346e-06
5.51561e-07
1.53879e-06
1.81683e-07
1.33771e-06
-2.30876e-07
1.16355e-06
-4.8227e-07
9.83382e-07
-6.11872e-07
8.49091e-07
-8.12031e-07
7.57603e-07
-1.02663e-06
-1.22741e-06
6.9689e-07
3.82561e-07
1.16292e-06
1.88919e-06
2.47391e-06
2.87489e-06
3.10199e-06
3.19465e-06
3.19399e-06
3.1282e-06
3.01363e-06
2.85904e-06
2.6692e-06
2.44658e-06
2.1922e-06
1.90568e-06
1.58404e-06
1.23399e-06
8.60713e-07
5.59704e-07
3.95155e-07
3.08198e-07
2.60295e-07
2.33163e-07
-2.45944e-07
1.33784e-06
-1.46442e-06
1.21847e-06
-2.61727e-06
1.15285e-06
1.14391e-06
-3.76118e-06
-1.46363e-06
2.20424e-06
-2.4624e-06
2.21725e-06
-3.4654e-06
2.15585e-06
2.02961e-06
-4.3511e-06
-2.77834e-06
2.99509e-06
-3.52429e-06
2.96318e-06
-4.24476e-06
2.87631e-06
2.73232e-06
-4.94749e-06
-5.02323e-06
4.18646e-06
-4.80242e-06
2.74242e-06
-3.98243e-06
2.0564e-06
2.67766e-06
-3.92769e-06
-7.50843e-06
4.75563e-06
-6.12352e-06
1.35738e-06
-4.42399e-06
3.56872e-07
9.66045e-07
-2.71231e-06
-9.90794e-07
4.08244e-06
-1.07652e-06
1.44315e-06
-1.69625e-06
9.7665e-07
1.33754e-06
-2.06775e-06
6.44284e-06
4.03068e-06
5.00029e-06
2.88576e-06
2.11801e-06
3.85888e-06
3.97219e-06
-5.16724e-07
8.29382e-06
4.51827e-06
6.66922e-06
4.51035e-06
5.03843e-06
5.4896e-06
5.5627e-06
3.4479e-06
6.08902e-06
5.1923e-06
5.35799e-06
5.24129e-06
5.43973e-06
5.40787e-06
5.13258e-06
5.86983e-06
2.97195e-06
4.84918e-06
3.3273e-06
4.88588e-06
3.8961e-06
4.83909e-06
4.5487e-06
4.48e-06
6.17009e-07
4.16612e-06
1.29188e-06
4.21101e-06
1.9828e-06
4.1482e-06
3.94592e-06
2.5856e-06
-1.18292e-06
3.46753e-06
-4.98167e-07
3.5263e-06
1.46231e-07
3.50382e-06
3.38833e-06
7.03839e-07
-2.6272e-06
2.86805e-06
-2.03317e-06
2.93229e-06
-1.4732e-06
2.94385e-06
2.89173e-06
-9.76606e-07
-3.7765e-06
2.37466e-06
-3.28302e-06
2.43879e-06
-2.80563e-06
2.46644e-06
2.45456e-06
-2.3685e-06
-4.63052e-06
1.96219e-06
-4.21609e-06
2.02431e-06
-3.81113e-06
2.06146e-06
2.07316e-06
-3.42975e-06
-5.1971e-06
1.61302e-06
-4.84414e-06
1.67133e-06
-4.49647e-06
1.71378e-06
1.73963e-06
-4.16292e-06
-5.49981e-06
1.31027e-06
-5.19341e-06
1.36497e-06
-4.88917e-06
1.40958e-06
1.44344e-06
-4.59293e-06
-5.56138e-06
1.0419e-06
-5.28953e-06
1.09319e-06
-5.01792e-06
1.13803e-06
1.17587e-06
-4.75029e-06
-5.40747e-06
7.99935e-07
-5.162e-06
8.47775e-07
-4.91542e-06
8.91495e-07
9.30616e-07
-4.67015e-06
-5.0689e-06
5.79296e-07
-4.84464e-06
6.23525e-07
-4.61827e-06
6.6513e-07
7.03709e-07
-4.39138e-06
-4.58018e-06
3.77009e-07
-4.37412e-06
4.17424e-07
-4.16524e-06
4.56207e-07
4.93011e-07
-3.95459e-06
-3.97724e-06
1.9156e-07
-3.78787e-06
2.27986e-07
-3.5952e-06
2.63462e-07
2.97677e-07
-3.39993e-06
-3.29543e-06
2.23709e-08
-3.12221e-06
5.46861e-08
-2.94536e-06
8.65465e-08
1.17668e-07
-2.76541e-06
-2.568e-06
-1.30617e-07
-2.41089e-06
-1.02472e-07
-2.25e-06
-7.43981e-08
-4.66609e-08
-2.0857e-06
-1.82509e-06
-2.67253e-07
-1.68431e-06
-2.4328e-07
-1.53966e-06
-2.19061e-07
-1.94848e-07
-1.39148e-06
-1.09327e-06
-3.87386e-07
-9.69003e-07
-3.67537e-07
-8.40885e-07
-3.47169e-07
-3.26523e-07
-7.09198e-07
-3.95289e-07
-4.90999e-07
-2.8761e-07
-4.75187e-07
-1.76137e-07
-4.58617e-07
-4.4152e-07
-6.11186e-08
2.49787e-07
-5.78269e-07
3.41014e-07
-5.6638e-07
4.35952e-07
-5.53525e-07
-5.39925e-07
5.3438e-07
8.26394e-07
-6.49591e-07
9.01536e-07
-6.41494e-07
9.80289e-07
-6.32256e-07
-6.22085e-07
1.06247e-06
1.3222e-06
-7.05558e-07
1.38184e-06
-7.01117e-07
1.44499e-06
-6.95392e-07
-6.88584e-07
1.5115e-06
1.72785e-06
-7.46942e-07
1.77276e-06
-7.46023e-07
1.82109e-06
-7.43719e-07
-7.40216e-07
1.87273e-06
2.03678e-06
-7.74659e-07
2.0679e-06
-7.77146e-07
2.10237e-06
-7.78189e-07
-7.77956e-07
2.1401e-06
2.24512e-06
-7.89748e-07
2.26352e-06
-7.95557e-07
2.28522e-06
-7.99905e-07
-8.0294e-07
2.3102e-06
2.35165e-06
-7.93354e-07
2.35853e-06
-8.02453e-07
2.36872e-06
-8.10113e-07
-8.16456e-07
2.38223e-06
2.35785e-06
-7.86738e-07
2.35454e-06
-7.99168e-07
2.35462e-06
-8.10213e-07
-8.19957e-07
2.3581e-06
2.26777e-06
-7.71309e-07
2.2558e-06
-7.87215e-07
2.24736e-06
-8.01797e-07
-8.15089e-07
2.24247e-06
2.08796e-06
-7.48721e-07
2.06909e-06
-7.68371e-07
2.05399e-06
-7.86723e-07
-8.03751e-07
2.04263e-06
1.82709e-06
-7.21067e-07
1.80353e-06
-7.44842e-07
1.78403e-06
-7.6724e-07
-7.88182e-07
1.76843e-06
1.49574e-06
-6.9121e-07
1.47036e-06
-7.19491e-07
1.44924e-06
-7.46136e-07
-7.71037e-07
1.43207e-06
1.10657e-06
-6.63142e-07
1.08311e-06
-6.96047e-07
1.06377e-06
-7.26817e-07
-7.5538e-07
1.0481e-06
6.75613e-07
-6.41879e-07
6.58388e-07
-6.78834e-07
6.44527e-07
-7.12968e-07
-7.44338e-07
6.33476e-07
2.24493e-07
2.17771e-07
2.12548e-07
2.08498e-07
-3.79373e-06
3.32165e-06
-4.65146e-06
3.31764e-06
-5.69768e-06
3.32209e-06
-6.55961e-06
3.20948e-06
-7.04095e-06
2.99474e-06
-7.14362e-06
2.54332e-06
-6.95154e-06
2.33359e-06
-6.63041e-06
1.92024e-06
-6.27327e-06
8.44757e-07
-5.89511e-06
-4.0158e-07
-5.40956e-06
-1.43126e-06
-4.73468e-06
-2.14001e-06
-4.25831e-06
-3.01277e-06
-4.50083e-06
-4.16337e-06
-5.44966e-06
-5.39349e-06
-6.38378e-06
-6.7932e-06
-6.26202e-06
-6.93436e-06
-3.50351e-06
-3.21112e-06
5.91244e-06
-5.44228e-06
4.41283e-06
-6.31894e-06
4.1943e-06
-7.07718e-06
4.08033e-06
-7.61308e-06
3.74538e-06
-7.73066e-06
3.11232e-06
-7.57598e-06
2.38864e-06
-6.9706e-06
1.7282e-06
-6.03971e-06
9.8936e-07
-5.21985e-06
2.48941e-08
-4.6308e-06
-9.90631e-07
-4.27684e-06
-1.78523e-06
-3.9698e-06
-2.44705e-06
-3.89726e-06
-3.08531e-06
-4.36069e-06
-3.69994e-06
-5.48126e-06
-4.27292e-06
-7.1568e-06
-5.11766e-06
-8.56869e-06
-5.52246e-06
-7.15672e-06
-4.62309e-06
-1.24428e-06
-6.30614e-06
5.77148e-06
-7.25293e-06
5.14109e-06
-7.66955e-06
4.49695e-06
-7.73018e-06
3.80601e-06
-7.54994e-06
2.93208e-06
-7.19854e-06
2.03723e-06
-6.43103e-06
9.60702e-07
-5.38745e-06
-5.42265e-08
-4.28612e-06
-1.07643e-06
-3.6132e-06
-1.66355e-06
-3.26621e-06
-2.13223e-06
-3.09659e-06
-2.61667e-06
-3.20473e-06
-2.97719e-06
-3.69803e-06
-3.20664e-06
-4.65162e-06
-3.31934e-06
-6.57072e-06
-3.19856e-06
-8.57176e-06
-3.52143e-06
-7.81499e-06
-5.37987e-06
-9.05928e-06
-5.51385e-06
7.35766e-06
-7.30495e-06
6.93216e-06
-7.48676e-06
4.67874e-06
-7.21334e-06
3.53255e-06
-6.76088e-06
2.47961e-06
-5.87561e-06
1.15195e-06
-5.0346e-06
1.19683e-07
-3.9448e-06
-1.14403e-06
-3.5538e-06
-1.46745e-06
-2.96577e-06
-2.25158e-06
-2.57336e-06
-2.52464e-06
-2.37033e-06
-2.81969e-06
-2.55604e-06
-2.79149e-06
-3.27404e-06
-2.48864e-06
-4.32171e-06
-2.27168e-06
-5.80427e-06
-1.71601e-06
-6.87148e-06
-2.45423e-06
-7.30754e-06
-4.94382e-06
-1.63668e-05
-1.19993e-06
5.84527e-06
-3.71641e-06
9.44867e-06
-5.94567e-06
6.90801e-06
-7.27949e-06
4.86636e-06
-6.24811e-06
1.44825e-06
-3.00408e-06
-2.09207e-06
-8.267e-07
-2.0577e-06
1.00617e-06
-2.97692e-06
2.82049e-06
-3.28177e-06
4.13932e-06
-3.5704e-06
5.56612e-06
-3.95144e-06
7.0627e-06
-4.3163e-06
6.78428e-06
-2.5131e-06
4.96365e-06
-6.6806e-07
5.1082e-06
-2.4163e-06
6.43743e-06
-3.04529e-06
8.3314e-06
-4.34823e-06
5.05156e-06
-1.66402e-06
-1.13153e-05
-2.18889e-06
5.96637e-06
-1.21095e-06
8.47063e-06
-1.01805e-06
6.71512e-06
-4.71416e-08
3.8955e-06
1.29884e-06
1.02265e-07
2.21174e-06
-3.005e-06
3.69411e-06
-3.5401e-06
4.29495e-06
-3.57776e-06
4.68109e-06
-3.66788e-06
4.94767e-06
-3.83697e-06
5.49794e-06
-4.50171e-06
5.63182e-06
-4.45019e-06
6.07648e-06
-2.95778e-06
6.14441e-06
-7.35984e-07
6.30343e-06
-2.57532e-06
7.55446e-06
-4.29635e-06
8.46978e-06
-5.26357e-06
5.71444e-06
1.09128e-06
-5.60085e-06
-1.2027e-06
6.65237e-06
8.50572e-07
6.41735e-06
2.96507e-06
4.60063e-06
5.63192e-06
1.22865e-06
6.98898e-06
-1.25482e-06
5.97821e-06
-1.99427e-06
5.44558e-06
-3.00751e-06
5.08993e-06
-3.22216e-06
4.56048e-06
-3.13848e-06
4.04144e-06
-3.31799e-06
3.61944e-06
-4.07981e-06
2.9699e-06
-3.80075e-06
3.66094e-06
-3.64895e-06
5.11899e-06
-2.19414e-06
5.15697e-06
-2.61337e-06
4.04048e-06
-3.1799e-06
1.5639e-06
-2.78702e-06
1.70572e-06
9.49434e-07
-3.89514e-06
2.27034e-06
7.82995e-06
3.30545e-06
5.38225e-06
4.99696e-06
2.90911e-06
6.59389e-06
-3.68307e-07
7.23426e-06
-1.89522e-06
6.04223e-06
-8.0225e-07
4.36824e-06
-1.33353e-06
3.13059e-06
-1.98449e-06
2.04104e-06
-2.04892e-06
1.20077e-06
-2.47773e-06
4.56312e-07
-3.3354e-06
5.20329e-07
-3.86482e-06
1.05003e-06
-4.1787e-06
2.29535e-06
-3.43951e-06
2.22036e-06
-2.53842e-06
1.18916e-06
-2.14875e-06
4.04587e-08
-1.63838e-06
2.1615e-06
-1.17165e-06
-1.73367e-06
4.88953e-06
8.81022e-06
4.8116e-06
5.46018e-06
5.04657e-06
2.67413e-06
4.62265e-06
5.55984e-08
3.53866e-06
-8.11245e-07
2.93801e-06
-2.01584e-07
1.95324e-06
-3.48719e-07
6.23521e-07
-6.5474e-07
-5.77458e-07
-8.47936e-07
-1.49138e-06
-1.56382e-06
-2.02481e-06
-2.802e-06
-1.84169e-06
-4.04799e-06
-1.52191e-06
-4.49854e-06
-8.30714e-07
-4.13078e-06
-6.7853e-07
-2.69068e-06
-5.32511e-07
-2.29482e-06
2.05613e-07
-2.37657e-06
1.00964e-06
-1.97574e-06
-7.24059e-07
4.6618e-06
8.62839e-06
4.40566e-06
5.71635e-06
3.88953e-06
3.19024e-06
2.7561e-06
1.18897e-06
1.57261e-06
3.72207e-07
8.84785e-07
4.86217e-07
1.1714e-07
4.18894e-07
-9.59461e-07
4.21805e-07
-2.10708e-06
2.99589e-07
-2.88967e-06
-7.81345e-07
-3.1355e-06
-2.55628e-06
-3.32254e-06
-3.86103e-06
-3.64443e-06
-4.17672e-06
-4.12522e-06
-3.65007e-06
-4.01685e-06
-2.79912e-06
-3.37314e-06
-2.93858e-06
-2.3155e-06
-3.43426e-06
-1.24677e-06
-3.04452e-06
-1.97086e-06
3.22395e-06
7.99007e-06
3.13048e-06
5.8098e-06
2.51278e-06
3.80791e-06
1.42837e-06
2.27333e-06
3.67955e-07
1.43259e-06
-3.12543e-07
1.16668e-06
-9.95471e-07
1.10178e-06
-1.8386e-06
1.26487e-06
-2.77052e-06
1.23141e-06
-3.31256e-06
-2.39422e-07
-3.70723e-06
-2.16171e-06
-4.53321e-06
-3.03513e-06
-5.81237e-06
-2.89762e-06
-6.78111e-06
-2.68137e-06
-6.62513e-06
-2.95515e-06
-5.82209e-06
-3.74167e-06
-4.75852e-06
-4.49788e-06
-2.8911e-06
-4.912e-06
-4.86198e-06
1.49368e-06
7.20024e-06
1.60154e-06
5.70191e-06
1.16973e-06
4.2397e-06
3.6592e-07
3.07715e-06
-4.39726e-07
2.23825e-06
-1.03205e-06
1.75902e-06
-1.63781e-06
1.70755e-06
-2.25646e-06
1.8835e-06
-2.84081e-06
1.81572e-06
-3.37694e-06
2.96658e-07
-4.28171e-06
-1.257e-06
-5.62835e-06
-1.68853e-06
-7.09854e-06
-1.42747e-06
-7.60461e-06
-2.17533e-06
-7.29144e-06
-3.26837e-06
-6.74726e-06
-4.2859e-06
-6.13584e-06
-5.10935e-06
-4.15795e-06
-6.88995e-06
-9.01997e-06
-1.5668e-07
6.38028e-06
1.2821e-07
5.41698e-06
-3.68994e-08
4.40481e-06
-4.94178e-07
3.53445e-06
-1.04778e-06
2.79188e-06
-1.56885e-06
2.28011e-06
-2.04571e-06
2.18441e-06
-2.48861e-06
2.32638e-06
-2.80615e-06
2.13324e-06
-3.48378e-06
9.74249e-07
-4.59803e-06
-1.42792e-07
-5.86267e-06
-4.23938e-07
-6.69233e-06
-5.97857e-07
-6.82414e-06
-2.04357e-06
-6.47021e-06
-3.62235e-06
-6.14179e-06
-4.61437e-06
-5.88344e-06
-5.36776e-06
-4.39178e-06
-8.38167e-06
-1.34118e-05
-1.56702e-06
5.57876e-06
-1.1552e-06
5.00513e-06
-1.08668e-06
4.3363e-06
-1.25473e-06
3.7025e-06
-1.58857e-06
3.12571e-06
-2.00278e-06
2.6943e-06
-2.3816e-06
2.56319e-06
-2.65199e-06
2.59673e-06
-2.855e-06
2.3362e-06
-3.42277e-06
1.54197e-06
-4.29723e-06
7.31608e-07
-5.00016e-06
2.78935e-07
-5.2919e-06
-3.06166e-07
-5.36336e-06
-1.97216e-06
-5.2641e-06
-3.72167e-06
-5.07977e-06
-4.79874e-06
-4.43023e-06
-6.01736e-06
-3.1203e-06
-9.69166e-06
-1.65321e-05
-2.67621e-06
4.8252e-06
-2.19256e-06
4.5215e-06
-1.96476e-06
4.10851e-06
-1.93799e-06
3.67574e-06
-2.07564e-06
3.26334e-06
-2.32641e-06
2.94501e-06
-2.56139e-06
2.79811e-06
-2.68252e-06
2.71778e-06
-2.79265e-06
2.44627e-06
-3.10129e-06
1.85055e-06
-3.54253e-06
1.17279e-06
-3.82021e-06
5.56569e-07
-3.80795e-06
-3.18478e-07
-3.87638e-06
-1.90377e-06
-3.99011e-06
-3.60799e-06
-3.78655e-06
-5.00236e-06
-2.88858e-06
-6.91539e-06
-1.68319e-06
-1.08971e-05
-1.82153e-05
-3.46662e-06
4.12894e-06
-2.9521e-06
4.00702e-06
-2.62513e-06
3.78157e-06
-2.46157e-06
3.51219e-06
-2.43455e-06
3.2363e-06
-2.49545e-06
3.00588e-06
-2.55246e-06
2.85506e-06
-2.54724e-06
2.71251e-06
-2.52891e-06
2.42788e-06
-2.60049e-06
1.92209e-06
-2.71434e-06
1.28659e-06
-2.71541e-06
5.57602e-07
-2.58538e-06
-4.48554e-07
-2.57e-06
-1.9192e-06
-2.5924e-06
-3.58564e-06
-2.28508e-06
-5.30973e-06
-1.57486e-06
-7.62567e-06
-8.20073e-07
-1.1652e-05
-1.90354e-05
-3.94933e-06
3.4854e-06
-3.4253e-06
3.48304e-06
-3.0338e-06
3.39011e-06
-2.76532e-06
3.24371e-06
-2.60009e-06
3.07106e-06
-2.4992e-06
2.90497e-06
-2.40133e-06
2.75715e-06
-2.26872e-06
2.57986e-06
-2.1243e-06
2.28343e-06
-2.01345e-06
1.81121e-06
-1.91154e-06
1.18464e-06
-1.75284e-06
3.98857e-07
-1.55553e-06
-6.45908e-07
-1.43692e-06
-2.03786e-06
-1.34713e-06
-3.67548e-06
-1.10576e-06
-5.55115e-06
-6.86321e-07
-8.04517e-06
-3.55175e-07
-1.19832e-05
-1.93906e-05
-4.15097e-06
2.88612e-06
-3.62736e-06
2.95945e-06
-3.19331e-06
2.95606e-06
-2.8463e-06
2.89668e-06
-2.5736e-06
2.79833e-06
-2.34615e-06
2.6775e-06
-2.12475e-06
2.53571e-06
-1.88443e-06
2.33951e-06
-1.63448e-06
2.03343e-06
-1.39603e-06
1.57272e-06
-1.16136e-06
9.49923e-07
-9.10934e-07
1.48388e-07
-6.68309e-07
-8.88583e-07
-4.97428e-07
-2.2088e-06
-3.85028e-07
-3.78793e-06
-2.68534e-07
-5.6677e-06
-1.9564e-07
-8.11812e-06
-3.21493e-07
-1.18574e-05
-1.97122e-05
-4.10791e-06
2.32389e-06
-3.59073e-06
2.44225e-06
-3.13096e-06
2.49626e-06
-2.72944e-06
2.49512e-06
-2.37827e-06
2.44711e-06
-2.0588e-06
2.35799e-06
-1.74643e-06
2.2233e-06
-1.42594e-06
2.01898e-06
-1.0996e-06
1.70705e-06
-7.80141e-07
1.25321e-06
-4.70636e-07
6.40365e-07
-1.7256e-07
-1.49743e-07
9.01031e-08
-1.1513e-06
2.75801e-07
-2.39455e-06
3.73651e-07
-3.88584e-06
3.85189e-07
-5.6793e-06
2.57579e-07
-7.99057e-06
-9.21276e-08
-1.15077e-05
-1.98043e-05
-3.86193e-06
1.7944e-06
-3.35632e-06
1.93658e-06
-2.8849e-06
2.02477e-06
-2.4502e-06
2.06035e-06
-2.04792e-06
2.04477e-06
-1.66734e-06
1.97735e-06
-1.29453e-06
1.85043e-06
-9.2062e-07
1.64501e-06
-5.47426e-07
1.33379e-06
-1.84482e-07
8.90203e-07
1.59601e-07
2.96222e-07
4.74775e-07
-4.64978e-07
7.38869e-07
-1.41546e-06
9.20973e-07
-2.57671e-06
1.00159e-06
-3.96651e-06
9.63782e-07
-5.64155e-06
7.69299e-07
-7.79614e-06
3.69863e-07
-1.11083e-05
-1.94345e-05
-3.45633e-06
1.29608e-06
-2.96748e-06
1.44764e-06
-2.49657e-06
1.55378e-06
-2.04701e-06
1.61071e-06
-1.61752e-06
1.61522e-06
-1.20284e-06
1.5626e-06
-7.96181e-07
1.44371e-06
-3.94005e-07
1.24278e-06
5.89956e-10
9.3914e-07
3.78627e-07
5.12108e-07
7.29571e-07
-5.47787e-08
1.04054e-06
-7.76003e-07
1.29247e-06
-1.66744e-06
1.46175e-06
-2.74604e-06
1.52773e-06
-4.03253e-06
1.46832e-06
-5.58218e-06
1.24426e-06
-7.57211e-06
7.87674e-07
-1.06518e-05
-1.86468e-05
-2.9333e-06
8.29375e-07
-2.46646e-06
9.80714e-07
-2.00653e-06
1.09379e-06
-1.5575e-06
1.16161e-06
-1.12032e-06
1.17799e-06
-6.937e-07
1.13592e-06
-2.75763e-07
1.02572e-06
1.33086e-07
8.33881e-07
5.28118e-07
5.44058e-07
9.00419e-07
1.3976e-07
1.23888e-06
-3.93286e-07
1.53068e-06
-1.06784e-06
1.76021e-06
-1.897e-06
1.90963e-06
-2.8955e-06
1.96175e-06
-4.08468e-06
1.89534e-06
-5.5158e-06
1.66679e-06
-7.34359e-06
1.16227e-06
-1.01473e-05
-1.74846e-05
-2.332e-06
3.9591e-07
-1.89215e-06
5.40799e-07
-1.45201e-06
6.53589e-07
-1.01591e-06
7.25467e-07
-5.8653e-07
7.4856e-07
-1.65354e-07
7.14706e-07
2.46083e-07
6.14249e-07
6.44533e-07
4.35396e-07
1.02381e-06
1.64743e-07
1.37483e-06
-2.1129e-07
1.68674e-06
-7.05224e-07
1.9477e-06
-1.32882e-06
2.14506e-06
-2.09439e-06
2.26628e-06
-3.01674e-06
2.30016e-06
-4.11857e-06
2.23275e-06
-5.4484e-06
2.02705e-06
-7.13791e-06
1.53185e-06
-9.6521e-06
-1.59527e-05
-1.68753e-06
-2.29866e-09
-1.27904e-06
1.32267e-07
-8.65686e-07
2.40211e-07
-4.52128e-07
3.11885e-07
-4.22286e-08
3.38639e-07
3.60524e-07
3.11933e-07
7.52242e-07
2.22512e-07
1.12763e-06
5.99856e-08
1.47932e-06
-1.86956e-07
1.79787e-06
-5.29859e-07
2.07262e-06
-9.79989e-07
2.29251e-06
-1.54871e-06
2.44689e-06
-2.24878e-06
2.52689e-06
-3.09674e-06
2.52673e-06
-4.11843e-06
2.4419e-06
-5.36358e-06
2.25185e-06
-6.94787e-06
1.82588e-06
-9.22615e-06
-1.41268e-05
-1.03041e-06
-3.63381e-07
-6.56723e-07
-2.41432e-07
-2.75421e-07
-1.41097e-07
1.08639e-07
-7.21793e-08
4.90721e-07
-4.34484e-08
8.65946e-07
-6.32975e-08
1.22878e-06
-1.40329e-07
1.57245e-06
-2.83688e-07
1.88854e-06
-5.03051e-07
2.16709e-06
-8.08407e-07
2.39712e-06
-1.21002e-06
2.56743e-06
-1.71902e-06
2.66752e-06
-2.34888e-06
2.68882e-06
-3.11806e-06
2.62603e-06
-4.05564e-06
2.47601e-06
-5.21357e-06
2.22309e-06
-6.69497e-06
1.75817e-06
-8.76125e-06
-1.23687e-05
-3.86601e-07
-6.85971e-07
-5.01067e-08
-5.77912e-07
2.95602e-07
-4.86796e-07
6.45537e-07
-4.22105e-07
9.9437e-07
-3.92276e-07
1.33627e-06
-4.05192e-07
1.66457e-06
-4.6862e-07
1.97138e-06
-5.90499e-07
2.2474e-06
-7.79064e-07
2.48189e-06
-1.0429e-06
2.66308e-06
-1.3912e-06
2.7786e-06
-1.83455e-06
2.81615e-06
-2.38642e-06
2.76408e-06
-3.066e-06
2.61185e-06
-3.90343e-06
2.34847e-06
-4.9502e-06
1.95133e-06
-6.29786e-06
1.32693e-06
-8.13687e-06
-1.10418e-05
2.22317e-07
-9.69387e-07
5.20301e-07
-8.75871e-07
8.28413e-07
-7.9489e-07
1.14161e-06
-7.35286e-07
1.4542e-06
-7.04855e-07
1.75974e-06
-7.1072e-07
2.05079e-06
-7.59665e-07
2.31869e-06
-8.58397e-07
2.55337e-06
-1.01374e-06
2.74331e-06
-1.23283e-06
2.87564e-06
-1.52354e-06
2.93633e-06
-1.89525e-06
2.91028e-06
-2.36039e-06
2.78126e-06
-2.93699e-06
2.53135e-06
-3.65354e-06
2.13942e-06
-4.5583e-06
1.57868e-06
-5.73714e-06
8.28458e-07
-7.38668e-06
-1.02133e-05
7.78702e-07
-1.21369e-06
1.03788e-06
-1.13502e-06
1.30774e-06
-1.06473e-06
1.58327e-06
-1.0108e-06
1.85861e-06
-9.80185e-07
2.12697e-06
-9.79078e-07
2.38049e-06
-1.01317e-06
2.61001e-06
-1.08791e-06
2.80494e-06
-1.20867e-06
2.95314e-06
-1.38104e-06
3.04087e-06
-1.61127e-06
3.05261e-06
-1.90701e-06
2.97087e-06
-2.27866e-06
2.77549e-06
-2.74164e-06
2.44257e-06
-3.32065e-06
1.94297e-06
-4.05872e-06
1.24708e-06
-5.04129e-06
3.7721e-07
-6.51684e-06
-9.83613e-06
1.26843e-06
-1.41963e-06
1.4894e-06
-1.35597e-06
1.72147e-06
-1.29679e-06
1.95976e-06
-1.24908e-06
2.1984e-06
-1.21882e-06
2.43052e-06
-1.21119e-06
2.64808e-06
-1.23073e-06
2.84176e-06
-1.2816e-06
3.00081e-06
-1.36773e-06
3.11287e-06
-1.49311e-06
3.16382e-06
-1.66223e-06
3.13758e-06
-1.88079e-06
3.01572e-06
-2.15683e-06
2.77694e-06
-2.50288e-06
2.39615e-06
-2.9399e-06
1.84459e-06
-3.5072e-06
1.09957e-06
-4.29632e-06
2.06635e-07
-5.62395e-06
-9.62952e-06
1.68047e-06
-1.58859e-06
1.86461e-06
-1.54009e-06
2.06027e-06
-1.49244e-06
2.26279e-06
-1.45159e-06
2.46646e-06
-1.42249e-06
2.6645e-06
-1.40924e-06
2.84901e-06
-1.41525e-06
3.01083e-06
-1.44342e-06
3.13939e-06
-1.4963e-06
3.22261e-06
-1.57635e-06
3.24674e-06
-1.68638e-06
3.19618e-06
-1.83025e-06
3.05338e-06
-2.01406e-06
2.7988e-06
-2.24833e-06
2.41138e-06
-2.55251e-06
1.87119e-06
-2.96704e-06
1.17223e-06
-3.5974e-06
3.78599e-07
-4.83036e-06
-9.25094e-06
2.00664e-06
-1.72249e-06
2.15592e-06
-1.68937e-06
2.31726e-06
-1.65378e-06
2.48626e-06
-1.6206e-06
2.6575e-06
-1.59372e-06
2.82448e-06
-1.57623e-06
2.97966e-06
-1.57044e-06
3.11431e-06
-1.5781e-06
3.21847e-06
-1.60047e-06
3.28077e-06
-1.63867e-06
3.28841e-06
-1.69405e-06
3.22711e-06
-1.76898e-06
3.08125e-06
-1.86823e-06
2.83437e-06
-2.00149e-06
2.47053e-06
-2.18871e-06
1.97776e-06
-2.47432e-06
1.35753e-06
-2.9772e-06
6.50811e-07
-4.12369e-06
-8.60015e-06
2.24134e-06
-1.82373e-06
2.35827e-06
-1.80631e-06
2.48791e-06
-1.78343e-06
2.62619e-06
-1.75889e-06
2.76804e-06
-1.73558e-06
2.90741e-06
-1.71562e-06
3.0373e-06
-1.70035e-06
3.14969e-06
-1.6905e-06
3.23545e-06
-1.68626e-06
3.28433e-06
-1.68757e-06
3.28484e-06
-1.69459e-06
3.22438e-06
-1.70855e-06
3.08945e-06
-1.73334e-06
2.86635e-06
-1.77842e-06
2.54244e-06
-1.86483e-06
2.10819e-06
-2.04011e-06
1.55844e-06
-2.42749e-06
8.82656e-07
-3.44794e-06
-7.71752e-06
2.38155e-06
-1.8951e-06
2.46906e-06
-1.89383e-06
2.57003e-06
-1.88442e-06
2.68073e-06
-1.8696e-06
2.7965e-06
-1.85137e-06
2.91184e-06
-1.83097e-06
3.02043e-06
-1.80896e-06
3.11511e-06
-1.78521e-06
3.18786e-06
-1.75903e-06
3.2297e-06
-1.72944e-06
3.23066e-06
-1.69558e-06
3.17984e-06
-1.65776e-06
3.06554e-06
-1.61908e-06
2.87585e-06
-1.58876e-06
2.59944e-06
-1.58846e-06
2.22626e-06
-1.66696e-06
1.74309e-06
-1.94436e-06
1.09673e-06
-2.80163e-06
-6.6208e-06
2.42688e-06
-1.93976e-06
2.48825e-06
-1.95523e-06
2.56389e-06
-1.96007e-06
2.65035e-06
-1.95608e-06
2.7434e-06
-1.94445e-06
2.83815e-06
-1.92574e-06
2.92904e-06
-1.89988e-06
3.00992e-06
-1.86612e-06
3.07398e-06
-1.82311e-06
3.11364e-06
-1.76912e-06
3.12051e-06
-1.70248e-06
3.08521e-06
-1.62249e-06
2.99735e-06
-1.53124e-06
2.84555e-06
-1.43699e-06
2.61787e-06
-1.3608e-06
2.30187e-06
-1.351e-06
1.8798e-06
-1.52231e-06
1.28954e-06
-2.2114e-06
-5.33128e-06
2.37962e-06
-1.9613e-06
2.41848e-06
-1.99413e-06
2.47233e-06
-2.01395e-06
2.53797e-06
-2.02175e-06
2.61157e-06
-2.01808e-06
2.68884e-06
-2.00304e-06
2.76507e-06
-1.97613e-06
2.83515e-06
-1.93622e-06
2.89355e-06
-1.88154e-06
2.9342e-06
-1.8098e-06
2.95028e-06
-1.71858e-06
2.93382e-06
-1.60606e-06
2.87518e-06
-1.47263e-06
2.76228e-06
-1.32412e-06
2.57973e-06
-1.17828e-06
2.30765e-06
-1.07895e-06
1.91662e-06
-1.1313e-06
1.33463e-06
-1.62944e-06
-3.99665e-06
2.24484e-06
-1.9637e-06
2.26513e-06
-2.01445e-06
2.30091e-06
-2.04976e-06
2.34912e-06
-2.06999e-06
2.40631e-06
-2.07531e-06
2.46879e-06
-2.06555e-06
2.53267e-06
-2.04004e-06
2.59393e-06
-1.99751e-06
2.64837e-06
-1.936e-06
2.69146e-06
-1.85292e-06
2.71806e-06
-1.74521e-06
2.72175e-06
-1.60977e-06
2.69366e-06
-1.44457e-06
2.62062e-06
-1.2511e-06
2.48221e-06
-1.03989e-06
2.24667e-06
-8.43424e-07
1.86346e-06
-7.48119e-07
1.23069e-06
-9.96696e-07
-2.76598e-06
2.03036e-06
-1.95146e-06
2.0363e-06
-2.02043e-06
2.05779e-06
-2.0713e-06
2.09186e-06
-2.10409e-06
2.13539e-06
-2.11887e-06
2.18526e-06
-2.11544e-06
2.23838e-06
-2.0932e-06
2.29179e-06
-2.05094e-06
2.3426e-06
-1.98683e-06
2.38791e-06
-1.89825e-06
2.42445e-06
-1.78177e-06
2.44783e-06
-1.63317e-06
2.45095e-06
-1.4477e-06
2.42107e-06
-1.22124e-06
2.33487e-06
-9.53709e-07
2.15097e-06
-6.59541e-07
1.80102e-06
-3.98195e-07
1.17167e-06
-3.67366e-07
-1.59432e-06
1.74656e-06
-1.92961e-06
1.74261e-06
-2.01652e-06
1.75361e-06
-2.08234e-06
1.77664e-06
-2.12715e-06
1.8089e-06
-2.15116e-06
1.84782e-06
-2.15439e-06
1.89108e-06
-2.13648e-06
1.93668e-06
-2.09656e-06
1.98295e-06
-2.03313e-06
2.02858e-06
-1.9439e-06
2.07237e-06
-1.82558e-06
2.1126e-06
-1.67342e-06
2.14547e-06
-1.48059e-06
2.16175e-06
-1.23753e-06
2.14016e-06
-9.32133e-07
2.036e-06
-5.55399e-07
1.76756e-06
-1.29778e-07
1.19975e-06
2.00427e-07
-3.9457e-07
1.40617e-06
-1.90374e-06
1.39691e-06
-2.00729e-06
1.40107e-06
-2.08653e-06
1.41585e-06
-2.14195e-06
1.43884e-06
-2.17418e-06
1.46802e-06
-2.1836e-06
1.50175e-06
-2.17024e-06
1.53883e-06
-2.13367e-06
1.57862e-06
-2.07294e-06
1.62115e-06
-1.98645e-06
1.66716e-06
-1.87161e-06
1.71791e-06
-1.72418e-06
1.77421e-06
-1.53691e-06
1.83369e-06
-1.29702e-06
1.88367e-06
-9.82133e-07
1.88534e-06
-5.57079e-07
1.74988e-06
5.67057e-09
1.29645e-06
6.53839e-07
9.01879e-07
1.02403e-06
-1.8797e-06
1.01386e-06
-1.99715e-06
1.01442e-06
-2.08712e-06
1.0233e-06
-2.15085e-06
1.0386e-06
-2.1895e-06
1.05886e-06
-2.20388e-06
1.08303e-06
-2.19442e-06
1.11048e-06
-2.16114e-06
1.14125e-06
-2.10372e-06
1.17619e-06
-2.0214e-06
1.21736e-06
-1.91279e-06
1.26837e-06
-1.7752e-06
1.33456e-06
-1.60311e-06
1.42229e-06
-1.38477e-06
1.53418e-06
-1.09403e-06
1.65022e-06
-6.73128e-07
1.69262e-06
-3.67387e-08
1.43705e-06
9.094e-07
2.33892e-06
6.16781e-07
-1.86302e-06
6.09373e-07
-1.98976e-06
6.0886e-07
-2.08662e-06
6.13576e-07
-2.15558e-06
6.22315e-07
-2.19825e-06
6.342e-07
-2.21578e-06
6.48645e-07
-2.20887e-06
6.6541e-07
-2.17792e-06
6.84734e-07
-2.12305e-06
7.07596e-07
-2.04427e-06
7.36177e-07
-1.94138e-06
7.74653e-07
-1.81368e-06
8.30436e-07
-1.6589e-06
9.16005e-07
-1.47034e-06
1.05142e-06
-1.22945e-06
1.25658e-06
-8.78291e-07
1.50525e-06
-2.85416e-07
1.59216e-06
8.22478e-07
3.93109e-06
2.02601e-07
2.00035e-07
1.99797e-07
2.01289e-07
2.04106e-07
2.07961e-07
2.12672e-07
2.18181e-07
2.24614e-07
2.32411e-07
2.42602e-07
2.57416e-07
2.81652e-07
3.25443e-07
4.10302e-07
5.90314e-07
1.00453e-06
1.64023e-06
)
;

boundaryField
{
    leftWall
    {
        type            calculated;
        value           uniform 0;
    }
    rightWall
    {
        type            calculated;
        value           uniform 0;
    }
    lowerWall
    {
        type            calculated;
        value           uniform 0;
    }
    atmosphere
    {
        type            calculated;
        value           nonuniform List<scalar> 
46
(
-1.87147e-06
-5.77876e-07
1.19535e-06
2.29893e-06
3.03224e-06
3.40417e-06
3.4967e-06
3.40444e-06
3.19869e-06
2.92464e-06
2.60977e-06
2.27162e-06
1.92204e-06
1.56915e-06
1.21827e-06
8.73197e-07
5.31722e-07
1.42398e-07
-1.8127e-07
-4.47331e-07
-7.25085e-07
-9.78739e-07
-1.20029e-06
-6.33215e-07
-6.72118e-07
-7.07751e-07
-7.40293e-07
-1.85713e-06
-1.98721e-06
-2.08639e-06
-2.15708e-06
-2.20108e-06
-2.21964e-06
-2.21359e-06
-2.18343e-06
-2.12949e-06
-2.05207e-06
-1.95157e-06
-1.8285e-06
-1.68314e-06
-1.51414e-06
-1.31431e-06
-1.05831e-06
-6.99636e-07
1.86774e-07
5.57132e-06
)
;
    }
    defaultFaces
    {
        type            empty;
        value           nonuniform List<scalar> 0();
    }
}


// ************************************************************************* //
