/*--------------------------------*- C++ -*----------------------------------*\
  =========                 |
  \\      /  F ield         | OpenFOAM: The Open Source CFD Toolbox
   \\    /   O peration     | Website:  https://openfoam.org
    \\  /    A nd           | Version:  9
     \\/     M anipulation  |
\*---------------------------------------------------------------------------*/
FoamFile
{
    format      ascii;
    class       volVectorField;
    location    "3.61";
    object      U;
}
// * * * * * * * * * * * * * * * * * * * * * * * * * * * * * * * * * * * * * //

dimensions      [0 1 -1 0 0 0 0];

internalField   nonuniform List<vector> 
2268
(
(-0.000114593 -0.000187493 0)
(0.00215151 -0.00101119 0)
(0.00626875 -0.00130371 0)
(0.0106074 -0.00130741 0)
(0.0148526 -0.00122017 0)
(0.0187806 -0.00109359 0)
(0.0222871 -0.00095219 0)
(0.0253194 -0.000799168 0)
(0.0278106 -0.000623198 0)
(0.029677 -0.000428462 0)
(0.0308747 -0.000236245 0)
(0.0314396 -6.70886e-05 0)
(0.0314461 6.41114e-05 0)
(0.0310234 0.000130125 0)
(0.0303958 0.000100083 0)
(0.0296584 -3.97272e-05 0)
(0.0294255 -0.000155137 0)
(0.027268 0.00181896 0)
(0.0158759 0.00591568 0)
(-0.00325668 0.00528756 0)
(-0.0144256 0.00141553 0)
(-0.0144982 -0.00204194 0)
(-0.00627152 -0.00285828 0)
(0.000969146 -0.000760608 0)
(0.00362823 -0.00235787 0)
(0.00751343 -0.00301987 0)
(0.0117037 -0.00312655 0)
(0.0158811 -0.00298618 0)
(0.0198228 -0.00272393 0)
(0.0234 -0.00240316 0)
(0.0265351 -0.00203729 0)
(0.0291485 -0.00161462 0)
(0.031152 -0.00114307 0)
(0.032485 -0.000662119 0)
(0.0331441 -0.000216041 0)
(0.0331738 0.000163277 0)
(0.0326304 0.000440143 0)
(0.0315806 0.000585572 0)
(0.0299825 0.000617315 0)
(0.0278382 0.00101447 0)
(0.024052 0.00470017 0)
(0.0165989 0.0103886 0)
(0.00538696 0.010323 0)
(-0.00359299 0.00446519 0)
(-0.00787263 -0.00211221 0)
(-0.00629724 -0.0073525 0)
(0.00170287 -0.0020857 0)
(0.00467792 -0.00397358 0)
(0.00848055 -0.00481687 0)
(0.0125327 -0.00500277 0)
(0.0165857 -0.00481957 0)
(0.0204429 -0.00443317 0)
(0.0239761 -0.00393845 0)
(0.0271012 -0.00335949 0)
(0.0297321 -0.00268384 0)
(0.0317739 -0.00192278 0)
(0.0331528 -0.00113174 0)
(0.0338417 -0.0003757 0)
(0.0338493 0.000302405 0)
(0.0331872 0.00087055 0)
(0.0318492 0.0013165 0)
(0.0297031 0.00172047 0)
(0.0264801 0.0027002 0)
(0.0221502 0.00715947 0)
(0.0170649 0.0132493 0)
(0.0107987 0.013788 0)
(0.0043359 0.00755325 0)
(-0.00129552 -0.000598039 0)
(-0.00325735 -0.00957511 0)
(0.00209533 -0.00368284 0)
(0.00543585 -0.00571595 0)
(0.00927959 -0.00664413 0)
(0.0132608 -0.00687453 0)
(0.0172131 -0.00664584 0)
(0.020979 -0.0061425 0)
(0.0244464 -0.00548335 0)
(0.0275357 -0.00469994 0)
(0.0301588 -0.0037768 0)
(0.0322128 -0.0027267 0)
(0.0336119 -0.00161919 0)
(0.0343122 -0.000536515 0)
(0.0342985 0.000470867 0)
(0.0335509 0.00137761 0)
(0.0320204 0.00219667 0)
(0.0295472 0.00306837 0)
(0.0257938 0.00465718 0)
(0.0214718 0.00922272 0)
(0.0179188 0.0151576 0)
(0.0145094 0.0160505 0)
(0.0102046 0.0101555 0)
(0.00467155 0.00163481 0)
(0.000719158 -0.00953523 0)
(0.00230418 -0.00547039 0)
(0.00598877 -0.0075727 0)
(0.00993022 -0.00850216 0)
(0.013888 -0.00873689 0)
(0.0177654 -0.00845238 0)
(0.0214453 -0.00783488 0)
(0.02484 -0.00702027 0)
(0.0278828 -0.00604303 0)
(0.030487 -0.00488049 0)
(0.0325421 -0.00354427 0)
(0.0339508 -0.00211713 0)
(0.034658 -0.000697305 0)
(0.034633 0.000660078 0)
(0.033837 0.00193801 0)
(0.0322054 0.00317238 0)
(0.0296073 0.00454027 0)
(0.025814 0.00665109 0)
(0.0216887 0.0109943 0)
(0.0189818 0.0163409 0)
(0.0172908 0.0173706 0)
(0.0145091 0.0122418 0)
(0.00943063 0.00431732 0)
(0.00420231 -0.00735035 0)
(0.00245146 -0.00740109 0)
(0.00641058 -0.00952079 0)
(0.0104453 -0.0103788 0)
(0.0143946 -0.0105764 0)
(0.0182109 -0.0102201 0)
(0.0218085 -0.00948733 0)
(0.0251262 -0.00852593 0)
(0.0281151 -0.00736784 0)
(0.0306929 -0.00597745 0)
(0.032742 -0.00436197 0)
(0.0341554 -0.00261754 0)
(0.0348717 -0.0008583 0)
(0.0348516 0.000857483 0)
(0.0340473 0.00251945 0)
(0.0323974 0.00417628 0)
(0.0298249 0.00601015 0)
(0.0262548 0.00851045 0)
(0.0224843 0.0125689 0)
(0.0201952 0.0171144 0)
(0.0192276 0.0180852 0)
(0.0172541 0.0139172 0)
(0.0127614 0.00712985 0)
(0.00704951 -0.00349534 0)
(0.00261448 -0.00943634 0)
(0.00674988 -0.0115327 0)
(0.0108297 -0.012264 0)
(0.0147581 -0.0123923 0)
(0.0185134 -0.0119483 0)
(0.0220275 -0.0110963 0)
(0.0252627 -0.00999496 0)
(0.0281895 -0.00866889 0)
(0.0307322 -0.007063 0)
(0.032768 -0.00517637 0)
(0.0341833 -0.00311963 0)
(0.0349143 -0.00102413 0)
(0.0349181 0.0010497 0)
(0.0341436 0.0030945 0)
(0.0325419 0.00515898 0)
(0.0300895 0.00740391 0)
(0.0268328 0.0101819 0)
(0.0234786 0.0139676 0)
(0.0213752 0.0177652 0)
(0.0204423 0.0185955 0)
(0.018715 0.0152912 0)
(0.0148589 0.00973286 0)
(0.00967416 0.00104885 0)
(0.00284184 -0.0115905 0)
(0.00702749 -0.0136014 0)
(0.0110759 -0.0141661 0)
(0.0149536 -0.0142055 0)
(0.0186386 -0.0136616 0)
(0.0220646 -0.0126852 0)
(0.0252107 -0.0114467 0)
(0.0280651 -0.00996178 0)
(0.0305604 -0.00815079 0)
(0.0325731 -0.00599988 0)
(0.0339869 -0.00363524 0)
(0.0347398 -0.0012076 0)
(0.0347872 0.00122138 0)
(0.034076 0.00364303 0)
(0.0325717 0.00609497 0)
(0.0302916 0.00869896 0)
(0.0273542 0.0116852 0)
(0.024353 0.015245 0)
(0.0222814 0.0184778 0)
(0.0210514 0.0192052 0)
(0.0191596 0.0165809 0)
(0.0155085 0.0122133 0)
(0.0120785 0.00807153 0)
(-0.0135534 0.00363125 0)
(-0.0120861 -0.00161416 0)
(-0.00485565 -0.00220447 0)
(-0.00118166 -0.00118785 0)
(-7.74265e-05 -0.000294387 0)
(-0.00181565 0.000601572 0)
(-0.00594224 0.0014742 0)
(-0.0118659 0.00170167 0)
(-0.0172776 0.000955937 0)
(-0.0181832 -0.00105452 0)
(-0.0110974 -0.00167522 0)
(-0.013229 0.00398646 0)
(-0.0328664 0.00509795 0)
(-0.0378035 -0.00219418 0)
(-0.0117999 -0.0116778 0)
(0.0265286 -0.0111273 0)
(0.0518166 -0.000163556 0)
(0.0348279 0.00787769 0)
(0.000524302 0.00390534 0)
(-0.00886734 0.00742197 0)
(-0.00639285 -0.00214503 0)
(-0.00443241 -0.00285418 0)
(-0.00447146 -0.00112635 0)
(-0.00624805 0.000589545 0)
(-0.00956903 0.00207456 0)
(-0.013826 0.00334646 0)
(-0.0189415 0.00361187 0)
(-0.0232635 0.00187297 0)
(-0.0243424 -0.00161965 0)
(-0.0225412 -0.0014409 0)
(-0.0242665 0.00644581 0)
(-0.0297666 0.00608041 0)
(-0.0241891 -0.00610243 0)
(-0.00731353 -0.0199978 0)
(0.0144096 -0.0198489 0)
(0.0333243 -0.00182096 0)
(0.0314246 0.0155097 0)
(0.00593474 0.0108088 0)
(-0.00370061 0.0092225 0)
(-0.00357875 -0.00231476 0)
(-0.00500497 -0.00254117 0)
(-0.00750289 -0.000262582 0)
(-0.0108762 0.00200984 0)
(-0.0149233 0.0037738 0)
(-0.0192098 0.00520157 0)
(-0.0237535 0.00541536 0)
(-0.0273782 0.00296348 0)
(-0.0289994 -0.00145637 0)
(-0.0291593 -0.00118311 0)
(-0.0286413 0.00652877 0)
(-0.026376 0.00422288 0)
(-0.0179349 -0.0108485 0)
(-0.0064976 -0.0257864 0)
(0.0057657 -0.026692 0)
(0.0214499 -0.00595259 0)
(0.0256506 0.0194375 0)
(0.00859998 0.0182149 0)
(-0.00100518 0.0102244 0)
(-0.00259438 -0.00146702 0)
(-0.00650921 -0.00125108 0)
(-0.0107424 0.00126959 0)
(-0.0151045 0.00375874 0)
(-0.019455 0.00557386 0)
(-0.0236293 0.0070055 0)
(-0.0276726 0.00702059 0)
(-0.0306961 0.0040013 0)
(-0.032621 -0.00094332 0)
(-0.0335149 -0.00117665 0)
(-0.0308874 0.0049635 0)
(-0.0242467 0.00138058 0)
(-0.0155766 -0.0148052 0)
(-0.00836182 -0.0294462 0)
(-0.0019404 -0.0316106 0)
(0.0117096 -0.0109777 0)
(0.0212561 0.0216807 0)
(0.00963947 0.0248661 0)
(0.000598399 0.0107556 0)
(-0.00304074 0.000204075 0)
(-0.00883041 0.000856188 0)
(-0.0142597 0.00329978 0)
(-0.0191892 0.00571172 0)
(-0.0235423 0.00736954 0)
(-0.0274093 0.00870043 0)
(-0.0309269 0.00840429 0)
(-0.0333045 0.0049099 0)
(-0.0350407 -0.000288107 0)
(-0.0359378 -0.00145426 0)
(-0.032011 0.00230782 0)
(-0.0232916 -0.00223426 0)
(-0.01546 -0.0177242 0)
(-0.0116139 -0.0314983 0)
(-0.00890506 -0.0349663 0)
(0.00215061 -0.0168554 0)
(0.01645 0.0216982 0)
(0.012558 0.0309009 0)
(0.00214223 0.0111456 0)
(-0.00485447 0.00284668 0)
(-0.0119239 0.00356049 0)
(-0.0180649 0.00561376 0)
(-0.0231949 0.0077263 0)
(-0.0272774 0.0090375 0)
(-0.0305771 0.0101982 0)
(-0.0334519 0.00953981 0)
(-0.0351585 0.00558572 0)
(-0.0362788 0.000218297 0)
(-0.036558 -0.0020191 0)
(-0.0320941 -0.000709237 0)
(-0.023335 -0.00589556 0)
(-0.0168636 -0.0196707 0)
(-0.0153969 -0.0323704 0)
(-0.0150942 -0.0370605 0)
(-0.00723241 -0.0227644 0)
(0.0101135 0.0183846 0)
(0.016621 0.0367198 0)
(0.00244474 0.0118225 0)
(-0.0082045 0.0063921 0)
(-0.0157854 0.00659423 0)
(-0.0221337 0.00801656 0)
(-0.0271348 0.00967641 0)
(-0.0307023 0.0104574 0)
(-0.0331785 0.0113938 0)
(-0.0352179 0.0103958 0)
(-0.0361865 0.00597162 0)
(-0.0364942 0.000392973 0)
(-0.0358858 -0.00287918 0)
(-0.0313545 -0.00358178 0)
(-0.0237167 -0.00902528 0)
(-0.0188791 -0.0208656 0)
(-0.0191396 -0.0323425 0)
(-0.0207855 -0.0380866 0)
(-0.016544 -0.0279493 0)
(0.00108872 0.0113155 0)
(0.0195164 0.0419672 0)
(-0.00366914 0.0144185 0)
(-0.0130659 0.0100778 0)
(-0.0203329 0.00963647 0)
(-0.0264039 0.0103524 0)
(-0.0309981 0.0114351 0)
(-0.0338731 0.011507 0)
(-0.0353028 0.0121226 0)
(-0.0362206 0.0108566 0)
(-0.0363108 0.00600977 0)
(-0.0357461 0.000176553 0)
(-0.0342884 -0.00399125 0)
(-0.0300131 -0.00608707 0)
(-0.0239141 -0.0114411 0)
(-0.0207076 -0.0213888 0)
(-0.0224012 -0.0314931 0)
(-0.0258609 -0.0380291 0)
(-0.0249404 -0.0318609 0)
(-0.0105275 0.00194001 0)
(0.0163089 0.0460616 0)
(0.00328109 -0.0153721 0)
(0.00728782 -0.017011 0)
(0.0111889 -0.0172561 0)
(0.01494 -0.0171271 0)
(0.0184975 -0.0164066 0)
(0.0217853 -0.0152236 0)
(0.0247886 -0.0137618 0)
(0.0275113 -0.012028 0)
(0.0299044 -0.00990451 0)
(0.0318588 -0.00734668 0)
(0.0332656 -0.0045026 0)
(0.0340685 -0.00155558 0)
(0.0342159 0.00143178 0)
(0.0336489 0.00444066 0)
(0.0323505 0.00748026 0)
(0.0303781 0.0105915 0)
(0.0278966 0.0138556 0)
(0.0253094 0.0171926 0)
(0.0231224 0.0198842 0)
(0.0211593 0.0206542 0)
(0.0184598 0.0189725 0)
(0.0142458 0.0160616 0)
(0.0100494 0.0142594 0)
(0.00390034 -0.0217094 0)
(0.00676709 -0.0219582 0)
(0.0105079 -0.0215369 0)
(0.0139649 -0.0210762 0)
(0.017257 -0.0199954 0)
(0.0204049 -0.0184502 0)
(0.0232556 -0.0166579 0)
(0.0257244 -0.0145716 0)
(0.0278309 -0.0120456 0)
(0.0295982 -0.00902517 0)
(0.0309857 -0.00567283 0)
(0.0319278 -0.00216221 0)
(0.032316 0.00146128 0)
(0.0320542 0.0051536 0)
(0.0311129 0.00885732 0)
(0.0295288 0.0125199 0)
(0.0274537 0.0161374 0)
(0.0251165 0.0195375 0)
(0.0226555 0.0222217 0)
(0.0197133 0.0235878 0)
(0.0154131 0.0233251 0)
(0.00907663 0.0220516 0)
(0.00168571 0.0211548 0)
(0.00252862 -0.0250717 0)
(0.00409372 -0.0235425 0)
(0.00897983 -0.0233202 0)
(0.0112803 -0.0231437 0)
(0.0134214 -0.0219631 0)
(0.0166142 -0.020084 0)
(0.0195126 -0.0181574 0)
(0.0214582 -0.0158828 0)
(0.023034 -0.0131535 0)
(0.0247448 -0.00988873 0)
(0.0263562 -0.00635256 0)
(0.027647 -0.0026013 0)
(0.0284188 0.00140598 0)
(0.0286203 0.00561034 0)
(0.0282546 0.00971939 0)
(0.0269961 0.0136806 0)
(0.0250119 0.0175197 0)
(0.0227982 0.0212454 0)
(0.0207479 0.0243808 0)
(0.0184825 0.0265608 0)
(0.0141693 0.0273974 0)
(0.00569149 0.027003 0)
(-0.00543202 0.0268786 0)
(-0.00581614 -0.0238373 0)
(0.00118908 -0.024618 0)
(0.0143075 -0.0243295 0)
(0.00925737 -0.0229965 0)
(0.00500479 -0.0239046 0)
(0.010652 -0.0218408 0)
(0.015071 -0.0188543 0)
(0.0146234 -0.0156692 0)
(0.0148719 -0.0142021 0)
(0.0184181 -0.0109573 0)
(0.021365 -0.00704073 0)
(0.0233277 -0.00304713 0)
(0.0244664 0.00141727 0)
(0.0253096 0.00597646 0)
(0.0270397 0.0101744 0)
(0.0259289 0.0151189 0)
(0.0225979 0.018813 0)
(0.0196014 0.0226095 0)
(0.0193355 0.0249287 0)
(0.0223631 0.0269538 0)
(0.0228033 0.0299827 0)
(0.0110565 0.0310758 0)
(-0.0105806 0.0306878 0)
(-0.0416955 -0.0120753 0)
(-0.0123697 -0.0645226 0)
(0.0211013 -0.0457817 0)
(0.00915664 0.0022245 0)
(-0.00938657 -0.0296516 0)
(-0.00757812 -0.039059 0)
(0.0012925 -0.029407 0)
(0.0063207 -0.0159571 0)
(0.0109294 -0.0227173 0)
(0.014616 -0.0203234 0)
(0.0188619 -0.0145695 0)
(0.0238143 -0.00887934 0)
(0.0293024 -0.00220426 0)
(0.0363365 0.00138837 0)
(0.0440457 0.00474588 0)
(0.0510712 0.0214978 0)
(0.0557598 0.024448 0)
(0.0627519 0.0273076 0)
(0.0692555 0.0236651 0)
(0.0736229 0.0260602 0)
(0.074926 0.0441656 0)
(0.0560869 0.0903159 0)
(-0.0193947 0.0955443 0)
(0.00882933 0.0276981 0)
(0.00719481 -0.07403 0)
(0.0103576 -0.0579204 0)
(0.0359444 0.00660535 0)
(0.0416224 -0.00569672 0)
(0.0308926 -0.0306007 0)
(0.03011 -0.0319046 0)
(0.0372102 -0.0226499 0)
(0.0371468 -0.0212004 0)
(0.0285333 -0.0177348 0)
(0.0237191 -0.0146538 0)
(0.023408 -0.0114414 0)
(0.0255568 -0.00756411 0)
(0.0288796 -0.00621379 0)
(0.0315354 -0.00306976 0)
(0.0369109 0.00952356 0)
(0.045178 0.0117507 0)
(0.0536875 0.0139166 0)
(0.0610674 0.0157922 0)
(0.0588608 0.0250332 0)
(0.040528 0.0503617 0)
(0.0153069 0.130583 0)
(-0.0104829 0.125226 0)
(0.0424826 -0.0258626 0)
(0.0290271 -0.0635465 0)
(0.000189272 -0.0618975 0)
(0.0201297 -0.0308963 0)
(0.0534819 -0.0174424 0)
(0.0673396 -0.0284601 0)
(0.0580051 -0.0305197 0)
(0.0521422 -0.0251738 0)
(0.0482126 -0.0116671 0)
(0.0378031 -0.0079129 0)
(0.0297768 -0.0107143 0)
(0.0252741 -0.0106899 0)
(0.0238177 -0.00850574 0)
(0.0231316 -0.0070077 0)
(0.0192096 -0.00254516 0)
(0.0188801 0.00557491 0)
(0.019528 0.00738542 0)
(0.0145006 0.00941814 0)
(0.00952815 0.0116028 0)
(0.01015 0.0368415 0)
(-0.000775836 0.0715665 0)
(-0.00198809 0.136614 0)
(0.0250849 0.109528 0)
(0.0152947 -0.0542617 0)
(0.0238688 -0.0405958 0)
(-0.00037657 -0.0498197 0)
(0.00466016 -0.0536631 0)
(0.0256156 -0.0452096 0)
(0.0406794 -0.0351187 0)
(0.0446085 -0.0219583 0)
(0.0371239 -0.0178305 0)
(0.0294442 -0.00213853 0)
(0.0253379 0.00126661 0)
(0.0209791 -0.00276479 0)
(0.0160192 -0.00579284 0)
(0.0114038 -0.00595259 0)
(0.00688466 -0.0032208 0)
(0.00107619 0.0024425 0)
(-0.00525006 0.00686583 0)
(-0.0127988 0.0128743 0)
(-0.0210011 0.0188876 0)
(-0.0241047 0.0136884 0)
(-0.0198062 0.0341802 0)
(-0.00996644 0.0694847 0)
(0.0122022 0.111743 0)
(0.0412134 0.0854969 0)
(-0.0105145 -0.0608212 0)
(0.00106605 -0.0418954 0)
(0.00643306 -0.0449101 0)
(0.00831344 -0.0611111 0)
(0.00795655 -0.056562 0)
(0.00746485 -0.0416973 0)
(0.00725776 -0.0217904 0)
(0.00653869 -0.0107104 0)
(0.00543075 -0.00144723 0)
(0.00545549 0.0015063 0)
(0.00406254 0.000215238 0)
(0.000749738 -0.00100615 0)
(-0.00345567 -0.000331428 0)
(-0.00807987 0.00307309 0)
(-0.0128332 0.00905319 0)
(-0.0172978 0.015535 0)
(-0.0214056 0.0216825 0)
(-0.0244492 0.0246404 0)
(-0.0274179 0.0155837 0)
(-0.0261774 0.0244427 0)
(-0.014958 0.0503031 0)
(0.0103835 0.0817838 0)
(0.0355882 0.0704811 0)
(-0.0049546 -0.0512487 0)
(-0.00256851 -0.0499638 0)
(0.000263177 -0.0511427 0)
(-0.00218724 -0.056734 0)
(-0.00832033 -0.0517315 0)
(-0.0132415 -0.0385526 0)
(-0.0152819 -0.0222928 0)
(-0.01531 -0.0107109 0)
(-0.0145267 -0.00254686 0)
(-0.0132939 0.00115659 0)
(-0.0133049 0.00176794 0)
(-0.0150069 0.0020803 0)
(-0.0177765 0.00350545 0)
(-0.0208775 0.00688796 0)
(-0.0234394 0.0122623 0)
(-0.0248342 0.0180988 0)
(-0.0246913 0.0229433 0)
(-0.0230123 0.0241561 0)
(-0.0233403 0.0176997 0)
(-0.0252986 0.0191771 0)
(-0.0209299 0.0356412 0)
(-0.00460625 0.0576069 0)
(0.0123414 0.0591675 0)
(-0.00129498 -0.051454 0)
(-0.003564 -0.0498378 0)
(-0.00629265 -0.0494818 0)
(-0.0120893 -0.0495988 0)
(-0.0198 -0.0439441 0)
(-0.0260515 -0.0334648 0)
(-0.0293033 -0.0211901 0)
(-0.0300253 -0.0111022 0)
(-0.0293734 -0.00386473 0)
(-0.0282595 0.000232876 0)
(-0.027868 0.00217706 0)
(-0.0285473 0.00362227 0)
(-0.0298867 0.00561315 0)
(-0.0312515 0.0087517 0)
(-0.0319065 0.0130146 0)
(-0.0313098 0.0174184 0)
(-0.0292816 0.0207358 0)
(-0.0263734 0.0214184 0)
(-0.0250113 0.0188343 0)
(-0.0257738 0.0192434 0)
(-0.0242273 0.0285143 0)
(-0.0157048 0.0425754 0)
(-0.00451272 0.0496522 0)
(-0.001687 -0.0481756 0)
(-0.00632843 -0.0454697 0)
(-0.0121445 -0.0438745 0)
(-0.0195753 -0.0417739 0)
(-0.0275919 -0.0364378 0)
(-0.0341167 -0.0282111 0)
(-0.0380562 -0.0188901 0)
(-0.0396277 -0.0107056 0)
(-0.0397155 -0.00452929 0)
(-0.0391855 -0.000460489 0)
(-0.0388216 0.00211743 0)
(-0.0388865 0.00412636 0)
(-0.0391766 0.0062906 0)
(-0.039285 0.00903393 0)
(-0.0387126 0.0123072 0)
(-0.0371235 0.01551 0)
(-0.0345427 0.0178531 0)
(-0.031607 0.0186258 0)
(-0.029796 0.0181318 0)
(-0.0293424 0.0194591 0)
(-0.0277165 0.0254622 0)
(-0.0222255 0.034376 0)
(-0.0141226 0.0409831 0)
(-0.00347661 -0.04333 0)
(-0.00962378 -0.0390134 0)
(-0.0169617 -0.0365032 0)
(-0.0249451 -0.0336988 0)
(-0.0327647 -0.02911 0)
(-0.0391589 -0.0228161 0)
(-0.0434324 -0.015845 0)
(-0.0456822 -0.00948906 0)
(-0.0465043 -0.0044236 0)
(-0.0465494 -0.00074388 0)
(-0.0463396 0.00189103 0)
(-0.046103 0.00399895 0)
(-0.0457873 0.00606095 0)
(-0.0451634 0.00835654 0)
(-0.043947 0.0108576 0)
(-0.0419816 0.0132292 0)
(-0.0393829 0.0150443 0)
(-0.0366439 0.0160421 0)
(-0.0345652 0.0166197 0)
(-0.0332319 0.0182998 0)
(-0.0312407 0.0225765 0)
(-0.0269965 0.0285738 0)
(-0.0207452 0.0336683 0)
(-0.00532394 -0.0357409 0)
(-0.0125804 -0.0312279 0)
(-0.0205933 -0.0284803 0)
(-0.028609 -0.0257432 0)
(-0.0360507 -0.0220848 0)
(-0.0421618 -0.0174508 0)
(-0.0465289 -0.0123977 0)
(-0.0491988 -0.00766676 0)
(-0.0505465 -0.00371812 0)
(-0.051024 -0.000662967 0)
(-0.0510044 0.00166849 0)
(-0.0506868 0.00357881 0)
(-0.0500939 0.00536636 0)
(-0.0491276 0.00721313 0)
(-0.047658 0.00911998 0)
(-0.0456409 0.0109234 0)
(-0.0432038 0.0124262 0)
(-0.0406699 0.0135701 0)
(-0.0384463 0.0146574 0)
(-0.036572 0.0164338 0)
(-0.0343064 0.0196241 0)
(-0.0307073 0.0238385 0)
(-0.0257248 0.0277436 0)
(-0.00666034 -0.0263052 0)
(-0.0147225 -0.0226174 0)
(-0.0230349 -0.0202783 0)
(-0.0308794 -0.0180868 0)
(-0.037903 -0.0154505 0)
(-0.0436745 -0.0122596 0)
(-0.0479725 -0.00879735 0)
(-0.0508328 -0.00548342 0)
(-0.0524957 -0.00261739 0)
(-0.0532708 -0.000300837 0)
(-0.0534302 0.00154157 0)
(-0.0531455 0.00308156 0)
(-0.0524796 0.00450046 0)
(-0.051417 0.00591823 0)
(-0.0499225 0.00735521 0)
(-0.0480108 0.00874722 0)
(-0.0457919 0.0100219 0)
(-0.0434661 0.0111969 0)
(-0.041235 0.012475 0)
(-0.0390919 0.0142354 0)
(-0.0366715 0.0167694 0)
(-0.0334793 0.0198908 0)
(-0.0293778 0.0229251 0)
(-0.00745932 -0.0156487 0)
(-0.0160137 -0.0135033 0)
(-0.0244044 -0.012096 0)
(-0.0319924 -0.010776 0)
(-0.0386014 -0.00922086 0)
(-0.0440142 -0.0073205 0)
(-0.0481415 -0.00521368 0)
(-0.0510288 -0.00313814 0)
(-0.0528417 -0.00128518 0)
(-0.0537978 0.000263187 0)
(-0.0541005 0.00153352 0)
(-0.0538966 0.00261941 0)
(-0.0532667 0.00362987 0)
(-0.0522418 0.00464518 0)
(-0.050838 0.00569416 0)
(-0.049096 0.00676366 0)
(-0.0471029 0.00784031 0)
(-0.0449808 0.00896185 0)
(-0.0428304 0.0102542 0)
(-0.0406324 0.0119063 0)
(-0.0381939 0.014027 0)
(-0.0352615 0.0164797 0)
(-0.0317277 0.0188862 0)
(-0.00782015 -0.00433135 0)
(-0.0165514 -0.00417451 0)
(-0.0248477 -0.00405622 0)
(-0.0321249 -0.0038233 0)
(-0.0383253 -0.00338747 0)
(-0.0433726 -0.00267276 0)
(-0.0472685 -0.00175334 0)
(-0.0500756 -0.000769462 0)
(-0.0519214 0.000154746 0)
(-0.0529672 0.00095517 0)
(-0.0533701 0.00163386 0)
(-0.0532553 0.00223903 0)
(-0.0527078 0.00283497 0)
(-0.0517806 0.00347539 0)
(-0.0505139 0.00418924 0)
(-0.0489561 0.00498517 0)
(-0.0471739 0.00587266 0)
(-0.0452426 0.00688648 0)
(-0.0432132 0.00809879 0)
(-0.0410674 0.00959626 0)
(-0.0387008 0.0114063 0)
(-0.0359794 0.0134195 0)
(-0.0328452 0.0153895 0)
(-0.00782176 0.00714406 0)
(-0.0164524 0.0051025 0)
(-0.0245069 0.00373341 0)
(-0.0314144 0.00275 0)
(-0.0371978 0.00205207 0)
(-0.041873 0.00166054 0)
(-0.0455009 0.00151847 0)
(-0.0481606 0.00153201 0)
(-0.0499609 0.0016143 0)
(-0.0510293 0.00171319 0)
(-0.0514915 0.00181791 0)
(-0.0514544 0.00194966 0)
(-0.0509998 0.00214446 0)
(-0.0501879 0.00243688 0)
(-0.0490668 0.0028508 0)
(-0.0476842 0.00340044 0)
(-0.0460906 0.00409975 0)
(-0.0443337 0.00497272 0)
(-0.0424404 0.00605528 0)
(-0.0403972 0.0073788 0)
(-0.0381475 0.00893211 0)
(-0.0356229 0.0106252 0)
(-0.0327993 0.01229 0)
(-0.00751889 0.0183589 0)
(-0.0158255 0.0140972 0)
(-0.0235007 0.0111626 0)
(-0.0299682 0.00890584 0)
(-0.0353118 0.00708823 0)
(-0.0396041 0.00566238 0)
(-0.0429409 0.00456187 0)
(-0.0454123 0.00370894 0)
(-0.0471171 0.0030338 0)
(-0.0481615 0.00248974 0)
(-0.0486493 0.00205785 0)
(-0.0486719 0.00174215 0)
(-0.0483039 0.00155962 0)
(-0.0476042 0.00153008 0)
(-0.0466209 0.0016697 0)
(-0.0453964 0.00198995 0)
(-0.0439695 0.0025009 0)
(-0.0423715 0.00321443 0)
(-0.0406179 0.00414261 0)
(-0.0387004 0.00528684 0)
(-0.0365895 0.00661838 0)
(-0.0342521 0.00806228 0)
(-0.0316832 0.00949946 0)
(-0.00700136 0.0290053 0)
(-0.0147705 0.0226089 0)
(-0.021923 0.0181147 0)
(-0.0278725 0.0145943 0)
(-0.0327456 0.0117023 0)
(-0.0366418 0.00931806 0)
(-0.0396722 0.00735231 0)
(-0.0419315 0.0057264 0)
(-0.0435108 0.00437481 0)
(-0.0445014 0.00325099 0)
(-0.0449904 0.00232919 0)
(-0.0450558 0.00160126 0)
(-0.0447631 0.00107037 0)
(-0.044166 0.000744279 0)
(-0.0433078 0.000630461 0)
(-0.042225 0.000734109 0)
(-0.0409473 0.00105827 0)
(-0.0394966 0.00160394 0)
(-0.0378825 0.00236756 0)
(-0.0361013 0.00333437 0)
(-0.0341385 0.00446849 0)
(-0.0319803 0.0057065 0)
(-0.0296306 0.00696004 0)
(-0.00634192 0.0388048 0)
(-0.013368 0.0304429 0)
(-0.0198553 0.0244717 0)
(-0.02521 0.0197609 0)
(-0.0295785 0.0158707 0)
(-0.0330638 0.0126144 0)
(-0.0357781 0.00987507 0)
(-0.0378129 0.0075647 0)
(-0.039251 0.0056148 0)
(-0.0401709 0.00397539 0)
(-0.0406461 0.0026141 0)
(-0.0407422 0.00151321 0)
(-0.0405153 0.000665077 0)
(-0.0400114 6.73122e-05 0)
(-0.0392679 -0.000281147 0)
(-0.0383148 -0.00038243 0)
(-0.0371751 -0.000240974 0)
(-0.0358645 0.000135302 0)
(-0.03439 0.000732664 0)
(-0.0327507 0.00152743 0)
(-0.0309408 0.00248167 0)
(-0.028956 0.0035407 0)
(-0.0268042 0.00463561 0)
(-0.0055586 0.0475412 0)
(-0.011679 0.0374264 0)
(-0.0173821 0.0301268 0)
(-0.0220708 0.0243498 0)
(-0.0258985 0.0195681 0)
(-0.0289585 0.0155401 0)
(-0.0313509 0.0121224 0)
(-0.0331571 0.00921497 0)
(-0.0344484 0.0067432 0)
(-0.0352911 0.00465201 0)
(-0.0357459 0.0029026 0)
(-0.0358669 0.00146928 0)
(-0.0357003 0.000335602 0)
(-0.0352843 -0.000509393 0)
(-0.0346495 -0.00107453 0)
(-0.0338197 -0.00136894 0)
(-0.0328126 -0.00140385 0)
(-0.0316397 -0.0011941 0)
(-0.0303066 -0.000760095 0)
(-0.0288139 -0.000130189 0)
(-0.0271604 0.000657619 0)
(-0.0253468 0.00155511 0)
(-0.0233815 0.00250608 0)
(-0.00466482 0.055034 0)
(-0.00975758 0.0434252 0)
(-0.0145839 0.0349898 0)
(-0.0185448 0.0283087 0)
(-0.0218013 0.022771 0)
(-0.0244266 0.0180875 0)
(-0.0264973 0.0140927 0)
(-0.0280773 0.0106765 0)
(-0.029224 0.00775842 0)
(-0.0299905 0.00527842 0)
(-0.0304251 0.00319195 0)
(-0.0305708 0.00146665 0)
(-0.0304639 7.89137e-05 0)
(-0.0301346 -0.000989319 0)
(-0.0296068 -0.00175349 0)
(-0.0288988 -0.00222877 0)
(-0.0280236 -0.00243199 0)
(-0.0269897 -0.00238317 0)
(-0.0258014 -0.00210701 0)
(-0.0244603 -0.00163412 0)
(-0.0229674 -0.00100192 0)
(-0.0213254 -0.000253806 0)
(-0.0195424 0.000562492 0)
(-0.00368376 0.0611334 0)
(-0.00765236 0.0483395 0)
(-0.0115336 0.0389861 0)
(-0.0147226 0.031596 0)
(-0.0173915 0.0254653 0)
(-0.0195829 0.020256 0)
(-0.0213388 0.0157906 0)
(-0.0227009 0.0119549 0)
(-0.0237106 0.00866543 0)
(-0.0244072 0.00585848 0)
(-0.0248267 0.00348502 0)
(-0.0250008 0.00150742 0)
(-0.0249566 -0.000103561 0)
(-0.0247164 -0.00137159 0)
(-0.0242973 -0.00231738 0)
(-0.0237127 -0.00296091 0)
(-0.0229716 -0.00332327 0)
(-0.0220799 -0.00342812 0)
(-0.021041 -0.00330282 0)
(-0.0198566 -0.00297916 0)
(-0.0185286 -0.00249344 0)
(-0.0170605 -0.0018855 0)
(-0.0154596 -0.00119727 0)
(-0.00259308 0.0657182 0)
(-0.00538242 0.0521078 0)
(-0.00829925 0.0420722 0)
(-0.0107034 0.0341893 0)
(-0.012788 0.027652 0)
(-0.0145583 0.0220542 0)
(-0.0160124 0.0172266 0)
(-0.0171687 0.0130605 0)
(-0.0180522 0.00947333 0)
(-0.018688 0.00639987 0)
(-0.0190998 0.00378812 0)
(-0.0193085 0.00159672 0)
(-0.0193319 -0.000207664 0)
(-0.0191844 -0.00165277 0)
(-0.0188774 -0.00276314 0)
(-0.018419 -0.00356217 0)
(-0.0178151 -0.00407391 0)
(-0.0170693 -0.00432437 0)
(-0.016184 -0.00434243 0)
(-0.0151607 -0.00416024 0)
(-0.0140015 -0.00381292 0)
(-0.01271 -0.00333759 0)
(-0.0112924 -0.0027721 0)
(-0.00127581 0.0686731 0)
(-0.00290474 0.0547255 0)
(-0.00493195 0.0442757 0)
(-0.00660597 0.0361088 0)
(-0.00813679 0.0293458 0)
(-0.00950137 0.0234968 0)
(-0.0106677 0.0184142 0)
(-0.0116309 0.0140054 0)
(-0.0123992 0.0101928 0)
(-0.0129839 0.00691165 0)
(-0.013396 0.00410875 0)
(-0.0136455 0.0017406 0)
(-0.0137413 -0.000228552 0)
(-0.0136903 -0.00182893 0)
(-0.0134979 -0.00308736 0)
(-0.0131681 -0.00402929 0)
(-0.0127036 -0.00468047 0)
(-0.0121062 -0.00506815 0)
(-0.0113771 -0.00522185 0)
(-0.0105176 -0.00517355 0)
(-0.00952951 -0.0049572 0)
(-0.00841622 -0.00460779 0)
(-0.00718303 -0.00416021 0)
(0.000298222 0.069747 0)
(-0.000260008 0.0562281 0)
(-0.00152097 0.0456941 0)
(-0.00255034 0.0374271 0)
(-0.00358315 0.0305751 0)
(-0.00456448 0.0246005 0)
(-0.00545668 0.0193666 0)
(-0.00623854 0.0148013 0)
(-0.00690226 0.010834 0)
(-0.00744436 0.00740231 0)
(-0.00786332 0.00445361 0)
(-0.00815851 0.00194413 0)
(-0.00832974 -0.000162565 0)
(-0.00837693 -0.00189747 0)
(-0.00830001 -0.00328817 0)
(-0.008099 -0.00436075 0)
(-0.00777389 -0.00514147 0)
(-0.00732481 -0.00565787 0)
(-0.00675208 -0.00593942 0)
(-0.00605647 -0.00601754 0)
(-0.00523961 -0.00592508 0)
(-0.00430433 -0.00569532 0)
(-0.00325506 -0.00536089 0)
(0.00177064 0.0685595 0)
(0.0022746 0.0568196 0)
(0.00178417 0.0464291 0)
(0.00132587 0.0382233 0)
(0.000740416 0.0313818 0)
(0.000112816 0.0253849 0)
(-0.0005215 0.0200977 0)
(-0.00113453 0.0154594 0)
(-0.00170324 0.0114059 0)
(-0.00220971 0.00787854 0)
(-0.00263997 0.0048273 0)
(-0.00298297 0.00220999 0)
(-0.00323003 -8.62031e-06 0)
(-0.00337433 -0.00185851 0)
(-0.00341077 -0.00336648 0)
(-0.00333575 -0.00455792 0)
(-0.00314692 -0.00545845 0)
(-0.00284302 -0.00609503 0)
(-0.00242364 -0.0064965 0)
(-0.00188915 -0.00669354 0)
(-0.00124079 -0.00671797 0)
(-0.000480861 -0.00660165 0)
(0.000387114 -0.00637548 0)
(0.00288829 0.0656041 0)
(0.00441616 0.0563542 0)
(0.00475259 0.0464931 0)
(0.00485003 0.0385295 0)
(0.00469924 0.0317973 0)
(0.00440602 0.0258711 0)
(0.00401134 0.0206229 0)
(0.0035539 0.0159909 0)
(0.00307152 0.0119159 0)
(0.00259577 0.00834482 0)
(0.00215238 0.00523166 0)
(0.00176222 0.00253789 0)
(0.00144206 0.000231327 0)
(0.00120488 -0.00171533 0)
(0.0010604 -0.00332651 0)
(0.00101545 -0.00462555 0)
(0.00107437 -0.00563633 0)
(0.00123949 -0.00638446 0)
(0.0015117 -0.00689773 0)
(0.00189088 -0.00720595 0)
(0.00237619 -0.00734003 0)
(0.00296594 -0.00733078 0)
(0.00365758 -0.0072077 0)
(0.00349522 0.0614086 0)
(0.00597027 0.054791 0)
(0.0071896 0.0458516 0)
(0.00788519 0.0383257 0)
(0.00818071 0.0318289 0)
(0.00820779 0.0260774 0)
(0.00803517 0.0209574 0)
(0.0077211 0.0164059 0)
(0.00731801 0.01237 0)
(0.00687014 0.00880317 0)
(0.00641411 0.00566577 0)
(0.00597995 0.00292457 0)
(0.00559184 0.000552191 0)
(0.00526857 -0.0014744 0)
(0.00502409 -0.00317567 0)
(0.00486802 -0.00457158 0)
(0.0048063 -0.00568325 0)
(0.00484195 -0.00653418 0)
(0.00497598 -0.00715076 0)
(0.00520833 -0.00756193 0)
(0.00553848 -0.00779799 0)
(0.00596546 -0.00788905 0)
(0.00648787 -0.00786357 0)
(0.00367379 0.0564653 0)
(0.00696354 0.0522429 0)
(0.00904205 0.0444682 0)
(0.0103565 0.0375774 0)
(0.0111002 0.0314773 0)
(0.0114354 0.0260174 0)
(0.0114714 0.0211135 0)
(0.0112906 0.0167126 0)
(0.0109611 0.0127718 0)
(0.0105393 0.00925376 0)
(0.0100721 0.00612678 0)
(0.00959822 0.00336475 0)
(0.0091486 0.000946737 0)
(0.00874743 -0.00114436 0)
(0.00841253 -0.00292367 0)
(0.00815596 -0.00440643 0)
(0.00798487 -0.0056099 0)
(0.00790249 -0.00655477 0)
(0.00790953 -0.00726569 0)
(0.00800559 -0.00777093 0)
(0.00819037 -0.00810066 0)
(0.00846378 -0.00828481 0)
(0.00882581 -0.00835114 0)
(0.00362633 0.0511729 0)
(0.00756831 0.0488841 0)
(0.0103902 0.0423744 0)
(0.0122704 0.0362944 0)
(0.0134316 0.0307542 0)
(0.014055 0.0257041 0)
(0.0142835 0.0211026 0)
(0.0142238 0.0169188 0)
(0.0139601 0.0131252 0)
(0.0135609 0.00969678 0)
(0.0130828 0.00661181 0)
(0.0125724 0.003853 0)
(0.012067 0.00140747 0)
(0.0115958 -0.000734475 0)
(0.01118 -0.00258114 0)
(0.010834 -0.00414174 0)
(0.0105656 -0.00542852 0)
(0.0103778 -0.00645849 0)
(0.0102704 -0.00725434 0)
(0.0102421 -0.007844 0)
(0.0102925 -0.00825835 0)
(0.0104227 -0.00852787 0)
(0.0106346 -0.00868007 0)
(0.00353615 0.0457344 0)
(0.00796024 0.0448965 0)
(0.0113671 0.0396807 0)
(0.0137139 0.0345444 0)
(0.0152257 0.0296986 0)
(0.0160932 0.0251638 0)
(0.0164831 0.020944 0)
(0.0165225 0.0170377 0)
(0.01631 0.0134382 0)
(0.0159248 0.0101356 0)
(0.0154322 0.00712045 0)
(0.0148854 0.00438588 0)
(0.0143273 0.00192842 0)
(0.0137916 -0.000252843 0)
(0.0133028 -0.00215807 0)
(0.0128771 -0.00378907 0)
(0.0125231 -0.00515175 0)
(0.0122428 -0.00625844 0)
(0.0120341 -0.00712945 0)
(0.0118937 -0.00779308 0)
(0.0118213 -0.00828222 0)
(0.0118193 -0.00862904 0)
(0.0118921 -0.00886127 0)
(0.0035138 0.040187 0)
(0.00827902 0.0404461 0)
(0.0121137 0.0365304 0)
(0.0148054 0.032432 0)
(0.0165738 0.0283814 0)
(0.0176164 0.0244456 0)
(0.018118 0.0206722 0)
(0.0182213 0.0170933 0)
(0.018036 0.0137263 0)
(0.0176495 0.0105794 0)
(0.0171333 0.00765694 0)
(0.0165457 0.00496377 0)
(0.0159342 0.00250692 0)
(0.015336 0.000295241 0)
(0.0147787 -0.00166218 0)
(0.0142806 -0.00335842 0)
(0.0138508 -0.00479153 0)
(0.0134901 -0.00596766 0)
(0.0131929 -0.00690395 0)
(0.0129528 -0.00763021 0)
(0.0127687 -0.00818361 0)
(0.0126454 -0.00859958 0)
(0.0125907 -0.00890655 0)
(0.00358625 0.0344902 0)
(0.00859404 0.0356574 0)
(0.0127331 0.0330633 0)
(0.0156531 0.0300759 0)
(0.0175731 0.0268951 0)
(0.0187055 0.0236189 0)
(0.0192542 0.0203379 0)
(0.0193748 0.0171212 0)
(0.0191845 0.0140138 0)
(0.0187754 0.0110438 0)
(0.018222 0.00823057 0)
(0.0175854 0.00559153 0)
(0.0169156 0.00314452 0)
(0.0162527 0.000908508 0)
(0.0156271 -0.00109756 0)
(0.0150597 -0.00285693 0)
(0.0145608 -0.004358 0)
(0.0141299 -0.00559837 0)
(0.0137563 -0.0065903 0)
(0.0134276 -0.00736679 0)
(0.0131418 -0.00797327 0)
(0.0129075 -0.00845072 0)
(0.0127371 -0.00882846 0)
(0.00370583 0.0286035 0)
(0.00889448 0.0306053 0)
(0.0132718 0.0293876 0)
(0.0163322 0.0275873 0)
(0.018302 0.0253391 0)
(0.0194323 0.0227644 0)
(0.0199561 0.0200019 0)
(0.0200426 0.0171647 0)
(0.0198128 0.01433 0)
(0.0193587 0.011548 0)
(0.0187536 0.00885397 0)
(0.0180581 0.0062775 0)
(0.0173226 0.00384683 0)
(0.0165887 0.00159043 0)
(0.0158897 -0.00046327 0)
(0.0152502 -0.00228718 0)
(0.0146838 -0.00385805 0)
(0.0141899 -0.00516112 0)
(0.0137503 -0.0061996 0)
(0.0133421 -0.00701244 0)
(0.012962 -0.00766049 0)
(0.0126254 -0.00819328 0)
(0.0123516 -0.00864031 0)
(0.00377756 0.0225525 0)
(0.00913436 0.0253196 0)
(0.0137416 0.0255625 0)
(0.0168816 0.0250564 0)
(0.0188044 0.0238105 0)
(0.019841 0.0219653 0)
(0.0202718 0.0197262 0)
(0.0202795 0.0172663 0)
(0.0199828 0.0147027 0)
(0.0194674 0.0121099 0)
(0.0188008 0.00953917 0)
(0.018039 0.00703108 0)
(0.0172301 0.00462257 0)
(0.0164158 0.00234962 0)
(0.0156323 0.000248369 0)
(0.0149098 -0.0016446 0)
(0.0142692 -0.00329274 0)
(0.013714 -0.00466314 0)
(0.0132155 -0.00574015 0)
(0.012733 -0.00657316 0)
(0.0122618 -0.00725186 0)
(0.0118304 -0.00783739 0)
(0.0114666 -0.00835665 0)
(0.00380033 0.0164221 0)
(0.00939425 0.0197648 0)
(0.0141727 0.0216097 0)
(0.017298 0.0225707 0)
(0.0190672 0.0224075 0)
(0.0199316 0.0212984 0)
(0.0202242 0.0195608 0)
(0.0201315 0.0174551 0)
(0.01976 0.0151472 0)
(0.0191823 0.0127374 0)
(0.018455 0.0102911 0)
(0.0176264 0.0078577 0)
(0.0167392 0.00547996 0)
(0.0158336 0.00319803 0)
(0.0149481 0.00105212 0)
(0.0141204 -0.000914955 0)
(0.0133846 -0.00265425 0)
(0.0127594 -0.00410752 0)
(0.0122024 -0.00521672 0)
(0.011644 -0.0060492 0)
(0.0110795 -0.00675013 0)
(0.0105601 -0.00739318 0)
(0.0101236 -0.00799474 0)
(0.00417809 0.0100635 0)
(0.0100187 0.0139339 0)
(0.0145648 0.0176799 0)
(0.0174559 0.0202881 0)
(0.018977 0.0212364 0)
(0.0196478 0.020817 0)
(0.0198143 0.0195241 0)
(0.0196439 0.0177303 0)
(0.0192209 0.0156541 0)
(0.0186012 0.013418 0)
(0.0178291 0.0110982 0)
(0.0169431 0.00874974 0)
(0.015979 0.00641787 0)
(0.0149726 0.0041429 0)
(0.0139624 0.00196391 0)
(0.0129929 -7.69166e-05 0)
(0.0121172 -0.00192685 0)
(0.0113919 -0.00349889 0)
(0.0107603 -0.00463618 0)
(0.0101141 -0.00543596 0)
(0.00944832 -0.00615657 0)
(0.0088529 -0.00687467 0)
(0.00837079 -0.00757834 0)
(0.0051843 0.00281323 0)
(0.0108461 0.0083536 0)
(0.0144826 0.0143362 0)
(0.0169422 0.0184385 0)
(0.0182852 0.0203315 0)
(0.0188954 0.0204849 0)
(0.0190488 0.0195656 0)
(0.0188819 0.0180464 0)
(0.0184649 0.0161863 0)
(0.0178445 0.0141231 0)
(0.0170575 0.0119403 0)
(0.0161345 0.00969634 0)
(0.0151035 0.00743667 0)
(0.0139934 0.00519837 0)
(0.0128372 0.00301324 0)
(0.0116761 0.000911492 0)
(0.0105793 -0.00106769 0)
(0.00968478 -0.00282463 0)
(0.00891405 -0.00399605 0)
(0.00815919 -0.00472061 0)
(0.00738537 -0.00548001 0)
(0.00674377 -0.00631144 0)
(0.00626295 -0.00714573 0)
(0.00508119 -0.00503924 0)
(0.00985967 0.00409183 0)
(0.0128101 0.0117796 0)
(0.0150998 0.0166993 0)
(0.016734 0.0192625 0)
(0.0176536 0.019965 0)
(0.0180148 0.0194797 0)
(0.0179771 0.0183028 0)
(0.017642 0.0167146 0)
(0.017071 0.0148717 0)
(0.0163043 0.0128716 0)
(0.0153705 0.0107807 0)
(0.0142911 0.00864679 0)
(0.0130855 0.00650304 0)
(0.0117725 0.00436823 0)
(0.0103743 0.00224489 0)
(0.00894845 0.000132671 0)
(0.00775102 -0.0018678 0)
(0.00658037 -0.00313414 0)
(0.005719 -0.0038388 0)
(0.00487534 -0.00474951 0)
(0.00427004 -0.00576674 0)
(0.0038722 -0.00676112 0)
(-0.00125751 -0.0102141 0)
(0.00466035 -0.00280005 0)
(0.00848546 0.00676074 0)
(0.0118703 0.0126081 0)
(0.0145835 0.0164953 0)
(0.0162547 0.0184496 0)
(0.0170459 0.0189054 0)
(0.0172422 0.0183719 0)
(0.0170367 0.0172315 0)
(0.0165383 0.0157255 0)
(0.0158078 0.0140011 0)
(0.0148786 0.0121516 0)
(0.0137692 0.0102396 0)
(0.0124866 0.00830742 0)
(0.0110255 0.0063802 0)
(0.00938159 0.00446742 0)
(0.007629 0.00253107 0)
(0.00598485 0.000308932 0)
(0.00323553 -0.00128919 0)
(0.00248279 -0.00250492 0)
(0.00184769 -0.0039367 0)
(0.001496 -0.00528733 0)
(0.00130706 -0.00647698 0)
(0.00316942 0.0125283 0)
(-0.0054433 0.00969367 0)
(-0.0110119 0.00878685 0)
(-0.0185007 0.00946194 0)
(-0.00532909 0.0212139 0)
(-0.0105929 0.020898 0)
(-0.0160495 0.0201156 0)
(-0.0213027 0.0191927 0)
(-0.0129285 0.0284799 0)
(-0.0170373 0.029274 0)
(-0.0209194 0.0287737 0)
(-0.0247429 0.0270448 0)
(-0.0244514 0.0322132 0)
(-0.0268303 0.0317069 0)
(-0.0234293 0.0300767 0)
(-0.0208339 0.0300788 0)
(-0.0427132 0.0625136 0)
(-0.036141 0.0289754 0)
(-0.0279713 0.0177422 0)
(-0.0194921 0.0271172 0)
(-0.00737468 0.0496231 0)
(-0.00475977 0.0104989 0)
(-0.00741396 -0.00285181 0)
(-0.0102743 0.00369377 0)
(0.0344191 0.0475967 0)
(0.0326228 0.023936 0)
(0.0203251 0.0236287 0)
(0.00227202 0.0278626 0)
(0.0466483 0.0501285 0)
(0.0418472 0.0433948 0)
(0.0322633 0.0574243 0)
(0.0211704 0.0582699 0)
(0.0357041 0.0554043 0)
(0.0305816 0.0576449 0)
(0.028699 0.0665097 0)
(0.0298653 0.0646653 0)
(0.0153431 0.0584534 0)
(0.016742 0.0595731 0)
(0.0192906 0.0596558 0)
(0.0225561 0.0560243 0)
(0.00152076 0.0517499 0)
(0.00514296 0.0522288 0)
(0.00886302 0.0513088 0)
(0.0124064 0.0484574 0)
(-0.00820416 0.0433574 0)
(-0.00446803 0.0439591 0)
(-0.000855274 0.0434644 0)
(0.00241446 0.0417144 0)
(-0.0157046 0.0358496 0)
(-0.0124764 0.036576 0)
(-0.00934674 0.036557 0)
(-0.00647628 0.0356745 0)
(-0.021598 0.0296551 0)
(-0.0189277 0.030405 0)
(-0.0163021 0.0306618 0)
(-0.013823 0.0303521 0)
(-0.0259654 0.024549 0)
(-0.0237342 0.025275 0)
(-0.0215208 0.0256652 0)
(-0.0193928 0.0256986 0)
(-0.0288367 0.0202548 0)
(-0.0269444 0.0209417 0)
(-0.0250553 0.0214075 0)
(-0.0232146 0.021644 0)
(-0.0303361 0.016573 0)
(-0.0286963 0.0172176 0)
(-0.027052 0.0177214 0)
(-0.0254322 0.0180763 0)
(-0.0305738 0.0133404 0)
(-0.0291208 0.0139456 0)
(-0.0276588 0.0144609 0)
(-0.0262063 0.0148794 0)
(-0.0296768 0.0104456 0)
(-0.0283666 0.011012 0)
(-0.0270437 0.011521 0)
(-0.0257202 0.0119665 0)
(-0.0278024 0.00781626 0)
(-0.0266072 0.00834258 0)
(-0.0253962 0.00883207 0)
(-0.0241774 0.00927979 0)
(-0.0251302 0.00540848 0)
(-0.0240337 0.00589234 0)
(-0.0229188 0.0063529 0)
(-0.0217913 0.00678596 0)
(-0.021849 0.0031982 0)
(-0.0208429 0.00363733 0)
(-0.0198166 0.00406231 0)
(-0.0187743 0.00446944 0)
(-0.0181462 0.00117479 0)
(-0.0172272 0.00156747 0)
(-0.0162869 0.00195247 0)
(-0.0153285 0.00232644 0)
(-0.0141987 -0.00066436 0)
(-0.0133664 -0.000319163 0)
(-0.0125123 2.32448e-05 0)
(-0.011639 0.000359733 0)
(-0.0101677 -0.00231799 0)
(-0.00942298 -0.00202058 0)
(-0.00865648 -0.00172203 0)
(-0.00787012 -0.00142531 0)
(-0.00619572 -0.00378389 0)
(-0.00553951 -0.00353396 0)
(-0.0048618 -0.00327957 0)
(-0.00416417 -0.00302353 0)
(-0.00240522 -0.0050608 0)
(-0.00183781 -0.00485755 0)
(-0.00124936 -0.00464692 0)
(-0.000641226 -0.00443162 0)
(0.00110093 -0.00614952 0)
(0.00158035 -0.00599177 0)
(0.0020802 -0.00582408 0)
(0.00259935 -0.00564906 0)
(0.0042386 -0.00705332 0)
(0.00463203 -0.00693963 0)
(0.00504522 -0.00681382 0)
(0.00547725 -0.00667834 0)
(0.00694104 -0.00777789 0)
(0.00725161 -0.00770671 0)
(0.00758128 -0.00762159 0)
(0.00792931 -0.00752486 0)
(0.00915755 -0.00833111 0)
(0.00938938 -0.00830088 0)
(0.00963971 -0.0082553 0)
(0.00990798 -0.00819658 0)
(0.0108525 -0.00872271 0)
(0.0110105 -0.00873196 0)
(0.0111866 -0.00872493 0)
(0.0113803 -0.00870367 0)
(0.0120046 -0.0089639 0)
(0.0120946 -0.00901145 0)
(0.0122023 -0.00904228 0)
(0.0123274 -0.00905822 0)
(0.0126073 -0.00906718 0)
(0.0126355 -0.00915229 0)
(0.0126813 -0.00922073 0)
(0.0127447 -0.00927407 0)
(0.012668 -0.00904622 0)
(0.0126413 -0.00916887 0)
(0.0126326 -0.00927534 0)
(0.012642 -0.00936681 0)
(0.012208 -0.00891609 0)
(0.0121344 -0.00907727 0)
(0.0120796 -0.00922301 0)
(0.0120437 -0.009354 0)
(0.0112619 -0.00869391 0)
(0.0111505 -0.00889595 0)
(0.0110593 -0.00908318 0)
(0.0109883 -0.00925567 0)
(0.00987484 -0.00840034 0)
(0.00973741 -0.00864706 0)
(0.00962192 -0.00887887 0)
(0.00952782 -0.00909518 0)
(0.00810184 -0.00806246 0)
(0.0079538 -0.00835875 0)
(0.00782926 -0.0086384 0)
(0.0077268 -0.00890026 0)
(0.00600812 -0.00771843 0)
(0.00587029 -0.00806798 0)
(0.00575592 -0.00839683 0)
(0.00566248 -0.00870365 0)
(0.00367762 -0.00742559 0)
(0.00357511 -0.00782634 0)
(0.00349228 -0.00819946 0)
(0.00342602 -0.00854455 0)
(0.00122549 -0.00722853 0)
(0.00118466 -0.00767233 0)
(0.00115301 -0.00807896 0)
(0.00112847 -0.00845039 0)
(-0.020328 0.0156578 0)
(-0.0221548 0.0147199 0)
(-0.027943 0.0140767 0)
(-0.0332796 0.013854 0)
(-0.0369515 0.0137086 0)
(-0.0384992 0.0124579 0)
(-0.0381316 0.0122316 0)
(-0.0366207 0.0105853 0)
(-0.0346695 0.00536595 0)
(-0.032704 -0.000817718 0)
(-0.030543 -0.00589028 0)
(-0.027258 -0.00922755 0)
(-0.0235774 -0.0140115 0)
(-0.0225975 -0.0211443 0)
(-0.026047 -0.0288073 0)
(-0.0319782 -0.0358477 0)
(-0.0361963 -0.0345808 0)
(-0.0311226 -0.00944013 0)
(-0.00547369 0.0443781 0)
(-0.0273819 0.0189753 0)
(-0.0316498 0.0188281 0)
(-0.036236 0.0185183 0)
(-0.0398093 0.0172765 0)
(-0.0416154 0.0151181 0)
(-0.0415585 0.0121772 0)
(-0.0394269 0.00998122 0)
(-0.0350797 0.00714894 0)
(-0.0301006 0.00205713 0)
(-0.0262261 -0.0033633 0)
(-0.0237949 -0.00796922 0)
(-0.0219512 -0.011457 0)
(-0.0206086 -0.015136 0)
(-0.0213972 -0.0193118 0)
(-0.0256021 -0.0236997 0)
(-0.0333792 -0.0292431 0)
(-0.0431643 -0.0309135 0)
(-0.0475422 -0.019707 0)
(-0.0279961 0.0107911 0)
(-0.0307505 0.023951 0)
(-0.0368611 0.021929 0)
(-0.0405696 0.0207941 0)
(-0.0417357 0.0187831 0)
(-0.041389 0.015427 0)
(-0.0399988 0.0115241 0)
(-0.0369734 0.00752013 0)
(-0.0318068 0.00318468 0)
(-0.0257643 -0.00161181 0)
(-0.0209023 -0.00570799 0)
(-0.0181979 -0.00917617 0)
(-0.0168139 -0.0122515 0)
(-0.0164271 -0.0152003 0)
(-0.0178772 -0.0178402 0)
(-0.0215969 -0.0200235 0)
(-0.0293381 -0.0230697 0)
(-0.0413434 -0.0255241 0)
(-0.0492546 -0.0269524 0)
(-0.031767 -0.0219353 0)
(-0.0252847 0.0266174 0)
(-0.035309 0.0236655 0)
(-0.0404758 0.0208344 0)
(-0.0398761 0.0181186 0)
(-0.0376898 0.0144587 0)
(-0.0342306 0.0104991 0)
(-0.0297785 0.00556684 0)
(-0.0242807 0.0002088 0)
(-0.0197457 -0.00317848 0)
(-0.0169703 -0.00636739 0)
(-0.0146073 -0.00923802 0)
(-0.0130266 -0.0120651 0)
(-0.0126979 -0.0146815 0)
(-0.0151715 -0.0168082 0)
(-0.0194035 -0.0181289 0)
(-0.0261675 -0.0182044 0)
(-0.035347 -0.0193925 0)
(-0.0423481 -0.0250628 0)
(-0.037344 -0.0514215 0)
(-0.00644547 0.0419528 0)
(-0.0102321 0.04491 0)
(-0.0277852 0.0273354 0)
(-0.0372352 0.0190527 0)
(-0.0372705 0.00939765 0)
(-0.0251308 -0.0022831 0)
(-0.0104554 -0.00620685 0)
(0.00056301 -0.0155779 0)
(0.0113521 -0.0166889 0)
(0.0186908 -0.0188708 0)
(0.0260542 -0.0176944 0)
(0.0345247 -0.0174574 0)
(0.0384097 -0.0117499 0)
(0.0315966 -0.00359678 0)
(0.0254896 -0.00139999 0)
(0.0292068 0.00612007 0)
(0.0405364 0.000657691 0)
(0.0433913 -0.0206059 0)
(0.0149601 -0.110435 0)
(-0.012537 0.0246101 0)
(-0.00872312 0.0476274 0)
(-0.00653771 0.0367654 0)
(-0.00366093 0.0234567 0)
(0.00339193 0.00327362 0)
(0.00941753 -0.014764 0)
(0.0160469 -0.0159623 0)
(0.0216954 -0.0175512 0)
(0.0244219 -0.0177833 0)
(0.0259227 -0.0189323 0)
(0.0279828 -0.0213308 0)
(0.0298841 -0.0213332 0)
(0.0315223 -0.012945 0)
(0.0329171 -0.00296371 0)
(0.0330233 -0.0149658 0)
(0.0367275 -0.0251273 0)
(0.0423252 -0.0307856 0)
(0.0452253 0.00139759 0)
(0.0192153 -0.0193607 0)
(-0.010263 0.0303827 0)
(-0.00217705 0.0364781 0)
(0.0100457 0.0281886 0)
(0.0235906 0.0127864 0)
(0.035213 -0.00284095 0)
(0.035748 -0.0134541 0)
(0.0308146 -0.016815 0)
(0.0282586 -0.0172685 0)
(0.0258985 -0.0170877 0)
(0.0231396 -0.0178586 0)
(0.0204868 -0.0210907 0)
(0.0170796 -0.0203813 0)
(0.0167588 -0.0155173 0)
(0.0235754 -0.00614646 0)
(0.0287964 -0.0127844 0)
(0.0268031 -0.0195681 0)
(0.0137723 -0.0205285 0)
(0.00594676 0.00860161 0)
(0.0122757 -0.0268636 0)
(0.0113988 0.0362424 0)
(0.0135934 0.0283373 0)
(0.0222436 0.0177009 0)
(0.0318164 0.00111257 0)
(0.038377 -0.00822343 0)
(0.0370772 -0.00723282 0)
(0.0280585 -0.0113998 0)
(0.019991 -0.0135455 0)
(0.0137256 -0.0133502 0)
(0.00851511 -0.0145128 0)
(0.00409841 -0.0183624 0)
(0.00164816 -0.0184849 0)
(0.00307903 -0.0190911 0)
(0.0092591 -0.013346 0)
(0.0138194 -0.0121789 0)
(0.0112708 -0.0122275 0)
(-0.000293216 -0.00918476 0)
(0.00126465 5.92725e-05 0)
(0.0192824 -0.0142283 0)
(0.0294647 0.0411734 0)
(0.0252217 0.0253201 0)
(0.0265695 0.011952 0)
(0.0268919 -0.00323636 0)
(0.0226706 -0.00826516 0)
(0.0175307 -0.00209743 0)
(0.0131705 -0.00332224 0)
(0.00699107 -0.00604248 0)
(-8.01858e-05 -0.00679955 0)
(-0.00599876 -0.0094882 0)
(-0.00998769 -0.014666 0)
(-0.0109531 -0.0192195 0)
(-0.00943942 -0.022019 0)
(-0.00622004 -0.0193882 0)
(-0.00358063 -0.0126614 0)
(-0.00307247 -0.00956804 0)
(-0.00191261 -0.00833312 0)
(0.00313181 -0.00946712 0)
(0.00942267 -0.00301976 0)
(0.025955 0.042865 0)
(0.0245159 0.0269127 0)
(0.0227071 0.0134987 0)
(0.0183402 0.00288656 0)
(0.0115319 -0.00111224 0)
(0.00638104 0.000683551 0)
(0.00293882 0.000361716 0)
(-0.00202434 -0.000335338 0)
(-0.00842345 -0.00108641 0)
(-0.0138524 -0.00551097 0)
(-0.016533 -0.0131356 0)
(-0.0173326 -0.0197129 0)
(-0.0187347 -0.0219139 0)
(-0.0210684 -0.0195523 0)
(-0.0222372 -0.0133028 0)
(-0.0202735 -0.012112 0)
(-0.0160949 -0.0133228 0)
(-0.010341 -0.011007 0)
(-0.00334098 -0.00420748 0)
(0.0168472 0.0406143 0)
(0.0177381 0.0281891 0)
(0.0157375 0.0170743 0)
(0.010904 0.00862824 0)
(0.00459215 0.00461824 0)
(-0.000108088 0.00408466 0)
(-0.00336939 0.00383241 0)
(-0.00747232 0.00435611 0)
(-0.0125147 0.00398757 0)
(-0.0165621 -0.00245736 0)
(-0.0187513 -0.0117535 0)
(-0.021756 -0.0172718 0)
(-0.0276855 -0.0175666 0)
(-0.0343969 -0.0154922 0)
(-0.0368332 -0.0138419 0)
(-0.0339831 -0.0161472 0)
(-0.0293466 -0.0191861 0)
(-0.0224026 -0.0185044 0)
(-0.00998184 -0.0149036 0)
(0.0068668 0.0369624 0)
(0.00906326 0.0281734 0)
(0.00801781 0.0198257 0)
(0.00439191 0.0133263 0)
(-0.000326471 0.00919477 0)
(-0.0041171 0.00725087 0)
(-0.00713849 0.00696259 0)
(-0.0104086 0.00789632 0)
(-0.013698 0.00759371 0)
(-0.0165725 8.86546e-05 0)
(-0.0201673 -0.00853465 0)
(-0.0262477 -0.0116001 0)
(-0.0344164 -0.0102987 0)
(-0.0404002 -0.0114894 0)
(-0.0407798 -0.0150727 0)
(-0.0379237 -0.0197638 0)
(-0.03517 -0.0237019 0)
(-0.030142 -0.0287996 0)
(-0.0161584 -0.0327872 0)
(-0.00233921 0.0329625 0)
(0.000576278 0.0271626 0)
(0.000748847 0.0212729 0)
(-0.00115943 0.0163801 0)
(-0.00411879 0.012479 0)
(-0.00707159 0.00997228 0)
(-0.0097428 0.00959812 0)
(-0.0122 0.0104231 0)
(-0.0141138 0.00976131 0)
(-0.0165211 0.00313341 0)
(-0.0212892 -0.0033139 0)
(-0.0280431 -0.00476463 0)
(-0.0342487 -0.00437878 0)
(-0.03705 -0.00996344 0)
(-0.0361385 -0.0168389 0)
(-0.0339048 -0.0218074 0)
(-0.0325801 -0.0256571 0)
(-0.0301516 -0.0381623 0)
(-0.0169421 -0.0559279 0)
(-0.0100815 0.0289866 0)
(-0.00680809 0.0254109 0)
(-0.00561244 0.0214432 0)
(-0.0060219 0.017843 0)
(-0.00750912 0.0146077 0)
(-0.00962165 0.0122571 0)
(-0.0118302 0.0116986 0)
(-0.0135743 0.0121219 0)
(-0.014636 0.0110524 0)
(-0.0164872 0.00633924 0)
(-0.0205187 0.00181895 0)
(-0.0251654 0.000210892 0)
(-0.0280953 -0.00174276 0)
(-0.0289735 -0.00963731 0)
(-0.0287125 -0.0179413 0)
(-0.0279207 -0.0228688 0)
(-0.026077 -0.0275483 0)
(-0.0223765 -0.0446473 0)
(-0.0104357 -0.0749857 0)
(-0.0160668 0.0251946 0)
(-0.0127032 0.023184 0)
(-0.010842 0.0206508 0)
(-0.0102321 0.0181175 0)
(-0.0106114 0.0157287 0)
(-0.0117645 0.0138945 0)
(-0.0131766 0.0132064 0)
(-0.0141413 0.0130762 0)
(-0.0145862 0.0118037 0)
(-0.0155887 0.00852815 0)
(-0.0178001 0.00503737 0)
(-0.0199901 0.00244621 0)
(-0.0207018 -0.00125084 0)
(-0.0206934 -0.00932437 0)
(-0.0211939 -0.0177947 0)
(-0.0212242 -0.0237882 0)
(-0.0185096 -0.0314766 0)
(-0.013619 -0.0504941 0)
(-0.00419022 -0.0860782 0)
(-0.0202668 0.0216735 0)
(-0.0169686 0.020727 0)
(-0.014728 0.0192508 0)
(-0.0134509 0.0175985 0)
(-0.012993 0.0159645 0)
(-0.0131753 0.0146491 0)
(-0.0135892 0.0139161 0)
(-0.0137359 0.0133538 0)
(-0.0135674 0.0120053 0)
(-0.0136603 0.00940942 0)
(-0.0142864 0.00627788 0)
(-0.0147257 0.00296006 0)
(-0.0142979 -0.00170468 0)
(-0.0137839 -0.00917426 0)
(-0.0139333 -0.0174019 0)
(-0.0134695 -0.0250886 0)
(-0.0106883 -0.0355622 0)
(-0.00705694 -0.055144 0)
(-0.00117368 -0.0912141 0)
(-0.0227919 0.0184287 0)
(-0.0196141 0.0181887 0)
(-0.0171584 0.0174738 0)
(-0.0154095 0.0165107 0)
(-0.0142856 0.0154597 0)
(-0.0136386 0.0145202 0)
(-0.0131727 0.0137915 0)
(-0.0125648 0.0129956 0)
(-0.0117701 0.0115852 0)
(-0.0110641 0.00924745 0)
(-0.0105574 0.0061981 0)
(-0.00990757 0.00247255 0)
(-0.00887502 -0.00256682 0)
(-0.00795686 -0.00952769 0)
(-0.00751547 -0.0175911 0)
(-0.00679342 -0.0264696 0)
(-0.00485107 -0.0383462 0)
(-0.00298617 -0.0575987 0)
(-0.00043887 -0.0933302 0)
(-0.0238068 0.0154206 0)
(-0.0207572 0.0156364 0)
(-0.0181815 0.015447 0)
(-0.0160977 0.0149861 0)
(-0.0144631 0.0143595 0)
(-0.013167 0.0136817 0)
(-0.0120068 0.0129778 0)
(-0.0107784 0.0120588 0)
(-0.00943928 0.0105925 0)
(-0.00811657 0.00833762 0)
(-0.00686988 0.00530021 0)
(-0.00557509 0.00141156 0)
(-0.00419549 -0.00368147 0)
(-0.00304049 -0.0102766 0)
(-0.0023302 -0.0181265 0)
(-0.00177121 -0.0273594 0)
(-0.0010042 -0.0394889 0)
(-0.00132884 -0.0581141 0)
(-0.0016804 -0.0949558 0)
(-0.0235117 0.0126072 0)
(-0.0205869 0.013103 0)
(-0.0179573 0.0132586 0)
(-0.0156517 0.0131417 0)
(-0.0136504 0.0128102 0)
(-0.0118803 0.0123143 0)
(-0.0102127 0.011643 0)
(-0.00852255 0.0106623 0)
(-0.00677473 0.00915542 0)
(-0.00503096 0.00693262 0)
(-0.00334343 0.00392247 0)
(-0.00170096 3.42186e-05 0)
(-0.000152581 -0.00493884 0)
(0.00108838 -0.0111738 0)
(0.00184682 -0.0186552 0)
(0.00215645 -0.0276351 0)
(0.00207222 -0.0392635 0)
(0.000418771 -0.0569223 0)
(-0.00113417 -0.0963679 0)
(-0.0221279 0.00995991 0)
(-0.0193287 0.0106133 0)
(-0.0166986 0.0109817 0)
(-0.0142686 0.0110872 0)
(-0.0120332 0.0109501 0)
(-0.00994982 0.0105797 0)
(-0.00794404 0.00994457 0)
(-0.00594468 0.00894308 0)
(-0.00393142 0.00742257 0)
(-0.00194414 0.00523673 0)
(-3.63516e-05 0.00229609 0)
(0.00175179 -0.0014858 0)
(0.00334076 -0.00623827 0)
(0.00457143 -0.0120818 0)
(0.00529495 -0.0190866 0)
(0.0054408 -0.0275293 0)
(0.00494139 -0.0383974 0)
(0.00308979 -0.0550448 0)
(0.00130619 -0.0956637 0)
(-0.0198839 0.00746494 0)
(-0.0172182 0.00819209 0)
(-0.0146348 0.00867983 0)
(-0.0121635 0.0089195 0)
(-0.00980935 0.00890452 0)
(-0.00755267 0.00861938 0)
(-0.00535605 0.00802217 0)
(-0.00318593 0.00703005 0)
(-0.00103958 0.00552974 0)
(0.00104659 0.00340827 0)
(0.00301747 0.000580901 0)
(0.0048138 -0.00302777 0)
(0.00635222 -0.00750574 0)
(0.00751078 -0.0129435 0)
(0.00816577 -0.0194386 0)
(0.00821372 -0.0272664 0)
(0.00752501 -0.0373306 0)
(0.00565281 -0.0528979 0)
(0.00336805 -0.0927596 0)
(-0.0170029 0.00512058 0)
(-0.0144846 0.00586512 0)
(-0.0119902 0.00640791 0)
(-0.00954776 0.00672078 0)
(-0.00717011 0.00677915 0)
(-0.00485464 0.00655301 0)
(-0.00258964 0.00599588 0)
(-0.000367699 0.00503753 0)
(0.00179866 0.00359003 0)
(0.00387101 0.00156465 0)
(0.00579381 -0.00111277 0)
(0.00750364 -0.00450739 0)
(0.00892449 -0.00868683 0)
(0.00996354 -0.0137257 0)
(0.0105257 -0.0197267 0)
(0.0105119 -0.0269498 0)
(0.00976114 -0.0362075 0)
(0.00798171 -0.0505273 0)
(0.00516818 -0.0880196 0)
(-0.0136936 0.00293282 0)
(-0.0113393 0.00365776 0)
(-0.00897075 0.00421289 0)
(-0.0066147 0.0045584 0)
(-0.0042896 0.00465889 0)
(-0.00200537 0.00447646 0)
(0.000231859 0.00396367 0)
(0.00241134 0.00305956 0)
(0.00450858 0.00169312 0)
(0.00648165 -0.000207457 0)
(0.00827564 -0.00270651 0)
(0.00982914 -0.00586262 0)
(0.0110757 -0.00973563 0)
(0.0119462 -0.0143953 0)
(0.0123769 -0.0199474 0)
(0.0122977 -0.0266335 0)
(0.0115602 -0.035157 0)
(0.0100927 -0.0481083 0)
(0.00706342 -0.081379 0)
(-0.0101445 0.000911231 0)
(-0.00797051 0.00159315 0)
(-0.00575824 0.00213321 0)
(-0.00353355 0.00248559 0)
(-0.00131901 0.00260926 0)
(0.000866478 0.00246293 0)
(0.00300439 0.00200038 0)
(0.00507129 0.001168 0)
(0.00703361 -9.34887e-05 0)
(0.00884564 -0.00184433 0)
(0.0104524 -0.00414173 0)
(0.0117943 -0.00704131 0)
(0.0128119 -0.010603 0)
(0.0134514 -0.014902 0)
(0.0136728 -0.020055 0)
(0.0134388 -0.0262995 0)
(0.0126542 -0.0342379 0)
(0.0115505 -0.0458883 0)
(0.00858956 -0.0729688 0)
(-0.00652061 -0.000934191 0)
(-0.00454076 -0.000309472 0)
(-0.00250805 0.000198639 0)
(-0.000447802 0.000542216 0)
(0.00161447 0.000678331 0)
(0.00365354 0.000565355 0)
(0.00564222 0.000159712 0)
(0.00754818 -0.000585927 0)
(0.00933088 -0.00172216 0)
(0.0109406 -0.00330092 0)
(0.0123202 -0.00537433 0)
(0.013409 -0.00799706 0)
(0.0141474 -0.0112329 0)
(0.0144832 -0.0151674 0)
(0.0143775 -0.0199342 0)
(0.0137968 -0.0257795 0)
(0.0126694 -0.0332251 0)
(0.0112646 -0.0437161 0)
(0.00817524 -0.0640594 0)
(-0.00296329 -0.00259529 0)
(-0.00118733 -0.00203585 0)
(0.000649938 -0.00156964 0)
(0.00252356 -0.00124398 0)
(0.00440609 -0.00110107 0)
(0.00626794 -0.00118079 0)
(0.00807601 -0.00152305 0)
(0.00979171 -0.00216933 0)
(0.011369 -0.00316303 0)
(0.0127539 -0.00454918 0)
(0.0138853 -0.00637522 0)
(0.0146977 -0.00869437 0)
(0.0151239 -0.011573 0)
(0.015099 -0.0151041 0)
(0.0145625 -0.0194332 0)
(0.0134495 -0.0248105 0)
(0.0116757 -0.0316908 0)
(0.00927587 -0.0410736 0)
(0.00571308 -0.056495 0)
(0.000409307 -0.00406695 0)
(0.00197622 -0.00357706 0)
(0.00360912 -0.00315844 0)
(0.00528353 -0.00285587 0)
(0.00697089 -0.00270907 0)
(0.00863883 -0.00275472 0)
(0.0102504 -0.00302829 0)
(0.0117627 -0.00356537 0)
(0.0131257 -0.00440256 0)
(0.0142811 -0.00557813 0)
(0.0151634 -0.00713381 0)
(0.0157001 -0.00911878 0)
(0.0158127 -0.011597 0)
(0.0154169 -0.0146606 0)
(0.0144202 -0.0184536 0)
(0.0127175 -0.0232164 0)
(0.0102213 -0.0293586 0)
(0.00675591 -0.0377177 0)
(0.00278738 -0.0512516 0)
(0.00350022 -0.00534764 0)
(0.00485752 -0.00492937 0)
(0.00628346 -0.00456157 0)
(0.00775421 -0.00428529 0)
(0.00924087 -0.00413653 0)
(0.0107096 -0.00414777 0)
(0.0121213 -0.00434941 0)
(0.0134306 -0.00477098 0)
(0.0145845 -0.00544213 0)
(0.0155222 -0.00639388 0)
(0.0161742 -0.00766071 0)
(0.016462 -0.00928447 0)
(0.0162974 -0.0113213 0)
(0.0155794 -0.0138531 0)
(0.0141888 -0.0170095 0)
(0.0119896 -0.0210092 0)
(0.00888793 -0.0262513 0)
(0.00446736 -0.0337427 0)
(0.000122325 -0.0484855 0)
(0.00623151 -0.00643942 0)
(0.00738287 -0.00609372 0)
(0.00860466 -0.00577888 0)
(0.00987399 -0.00553142 0)
(0.0111623 -0.00538284 0)
(0.0124355 -0.0053608 0)
(0.0136536 -0.00549022 0)
(0.0147704 -0.00579436 0)
(0.0157322 -0.00629581 0)
(0.0164769 -0.00701786 0)
(0.0169337 -0.00798656 0)
(0.0170219 -0.00923435 0)
(0.0166491 -0.010806 0)
(0.0157083 -0.0127689 0)
(0.0140736 -0.0152326 0)
(0.0116082 -0.0183942 0)
(0.00823871 -0.02268 0)
(0.00349123 -0.0294719 0)
(-0.000854932 -0.0473511 0)
(0.00854223 -0.00734758 0)
(0.00949504 -0.00707507 0)
(0.01052 -0.00681513 0)
(0.0115953 -0.00659925 0)
(0.0126937 -0.006454 0)
(0.0137814 -0.00640189 0)
(0.0148193 -0.00646226 0)
(0.0157616 -0.0066521 0)
(0.0165557 -0.00698705 0)
(0.0171408 -0.00748268 0)
(0.0174478 -0.00815651 0)
(0.017398 -0.0090314 0)
(0.0169024 -0.0101412 0)
(0.0158604 -0.0115406 0)
(0.0141599 -0.013326 0)
(0.0116936 -0.0156897 0)
(0.00844014 -0.0191187 0)
(0.00413296 -0.0253868 0)
(0.000385949 -0.0460554 0)
(0.0103868 -0.00808026 0)
(0.0111515 -0.00788175 0)
(0.0119904 -0.00767895 0)
(0.0128834 -0.00749812 0)
(0.0138044 -0.00736074 0)
(0.0147213 -0.00728414 0)
(0.0155966 -0.00728221 0)
(0.0163867 -0.00736601 0)
(0.0170415 -0.00754468 0)
(0.017504 -0.00782664 0)
(0.0177092 -0.00822172 0)
(0.0175845 -0.00874466 0)
(0.017049 -0.00942122 0)
(0.0160151 -0.0102996 0)
(0.0143921 -0.0114744 0)
(0.0121031 -0.0131527 0)
(0.00914991 -0.0158905 0)
(0.00542847 -0.0217161 0)
(0.00208423 -0.0435135 0)
(0.0117339 -0.008648 0)
(0.0123237 -0.00852477 0)
(0.0129903 -0.00838197 0)
(0.0137153 -0.00824054 0)
(0.0144744 -0.00811696 0)
(0.0152378 -0.00802366 0)
(0.0159703 -0.00796944 0)
(0.0166318 -0.00796006 0)
(0.0171763 -0.00799887 0)
(0.0175519 -0.00808816 0)
(0.0177001 -0.00823131 0)
(0.0175561 -0.00843682 0)
(0.0170492 -0.00872539 0)
(0.016105 -0.00914332 0)
(0.0146496 -0.00979046 0)
(0.0126196 -0.0108926 0)
(0.00999729 -0.0130481 0)
(0.00672701 -0.0183506 0)
(0.00335512 -0.0397551 0)
(0.0125662 -0.00906343 0)
(0.0129964 -0.00901741 0)
(0.0135068 -0.00893805 0)
(0.0140804 -0.00884113 0)
(0.0146949 -0.0087384 0)
(0.0153229 -0.00863784 0)
(0.0159328 -0.00854387 0)
(0.0164884 -0.00845769 0)
(0.0169489 -0.00837788 0)
(0.0172688 -0.00830162 0)
(0.0173972 -0.00822708 0)
(0.0172781 -0.00815787 0)
(0.0168501 -0.00811117 0)
(0.0160491 -0.00813289 0)
(0.0148104 -0.00832801 0)
(0.0130708 -0.00893367 0)
(0.0107804 -0.0105505 0)
(0.0079193 -0.015164 0)
(0.0045303 -0.0349133 0)
(0.0128806 -0.00934105 0)
(0.0131687 -0.0093748 0)
(0.0135406 -0.00936274 0)
(0.0139806 -0.00931578 0)
(0.0144685 -0.00924145 0)
(0.0149795 -0.00914398 0)
(0.0154854 -0.00902422 0)
(0.015955 -0.00887982 0)
(0.0163534 -0.00870559 0)
(0.0166422 -0.00849467 0)
(0.0167786 -0.00824086 0)
(0.016715 -0.00794332 0)
(0.0163984 -0.00761533 0)
(0.0157701 -0.00730069 0)
(0.014766 -0.00710558 0)
(0.0133123 -0.00726976 0)
(0.0113306 -0.0083703 0)
(0.00887882 -0.0121731 0)
(0.0056182 -0.0290278 0)
(0.0126883 -0.00949722 0)
(0.0128538 -0.00961374 0)
(0.0131066 -0.00967284 0)
(0.0134319 -0.00968103 0)
(0.013811 -0.00964237 0)
(0.0142219 -0.00955819 0)
(0.0146404 -0.00942681 0)
(0.0150401 -0.00924338 0)
(0.0153925 -0.00900007 0)
(0.0156667 -0.0086869 0)
(0.0158285 -0.0082938 0)
(0.0158385 -0.00781491 0)
(0.0156505 -0.00725719 0)
(0.0152071 -0.00665687 0)
(0.0144345 -0.00611185 0)
(0.0132293 -0.00585086 0)
(0.0114611 -0.00641042 0)
(0.00915788 -0.00930716 0)
(0.00584858 -0.02259 0)
(0.0120155 -0.00955023 0)
(0.01208 -0.00975259 0)
(0.0122344 -0.00988604 0)
(0.0124641 -0.00995352 0)
(0.0127517 -0.00995656 0)
(0.013078 -0.00989467 0)
(0.0134224 -0.00976472 0)
(0.0137637 -0.00956056 0)
(0.0140799 -0.00927287 0)
(0.0143479 -0.00888952 0)
(0.0145422 -0.00839695 0)
(0.0146328 -0.0077833 0)
(0.0145805 -0.0070453 0)
(0.0143289 -0.00620267 0)
(0.0137899 -0.00532805 0)
(0.0128181 -0.00461241 0)
(0.0112027 -0.00452292 0)
(0.00880488 -0.00633848 0)
(0.00520696 -0.0163532 0)
(0.010903 -0.0095206 0)
(0.0108903 -0.00981118 0)
(0.0109679 -0.0100207 0)
(0.011121 -0.0101496 0)
(0.0113335 -0.0101981 0)
(0.0115883 -0.0101652 0)
(0.0118687 -0.0100474 0)
(0.0121585 -0.0098385 0)
(0.0124421 -0.00952884 0)
(0.012704 -0.00910548 0)
(0.0129284 -0.0085522 0)
(0.0130959 -0.00785083 0)
(0.0131783 -0.00698484 0)
(0.0131268 -0.00594866 0)
(0.0128493 -0.00477056 0)
(0.0121702 -0.00357026 0)
(0.0108117 -0.00270814 0)
(0.00852506 -0.00325284 0)
(0.00488199 -0.0105317 0)
(0.00940556 -0.0094314 0)
(0.00934138 -0.00981068 0)
(0.00936443 -0.0100952 0)
(0.00945948 -0.0102848 0)
(0.00961142 -0.0103797 0)
(0.00980573 -0.0103792 0)
(0.0100292 -0.0102809 0)
(0.0102702 -0.0100795 0)
(0.0105188 -0.00976645 0)
(0.0107671 -0.0093296 0)
(0.0110088 -0.00875192 0)
(0.0112372 -0.00801067 0)
(0.0114402 -0.0070766 0)
(0.0115884 -0.00591542 0)
(0.0116072 -0.00449813 0)
(0.0113208 -0.00284253 0)
(0.0104062 -0.00115813 0)
(0.00858469 -0.000302784 0)
(0.00511964 -0.00483432 0)
(0.00759084 -0.00930852 0)
(0.00750237 -0.00977329 0)
(0.00749278 -0.010128 0)
(0.00754692 -0.0103736 0)
(0.00765118 -0.0105118 0)
(0.00779367 -0.0105435 0)
(0.00796445 -0.0104679 0)
(0.00815582 -0.0102815 0)
(0.00836268 -0.00997836 0)
(0.00858325 -0.00954865 0)
(0.00881966 -0.00897744 0)
(0.00907782 -0.00824165 0)
(0.00936518 -0.0073049 0)
(0.00968295 -0.00610989 0)
(0.00999977 -0.00456948 0)
(0.0101817 -0.00257498 0)
(0.00989134 -0.00011687 0)
(0.00892083 0.00225878 0)
(0.00579803 0.00115626 0)
(0.00553861 -0.00918035 0)
(0.00545274 -0.00972132 0)
(0.00543063 -0.010136 0)
(0.00545866 -0.0104286 0)
(0.00552574 -0.0106032 0)
(0.00562289 -0.0106629 0)
(0.00574329 -0.0106087 0)
(0.00588234 -0.0104397 0)
(0.00603822 -0.010153 0)
(0.00621296 -0.0097425 0)
(0.00641395 -0.00919838 0)
(0.00665593 -0.00850268 0)
(0.00696326 -0.00762179 0)
(0.00737115 -0.00649077 0)
(0.0079123 -0.0049825 0)
(0.00854215 -0.00285893 0)
(0.00895201 0.000192511 0)
(0.00927403 0.00414634 0)
(0.00682013 0.00798378 0)
(0.00333976 -0.00907674 0)
(0.00327997 -0.00967551 0)
(0.00326136 -0.0101339 0)
(0.00327442 -0.0104599 0)
(0.00331188 -0.0106604 0)
(0.00336822 -0.0107402 0)
(0.00343948 -0.0107024 0)
(0.00352334 -0.0105482 0)
(0.00361957 -0.0102772 0)
(0.00373105 -0.00988779 0)
(0.00386556 -0.00937637 0)
(0.00403892 -0.00873435 0)
(0.00428072 -0.00794101 0)
(0.00464652 -0.00694575 0)
(0.00523077 -0.0056262 0)
(0.00611465 -0.00368756 0)
(0.00702545 -0.000528861 0)
(0.00934551 0.00453346 0)
(0.00788084 0.0144866 0)
(0.00109756 -0.00901734 0)
(0.00107692 -0.00964918 0)
(0.00107034 -0.010131 0)
(0.00107432 -0.0104744 0)
(0.00108634 -0.0106881 0)
(0.00110456 -0.0107783 0)
(0.00112773 -0.0107489 0)
(0.00115514 -0.0106024 0)
(0.00118689 -0.0103405 0)
(0.00122429 -0.00996446 0)
(0.00127084 -0.00947632 0)
(0.0013343 -0.00887829 0)
(0.00143122 -0.00817098 0)
(0.00159958 -0.00734576 0)
(0.00193034 -0.00636104 0)
(0.00260866 -0.00505552 0)
(0.00334995 -0.00302487 0)
(0.00786861 0.00152262 0)
(0.00883132 0.0267002 0)
)
;

boundaryField
{
    leftWall
    {
        type            noSlip;
    }
    rightWall
    {
        type            noSlip;
    }
    lowerWall
    {
        type            noSlip;
    }
    atmosphere
    {
        type            pressureInletOutletVelocity;
        value           nonuniform List<vector> 
46
(
(0 -0.0102141 0)
(0 -0.00280005 0)
(0.00848546 0.00676074 0)
(0.0118703 0.0126081 0)
(0.0145835 0.0164953 0)
(0.0162547 0.0184496 0)
(0.0170459 0.0189054 0)
(0.0172422 0.0183719 0)
(0.0170367 0.0172315 0)
(0.0165383 0.0157255 0)
(0.0158078 0.0140011 0)
(0.0148786 0.0121516 0)
(0.0137692 0.0102396 0)
(0.0124866 0.00830742 0)
(0.0110255 0.0063802 0)
(0.00938159 0.00446742 0)
(0.007629 0.00253107 0)
(0.00598485 0.000308932 0)
(0 -0.00128919 0)
(0 -0.00250492 0)
(0 -0.0039367 0)
(0 -0.00528733 0)
(0 -0.00647698 0)
(0 -0.00722853 0)
(0 -0.00767233 0)
(0 -0.00807896 0)
(0 -0.00845039 0)
(0 -0.00901734 0)
(0 -0.00964918 0)
(0 -0.010131 0)
(0 -0.0104744 0)
(0 -0.0106881 0)
(0 -0.0107783 0)
(0 -0.0107489 0)
(0 -0.0106024 0)
(0 -0.0103405 0)
(0 -0.00996446 0)
(0 -0.00947632 0)
(0 -0.00887829 0)
(0 -0.00817098 0)
(0 -0.00734576 0)
(0 -0.00636104 0)
(0 -0.00505552 0)
(0 -0.00302487 0)
(0.00786861 0.00152262 0)
(0.00883132 0.0267002 0)
)
;
    }
    defaultFaces
    {
        type            empty;
    }
}


// ************************************************************************* //
