/*--------------------------------*- C++ -*----------------------------------*\
  =========                 |
  \\      /  F ield         | OpenFOAM: The Open Source CFD Toolbox
   \\    /   O peration     | Website:  https://openfoam.org
    \\  /    A nd           | Version:  9
     \\/     M anipulation  |
\*---------------------------------------------------------------------------*/
FoamFile
{
    format      ascii;
    class       volVectorField;
    location    "3.85";
    object      U;
}
// * * * * * * * * * * * * * * * * * * * * * * * * * * * * * * * * * * * * * //

dimensions      [0 1 -1 0 0 0 0];

internalField   nonuniform List<vector> 
2268
(
(-0.00365798 0.00160678 0)
(-0.00823898 0.00108198 0)
(-0.0114786 0.000791037 0)
(-0.0144234 0.000654871 0)
(-0.0169457 0.000593182 0)
(-0.0192881 0.000556027 0)
(-0.0214308 0.000513083 0)
(-0.0233535 0.000461595 0)
(-0.0250346 0.000405834 0)
(-0.0264619 0.000344917 0)
(-0.0276026 0.000262343 0)
(-0.0283483 0.000136371 0)
(-0.0285356 -6.44178e-05 0)
(-0.0279095 -0.000366989 0)
(-0.0261671 -0.000788994 0)
(-0.0230873 -0.00133944 0)
(-0.0185055 -0.00161747 0)
(-0.0147965 0.000300229 0)
(-0.0209705 0.0044105 0)
(-0.0329008 0.00287065 0)
(-0.0341345 -0.00157488 0)
(-0.0242539 -0.00483175 0)
(-0.00922329 -0.00443696 0)
(-0.00311775 0.00406095 0)
(-0.00732037 0.00293471 0)
(-0.0106131 0.00236533 0)
(-0.013831 0.00203068 0)
(-0.0167083 0.00183369 0)
(-0.0193686 0.00168203 0)
(-0.0217853 0.0015227 0)
(-0.0239385 0.00134745 0)
(-0.0258075 0.0011605 0)
(-0.0273708 0.000953452 0)
(-0.0285864 0.000696886 0)
(-0.0293665 0.000348404 0)
(-0.0295896 -0.000140824 0)
(-0.0291161 -0.000807094 0)
(-0.0277946 -0.00165562 0)
(-0.025657 -0.00257699 0)
(-0.0229662 -0.0027815 0)
(-0.0210464 0.000577419 0)
(-0.0223305 0.00573999 0)
(-0.0253554 0.00399336 0)
(-0.0243288 -0.00275987 0)
(-0.0191152 -0.00884259 0)
(-0.0096265 -0.0114945 0)
(-0.00256161 0.00623658 0)
(-0.00670144 0.00464096 0)
(-0.0100881 0.00390911 0)
(-0.0134879 0.00346373 0)
(-0.0166031 0.00316071 0)
(-0.0194898 0.00289752 0)
(-0.0221102 0.00261665 0)
(-0.0244401 0.00230943 0)
(-0.0264574 0.0019801 0)
(-0.0281373 0.00161433 0)
(-0.0294381 0.00117174 0)
(-0.0302894 0.000596239 0)
(-0.030599 -0.000167454 0)
(-0.0302784 -0.00114688 0)
(-0.029289 -0.00230524 0)
(-0.0278075 -0.00341808 0)
(-0.026209 -0.00354148 0)
(-0.0245621 0.00019006 0)
(-0.0225961 0.00512948 0)
(-0.0207023 0.00347263 0)
(-0.0179439 -0.00404426 0)
(-0.0139555 -0.011637 0)
(-0.00688867 -0.017194 0)
(-0.00222222 0.00829068 0)
(-0.00630112 0.00643458 0)
(-0.00983151 0.00557041 0)
(-0.0134041 0.00502755 0)
(-0.0167309 0.00461804 0)
(-0.0198233 0.00423403 0)
(-0.0226315 0.00381807 0)
(-0.0251252 0.00336384 0)
(-0.027281 0.00287638 0)
(-0.029073 0.00233628 0)
(-0.0304613 0.00169503 0)
(-0.0313886 0.000887649 0)
(-0.0317865 -0.000142311 0)
(-0.0316051 -0.00140317 0)
(-0.030868 -0.00280307 0)
(-0.029808 -0.00402687 0)
(-0.0287979 -0.00413691 0)
(-0.0270392 -0.000877418 0)
(-0.0232882 0.00339435 0)
(-0.0185922 0.00179154 0)
(-0.013883 -0.00590488 0)
(-0.00953028 -0.0140487 0)
(-0.00342284 -0.0211676 0)
(-0.00202335 0.0102062 0)
(-0.00606211 0.0082673 0)
(-0.00976472 0.00731904 0)
(-0.0135169 0.00669555 0)
(-0.017049 0.00618297 0)
(-0.0203404 0.00567243 0)
(-0.023331 0.00511068 0)
(-0.0259839 0.00449695 0)
(-0.0282749 0.0038385 0)
(-0.0301777 0.00311152 0)
(-0.0316547 0.00226192 0)
(-0.0326588 0.0012201 0)
(-0.0331396 -6.70327e-05 0)
(-0.0330702 -0.00158463 0)
(-0.0324964 -0.00318607 0)
(-0.031631 -0.00449553 0)
(-0.0307432 -0.00468448 0)
(-0.0288472 -0.00229564 0)
(-0.0242761 0.000886575 0)
(-0.0179108 -0.00089085 0)
(-0.0118094 -0.00836313 0)
(-0.00690328 -0.0163783 0)
(-0.000908384 -0.0233428 0)
(-0.00191759 0.0120559 0)
(-0.00598001 0.0101317 0)
(-0.00986686 0.00914149 0)
(-0.0138029 0.00845148 0)
(-0.0175359 0.00783908 0)
(-0.0210204 0.0071975 0)
(-0.024187 0.00648069 0)
(-0.026993 0.00569661 0)
(-0.0294135 0.00485641 0)
(-0.0314222 0.00393218 0)
(-0.0329826 0.0028664 0)
(-0.0340555 0.00158809 0)
(-0.0346036 4.91727e-05 0)
(-0.0346101 -0.00171404 0)
(-0.0341159 -0.00351048 0)
(-0.0332776 -0.00493514 0)
(-0.0322322 -0.0053176 0)
(-0.0301097 -0.00383279 0)
(-0.0253051 -0.00195358 0)
(-0.0184329 -0.00410407 0)
(-0.0118823 -0.0111377 0)
(-0.00666791 -0.0189612 0)
(-6.31472e-05 -0.0247944 0)
(-0.00189785 0.0138829 0)
(-0.006053 0.0120454 0)
(-0.010125 0.0110464 0)
(-0.0142417 0.0103011 0)
(-0.0181672 0.00958979 0)
(-0.0218347 0.00881118 0)
(-0.0251669 0.00792891 0)
(-0.0281151 0.00696271 0)
(-0.0306547 0.00592922 0)
(-0.0327582 0.00479613 0)
(-0.0343885 0.00350444 0)
(-0.035513 0.00198442 0)
(-0.0361046 0.000192459 0)
(-0.0361491 -0.00181951 0)
(-0.0356684 -0.00382945 0)
(-0.0347598 -0.00542419 0)
(-0.0334596 -0.00609465 0)
(-0.0310563 -0.00544411 0)
(-0.0263321 -0.0047608 0)
(-0.0198168 -0.00731665 0)
(-0.0136495 -0.0139144 0)
(-0.0086196 -0.021755 0)
(-0.0022828 -0.0274854 0)
(-0.00199208 0.015405 0)
(-0.00629929 0.0140919 0)
(-0.0105071 0.013092 0)
(-0.0147971 0.0122884 0)
(-0.0189029 0.0114695 0)
(-0.0227379 0.0105417 0)
(-0.026219 0.00947966 0)
(-0.0292929 0.0083151 0)
(-0.0319349 0.00707143 0)
(-0.0341153 0.00571072 0)
(-0.035794 0.00417607 0)
(-0.0369437 0.0024018 0)
(-0.0375482 0.000347095 0)
(-0.037595 -0.00192947 0)
(-0.0370833 -0.00418736 0)
(-0.0360612 -0.00601229 0)
(-0.0345085 -0.00702974 0)
(-0.0318837 -0.00711944 0)
(-0.0273905 -0.00738014 0)
(-0.0215997 -0.010209 0)
(-0.0163294 -0.0162996 0)
(-0.0122638 -0.0239755 0)
(-0.0104955 -0.032063 0)
(-0.00674441 0.000912035 0)
(0.00540359 -0.00398535 0)
(0.0179549 -0.00345171 0)
(0.0263961 -0.00198922 0)
(0.0308271 -0.000887172 0)
(0.0319282 9.85388e-05 0)
(0.0301999 0.000944345 0)
(0.0267393 0.000876702 0)
(0.0249765 -0.000394109 0)
(0.0282774 -0.00187542 0)
(0.0333901 -0.000229665 0)
(0.0259879 0.0052697 0)
(0.00183889 0.0061548 0)
(-0.00720361 -0.00146346 0)
(0.0143256 -0.00987151 0)
(0.0468272 -0.0112874 0)
(0.0766653 -0.00300673 0)
(0.0623427 0.010234 0)
(0.00932531 0.00844055 0)
(0.000258992 -0.000256681 0)
(0.0102757 -0.00746616 0)
(0.0178463 -0.00635622 0)
(0.0232427 -0.00379823 0)
(0.0260508 -0.00159609 0)
(0.0266067 0.000235842 0)
(0.0256263 0.00160888 0)
(0.0233356 0.00167877 0)
(0.0212612 -0.000295526 0)
(0.0217987 -0.00255064 0)
(0.0222387 0.00111508 0)
(0.0175882 0.0093221 0)
(0.0074016 0.00910119 0)
(0.0092208 -0.00413139 0)
(0.0220784 -0.0162816 0)
(0.0382369 -0.0182686 0)
(0.0538018 -0.00487688 0)
(0.054543 0.0220432 0)
(0.0136098 0.0215279 0)
(0.00548404 -0.00359901 0)
(0.0125499 -0.0102816 0)
(0.0172054 -0.00840442 0)
(0.0207982 -0.00511928 0)
(0.0227572 -0.00209704 0)
(0.0231066 0.000351065 0)
(0.0223244 0.00213993 0)
(0.0205025 0.00252471 0)
(0.0184224 0.000318018 0)
(0.0171728 -0.00231471 0)
(0.0157771 0.00217827 0)
(0.0136267 0.0106898 0)
(0.0121304 0.00892137 0)
(0.0165862 -0.0072214 0)
(0.0236588 -0.0202188 0)
(0.0309233 -0.0229803 0)
(0.0399446 -0.00756499 0)
(0.0399886 0.0288635 0)
(0.0132091 0.0338116 0)
(0.00760874 -0.00798439 0)
(0.0129768 -0.0123827 0)
(0.0160237 -0.0098347 0)
(0.0185726 -0.00611735 0)
(0.020105 -0.00251121 0)
(0.0204868 0.000438543 0)
(0.0199138 0.00261816 0)
(0.018413 0.003302 0)
(0.016399 0.00113832 0)
(0.0140086 -0.00148316 0)
(0.0119433 0.00286121 0)
(0.0122866 0.0104526 0)
(0.0156514 0.0075037 0)
(0.0200216 -0.00916238 0)
(0.0223477 -0.0219466 0)
(0.0240379 -0.0254195 0)
(0.0295056 -0.00925865 0)
(0.030007 0.0342705 0)
(0.010663 0.0433644 0)
(0.0078199 -0.0124467 0)
(0.0121118 -0.0139736 0)
(0.0143666 -0.0108396 0)
(0.0163991 -0.00690252 0)
(0.0178068 -0.00290183 0)
(0.018395 0.000440057 0)
(0.0181214 0.00300955 0)
(0.0169721 0.00397718 0)
(0.0152272 0.00205693 0)
(0.0124385 -0.000300651 0)
(0.0101816 0.00313531 0)
(0.0121418 0.00905706 0)
(0.0177468 0.00537826 0)
(0.0210544 -0.00989312 0)
(0.0197257 -0.0219676 0)
(0.0175228 -0.0260371 0)
(0.0195276 -0.0107689 0)
(0.0215623 0.0384495 0)
(0.00853354 0.0503461 0)
(0.00673666 -0.016512 0)
(0.010384 -0.0153219 0)
(0.0123358 -0.0116534 0)
(0.014199 -0.00761417 0)
(0.0157086 -0.00334636 0)
(0.0166745 0.000290879 0)
(0.0168949 0.00325194 0)
(0.0162122 0.00449964 0)
(0.0148856 0.00290269 0)
(0.0123786 0.000882392 0)
(0.0104453 0.00316327 0)
(0.012982 0.00716013 0)
(0.0186301 0.00332812 0)
(0.0204266 -0.00962409 0)
(0.0165105 -0.0206502 0)
(0.0113618 -0.0252112 0)
(0.00952358 -0.0116869 0)
(0.0129529 0.0406314 0)
(0.00771376 0.0553044 0)
(0.00438966 -0.0197633 0)
(0.00810277 -0.0165943 0)
(0.010032 -0.0124378 0)
(0.0119104 -0.00836194 0)
(0.0136759 -0.00391946 0)
(0.0151765 -8.88872e-05 0)
(0.0161045 0.00325293 0)
(0.0160815 0.00481918 0)
(0.0153079 0.00355211 0)
(0.0134607 0.0018134 0)
(0.0121697 0.00302477 0)
(0.0145635 0.00539236 0)
(0.018967 0.00186041 0)
(0.0190565 -0.0085885 0)
(0.013177 -0.0182319 0)
(0.00541362 -0.0230862 0)
(-0.000298809 -0.0117836 0)
(0.00413781 0.0401432 0)
(0.00870685 0.0585162 0)
(0.00275097 -0.0219278 0)
(0.00561822 -0.0176337 0)
(0.00754614 -0.0132219 0)
(0.00946025 -0.00920435 0)
(0.0115595 -0.00470282 0)
(0.0137105 -0.000803821 0)
(0.0155407 0.00289061 0)
(0.0164396 0.00482834 0)
(0.0163954 0.00392332 0)
(0.0153592 0.00238901 0)
(0.0147404 0.00278891 0)
(0.0166154 0.00408842 0)
(0.0193233 0.00117106 0)
(0.0177101 -0.00680821 0)
(0.0101481 -0.0147544 0)
(-0.000106891 -0.0195873 0)
(-0.00969049 -0.010696 0)
(-0.00535493 0.0367381 0)
(0.0103834 0.0606319 0)
(-0.00186272 0.0208818 0)
(-0.00654121 0.0180389 0)
(-0.0111501 0.01672 0)
(-0.0157455 0.0157213 0)
(-0.0201152 0.01468 0)
(-0.024176 0.0134833 0)
(-0.0278528 0.0121114 0)
(-0.0310887 0.0106043 0)
(-0.033856 0.00899585 0)
(-0.0361172 0.0072349 0)
(-0.0378246 0.00527957 0)
(-0.0389579 0.00307585 0)
(-0.0395249 0.000584431 0)
(-0.0395241 -0.00214395 0)
(-0.038927 -0.00485662 0)
(-0.0377201 -0.00713668 0)
(-0.0358376 -0.00876204 0)
(-0.0329804 -0.00985279 0)
(-0.0289092 -0.011168 0)
(-0.0243039 -0.0140685 0)
(-0.0206224 -0.0190082 0)
(-0.0192336 -0.0248753 0)
(-0.0255336 -0.0288673 0)
(-0.00245001 0.0183981 0)
(-0.0074699 0.019744 0)
(-0.0124533 0.019372 0)
(-0.0172223 0.0185981 0)
(-0.0216804 0.0175995 0)
(-0.0257935 0.0163 0)
(-0.0295419 0.0147106 0)
(-0.0328584 0.0129265 0)
(-0.0356568 0.0110066 0)
(-0.0378585 0.00884669 0)
(-0.039406 0.00644211 0)
(-0.0402836 0.0037836 0)
(-0.0405755 0.000848621 0)
(-0.0403847 -0.0023332 0)
(-0.0397185 -0.00555136 0)
(-0.0384723 -0.00846718 0)
(-0.0364258 -0.0108964 0)
(-0.0333954 -0.0129527 0)
(-0.0294919 -0.014955 0)
(-0.0254247 -0.0174124 0)
(-0.0222741 -0.0205338 0)
(-0.0209391 -0.023549 0)
(-0.0219845 -0.0249504 0)
(-0.00637713 0.028637 0)
(-0.00960588 0.0265752 0)
(-0.0147487 0.024496 0)
(-0.020353 0.0227142 0)
(-0.0253097 0.0213746 0)
(-0.0290498 0.0197558 0)
(-0.0326009 0.0175904 0)
(-0.0361436 0.0153459 0)
(-0.0386872 0.0130169 0)
(-0.0400646 0.0103469 0)
(-0.0408404 0.00728432 0)
(-0.0410066 0.00409062 0)
(-0.0406286 0.000774198 0)
(-0.0398147 -0.00261965 0)
(-0.0386506 -0.00619531 0)
(-0.0373638 -0.00963548 0)
(-0.0354506 -0.0126621 0)
(-0.032326 -0.0151906 0)
(-0.0281981 -0.0173968 0)
(-0.0238328 -0.0194265 0)
(-0.0203592 -0.0217354 0)
(-0.0194044 -0.0242739 0)
(-0.0213459 -0.0256695 0)
(-0.0348228 0.04162 0)
(-0.00908791 0.0281479 0)
(-0.0100381 0.0283871 0)
(-0.0222344 0.0272116 0)
(-0.031362 0.0241474 0)
(-0.031261 0.0220514 0)
(-0.0331115 0.0206643 0)
(-0.039805 0.0185848 0)
(-0.04141 0.0137064 0)
(-0.0382184 0.0111153 0)
(-0.037205 0.00777976 0)
(-0.0368851 0.00411577 0)
(-0.0360312 0.000134718 0)
(-0.0341881 -0.00339961 0)
(-0.0307264 -0.00730399 0)
(-0.0302595 -0.00980926 0)
(-0.0307859 -0.0136292 0)
(-0.0286229 -0.0166557 0)
(-0.0247463 -0.0194202 0)
(-0.0194487 -0.0218811 0)
(-0.0132077 -0.0235892 0)
(-0.0123473 -0.0243823 0)
(-0.0222398 -0.0253624 0)
(-0.0126158 0.0697532 0)
(-0.00157869 0.00572995 0)
(0.00679351 0.042822 0)
(-0.0164613 0.0680166 0)
(-0.0387995 0.0363841 0)
(-0.039748 0.0241931 0)
(-0.0377786 0.0308583 0)
(-0.0382533 0.0339328 0)
(-0.0326619 0.00848744 0)
(-0.0279901 0.00713053 0)
(-0.0238791 0.00600897 0)
(-0.0204617 0.00186071 0)
(-0.0165748 -0.00363159 0)
(-0.0106629 -0.0103692 0)
(-0.00348259 -0.0174678 0)
(0.00421907 -0.0116598 0)
(0.00868928 -0.0219392 0)
(0.0181664 -0.0319373 0)
(0.0307699 -0.0375335 0)
(0.0381722 -0.0392923 0)
(0.0424849 -0.0388042 0)
(0.0402452 -0.0130702 0)
(-0.0132488 0.00604512 0)
(0.0180177 0.0610731 0)
(0.0080843 0.0107874 0)
(9.47208e-05 0.0369726 0)
(0.00840264 0.0753828 0)
(0.00643838 0.0422081 0)
(0.00294431 0.020597 0)
(0.0033376 0.0224323 0)
(0.00899393 0.0227552 0)
(0.00927255 0.00325679 0)
(0.00133493 0.00419862 0)
(-0.00356249 0.00328768 0)
(-0.00489606 -0.00128252 0)
(-0.0046149 -0.00654558 0)
(-0.00413952 -0.0133517 0)
(-0.00657704 -0.0193569 0)
(-0.0033353 -0.018151 0)
(0.00597482 -0.0270865 0)
(0.015425 -0.0367336 0)
(0.0258535 -0.0401946 0)
(0.0333989 -0.0314527 0)
(0.0216096 -0.0268809 0)
(4.94624e-05 0.0212485 0)
(-0.012182 0.0452123 0)
(0.0219557 0.03471 0)
(0.00797716 0.0263827 0)
(-0.00767686 0.0352341 0)
(0.0118092 0.0567889 0)
(0.0354221 0.0359513 0)
(0.0430824 0.0184643 0)
(0.0420773 0.0222749 0)
(0.0434252 0.0202007 0)
(0.0406511 0.0117962 0)
(0.0291194 0.0150709 0)
(0.0192606 0.00942972 0)
(0.0126999 0.0013212 0)
(0.00826108 -0.00532437 0)
(0.00462299 -0.0121681 0)
(-0.00167477 -0.0172894 0)
(-0.00284657 -0.0238121 0)
(-0.00150005 -0.0322389 0)
(-0.00600164 -0.0423931 0)
(-0.0123222 -0.050272 0)
(-0.0109674 -0.0314213 0)
(-0.0121013 -0.0105317 0)
(-0.0171696 0.0296855 0)
(0.00517561 0.0249028 0)
(0.00431122 0.0307289 0)
(0.00686557 0.0411535 0)
(0.00156592 0.0357765 0)
(0.018222 0.0344077 0)
(0.0379537 0.0211709 0)
(0.0453362 0.0132778 0)
(0.0502785 0.0207506 0)
(0.0518498 0.0216981 0)
(0.0457861 0.0222764 0)
(0.039357 0.0268744 0)
(0.0349759 0.0197681 0)
(0.0295453 0.00979846 0)
(0.0234203 0.00158427 0)
(0.0171229 -0.00465399 0)
(0.0100185 -0.0100955 0)
(0.0013623 -0.0202607 0)
(-0.00957745 -0.0265661 0)
(-0.0209672 -0.0339983 0)
(-0.0265837 -0.0453956 0)
(-0.0243971 -0.037533 0)
(-0.0166665 -0.0140971 0)
(-0.0038607 0.012964 0)
(0.0220915 -0.0040492 0)
(0.00270702 0.0230511 0)
(0.0134739 0.0323273 0)
(0.0220767 0.0269524 0)
(0.0311917 0.0161309 0)
(0.0381731 0.0111051 0)
(0.0391956 0.00939707 0)
(0.0390421 0.017153 0)
(0.0397925 0.0239365 0)
(0.0389621 0.0263077 0)
(0.0377954 0.0270716 0)
(0.0367097 0.0220003 0)
(0.0337383 0.0145393 0)
(0.0290967 0.00754397 0)
(0.0236358 0.00202211 0)
(0.0175932 -0.00244019 0)
(0.0104995 -0.00804673 0)
(0.0026298 -0.0135295 0)
(-0.00522862 -0.0230981 0)
(-0.0134071 -0.0394095 0)
(-0.0173006 -0.0418313 0)
(-0.0116871 -0.0274721 0)
(0.00453729 -0.00770414 0)
(0.0223145 -0.0193398 0)
(0.00431879 0.0148226 0)
(0.0141939 0.0197156 0)
(0.02251 0.0176416 0)
(0.0275953 0.0125482 0)
(0.0294556 0.0102357 0)
(0.02855 0.0113866 0)
(0.0276419 0.0172512 0)
(0.0282771 0.023069 0)
(0.0293378 0.0258387 0)
(0.0305791 0.0260558 0)
(0.0313761 0.0226115 0)
(0.0304826 0.0172789 0)
(0.0279283 0.0117077 0)
(0.0244062 0.00683709 0)
(0.0205857 0.00264196 0)
(0.0166414 -0.00211331 0)
(0.0129247 -0.00797105 0)
(0.00945596 -0.0174082 0)
(0.00362709 -0.0319325 0)
(-0.00404038 -0.0404549 0)
(-0.00639031 -0.0350376 0)
(0.00159307 -0.0215859 0)
(0.00929317 -0.0241475 0)
(0.00382842 0.00631959 0)
(0.0102404 0.0114946 0)
(0.0154261 0.0120825 0)
(0.0180226 0.0108811 0)
(0.0182541 0.0108042 0)
(0.0171692 0.0129402 0)
(0.0165274 0.0174091 0)
(0.0173226 0.0217494 0)
(0.0190428 0.0241089 0)
(0.0211219 0.0242984 0)
(0.0227724 0.0219822 0)
(0.0232064 0.0181517 0)
(0.0224263 0.0137738 0)
(0.0208809 0.00945943 0)
(0.0191013 0.00524305 0)
(0.0173659 0.000388782 0)
(0.0157657 -0.00577933 0)
(0.0138379 -0.0143676 0)
(0.00985859 -0.0251837 0)
(0.00341786 -0.0336761 0)
(-0.00258637 -0.0340461 0)
(-0.00352884 -0.0267283 0)
(-0.00291727 -0.0228963 0)
(0.00174128 0.00162124 0)
(0.00482384 0.00725325 0)
(0.00712238 0.00942189 0)
(0.0079927 0.0102428 0)
(0.00758199 0.0114454 0)
(0.00669185 0.0137933 0)
(0.00639879 0.0171966 0)
(0.00729747 0.0203327 0)
(0.00909103 0.0220737 0)
(0.0112556 0.0221945 0)
(0.0131979 0.0205707 0)
(0.0144299 0.0177021 0)
(0.0148875 0.0141453 0)
(0.0147821 0.0102905 0)
(0.0144183 0.00615526 0)
(0.0139502 0.00132897 0)
(0.0132761 -0.00463079 0)
(0.0118374 -0.0120873 0)
(0.00849864 -0.0204167 0)
(0.00299697 -0.0269491 0)
(-0.00294545 -0.0284126 0)
(-0.00668552 -0.0247889 0)
(-0.00888974 -0.0206025 0)
(-0.000480738 0.000289958 0)
(-7.65897e-05 0.00595962 0)
(-2.7213e-05 0.00881047 0)
(-0.00047214 0.0105301 0)
(-0.00134882 0.012209 0)
(-0.00216433 0.0143408 0)
(-0.0023156 0.0168389 0)
(-0.00149379 0.0189922 0)
(0.000101779 0.0201443 0)
(0.00208979 0.0200994 0)
(0.00406641 0.0187959 0)
(0.00569572 0.0164765 0)
(0.00685897 0.0134606 0)
(0.00761377 0.00998733 0)
(0.0080832 0.00607674 0)
(0.00828656 0.0015349 0)
(0.00803917 -0.00383064 0)
(0.00687485 -0.0100264 0)
(0.00411189 -0.0164439 0)
(-0.000387099 -0.0214937 0)
(-0.00553667 -0.0231246 0)
(-0.00972324 -0.0212367 0)
(-0.0127578 -0.0178932 0)
(-0.00226129 0.0020487 0)
(-0.00388543 0.00696778 0)
(-0.00549613 0.00975709 0)
(-0.00696474 0.011602 0)
(-0.00828515 0.0131968 0)
(-0.00920337 0.0148623 0)
(-0.00942016 0.0165471 0)
(-0.00880369 0.0178739 0)
(-0.00749601 0.0184696 0)
(-0.00576748 0.0181727 0)
(-0.00391211 0.0169427 0)
(-0.00218157 0.0149024 0)
(-0.00071048 0.0122334 0)
(0.000468912 0.00908011 0)
(0.00135886 0.005477 0)
(0.00189501 0.00136627 0)
(0.00188481 -0.00327712 0)
(0.000996335 -0.00830924 0)
(-0.00116428 -0.013232 0)
(-0.00468322 -0.0170927 0)
(-0.00887858 -0.0186369 0)
(-0.012683 -0.0176377 0)
(-0.0157116 -0.0151087 0)
(-0.00347819 0.00602675 0)
(-0.00658866 0.00969695 0)
(-0.009387 0.0118761 0)
(-0.0116302 0.0133311 0)
(-0.0133625 0.0144781 0)
(-0.014483 0.0155255 0)
(-0.0148769 0.0164479 0)
(-0.0145169 0.0170431 0)
(-0.0135211 0.0170957 0)
(-0.012091 0.0164878 0)
(-0.0104499 0.0151881 0)
(-0.00879739 0.0132586 0)
(-0.00727059 0.0108037 0)
(-0.0059503 0.00791583 0)
(-0.0049003 0.0046425 0)
(-0.00422257 0.00100234 0)
(-0.00408744 -0.00294192 0)
(-0.00472209 -0.00700123 0)
(-0.00633879 -0.0107804 0)
(-0.00895684 -0.0136688 0)
(-0.0121856 -0.0149765 0)
(-0.0153391 -0.0144442 0)
(-0.0179765 -0.0125575 0)
(-0.00425569 0.0114904 0)
(-0.0083596 0.0136082 0)
(-0.0119612 0.0148331 0)
(-0.0147588 0.0155799 0)
(-0.0168331 0.0160592 0)
(-0.0181754 0.0163994 0)
(-0.0187791 0.0165864 0)
(-0.0186783 0.0165064 0)
(-0.0179823 0.0160316 0)
(-0.0168516 0.0150808 0)
(-0.0154637 0.0136285 0)
(-0.0139839 0.0117057 0)
(-0.0125449 0.0093747 0)
(-0.0112487 0.00670125 0)
(-0.0101879 0.00373958 0)
(-0.00947326 0.000545369 0)
(-0.00924484 -0.0027834 0)
(-0.00965504 -0.00606192 0)
(-0.0108157 -0.0089865 0)
(-0.0127031 -0.0111509 0)
(-0.0150632 -0.0121598 0)
(-0.0174626 -0.0118536 0)
(-0.0195213 -0.0104735 0)
(-0.00469887 0.0178507 0)
(-0.00938645 0.0182689 0)
(-0.0134826 0.0183458 0)
(-0.0166393 0.0182048 0)
(-0.0189598 0.0178941 0)
(-0.0204896 0.0174825 0)
(-0.0212841 0.0169547 0)
(-0.0214128 0.0162402 0)
(-0.0209815 0.0152584 0)
(-0.0201259 0.0139529 0)
(-0.0189928 0.0123029 0)
(-0.0177233 0.0103237 0)
(-0.016441 0.00805516 0)
(-0.0152523 0.0055478 0)
(-0.0142563 0.00285687 0)
(-0.0135571 5.0976e-05 0)
(-0.0132652 -0.00276605 0)
(-0.0134811 -0.00543369 0)
(-0.0142604 -0.00772571 0)
(-0.0155619 -0.00937306 0)
(-0.0172057 -0.0101385 0)
(-0.0189033 -0.00993891 0)
(-0.0203812 -0.00892622 0)
(-0.00487536 0.024666 0)
(-0.00983309 0.0233365 0)
(-0.0141767 0.0221796 0)
(-0.0175183 0.0210612 0)
(-0.0199764 0.0199049 0)
(-0.0216296 0.0187304 0)
(-0.0225671 0.017513 0)
(-0.0228771 0.0162007 0)
(-0.0226631 0.0147369 0)
(-0.0220437 0.01308 0)
(-0.0211442 0.011212 0)
(-0.0200868 0.00914012 0)
(-0.0189834 0.00689118 0)
(-0.017935 0.00450561 0)
(-0.0170354 0.00203494 0)
(-0.0163752 -0.000453015 0)
(-0.0160391 -0.00286356 0)
(-0.0160929 -0.00506652 0)
(-0.0165609 -0.00689766 0)
(-0.0173986 -0.0081799 0)
(-0.0184753 -0.00877133 0)
(-0.0195964 -0.00863259 0)
(-0.0205726 -0.00786552 0)
(-0.0048393 0.0316019 0)
(-0.00982691 0.0285449 0)
(-0.0142161 0.0261379 0)
(-0.0175879 0.0240106 0)
(-0.0200749 0.0220003 0)
(-0.0217761 0.0200784 0)
(-0.0227968 0.0182057 0)
(-0.0232331 0.0163346 0)
(-0.0231844 0.014419 0)
(-0.0227566 0.0124248 0)
(-0.0220583 0.0103349 0)
(-0.0211954 0.00815123 0)
(-0.0202669 0.00589209 0)
(-0.0193635 0.00358953 0)
(-0.0185681 0.00128823 0)
(-0.0179562 -0.000951972 0)
(-0.0175915 -0.00305185 0)
(-0.017517 -0.00491089 0)
(-0.0177404 -0.00641256 0)
(-0.018221 -0.00744151 0)
(-0.0188637 -0.00791408 0)
(-0.0195352 -0.00781519 0)
(-0.0201057 -0.00721661 0)
(-0.00463046 0.0383975 0)
(-0.0094603 0.0336847 0)
(-0.0137256 0.0300494 0)
(-0.0169907 0.0269274 0)
(-0.0194076 0.0240896 0)
(-0.021083 0.0214575 0)
(-0.0221265 0.0189738 0)
(-0.022635 0.0165877 0)
(-0.0227019 0.0142559 0)
(-0.0224218 0.0119465 0)
(-0.021889 0.00964157 0)
(-0.0211949 0.00733858 0)
(-0.0204251 0.00504908 0)
(-0.019658 0.00279726 0)
(-0.018964 0.000619296 0)
(-0.0184039 -0.00143606 0)
(-0.0180253 -0.00330655 0)
(-0.0178559 -0.00491771 0)
(-0.0178957 -0.00618891 0)
(-0.0181102 -0.00704627 0)
(-0.01843 -0.00744202 0)
(-0.018763 -0.00737498 0)
(-0.0190189 -0.00689908 0)
(-0.00430163 0.0448296 0)
(-0.00879866 0.0385761 0)
(-0.0127899 0.0337653 0)
(-0.0158348 0.0297039 0)
(-0.0180972 0.0260914 0)
(-0.0196811 0.0228033 0)
(-0.0206935 0.0197624 0)
(-0.0212263 0.0169107 0)
(-0.0213653 0.0142031 0)
(-0.0211937 0.0116064 0)
(-0.0207931 0.00910073 0)
(-0.0202411 0.00667897 0)
(-0.0196103 0.00434654 0)
(-0.0189667 0.00212008 0)
(-0.0183679 2.66761e-05 0)
(-0.0178618 -0.00189661 0)
(-0.0174837 -0.00360357 0)
(-0.0172514 -0.00504132 0)
(-0.0171613 -0.00615585 0)
(-0.0171853 -0.0069014 0)
(-0.0172729 -0.00725276 0)
(-0.017359 -0.00721694 0)
(-0.01738 -0.00683737 0)
(-0.00388437 0.0507163 0)
(-0.0078932 0.0430534 0)
(-0.0114825 0.0371635 0)
(-0.0142136 0.0322489 0)
(-0.0162494 0.027936 0)
(-0.0176864 0.02406 0)
(-0.0186224 0.0205242 0)
(-0.0191405 0.0172616 0)
(-0.0193163 0.0142225 0)
(-0.0192215 0.011371 0)
(-0.0189251 0.00868394 0)
(-0.018492 0.00614975 0)
(-0.0179823 0.00376799 0)
(-0.0174498 0.00154811 0)
(-0.0169406 -0.000491608 0)
(-0.0164916 -0.00232512 0)
(-0.0161284 -0.00392023 0)
(-0.0158624 -0.00524132 0)
(-0.0156884 -0.00625398 0)
(-0.0155842 -0.00693172 0)
(-0.0155123 -0.00726385 0)
(-0.0154262 -0.00726241 0)
(-0.01528 -0.0069645 0)
(-0.00337744 0.0559113 0)
(-0.0067863 0.0469828 0)
(-0.0098739 0.0401432 0)
(-0.0122103 0.0344844 0)
(-0.013959 0.0295648 0)
(-0.0152049 0.0251823 0)
(-0.0160302 0.0212218 0)
(-0.0165044 0.0176073 0)
(-0.0166908 0.0142843 0)
(-0.0166491 0.0112135 0)
(-0.0164357 0.00836791 0)
(-0.0161036 0.00573181 0)
(-0.0157009 0.00329927 0)
(-0.0152702 0.0010731 0)
(-0.0148472 -0.000936385 0)
(-0.0144596 -0.00271283 0)
(-0.0141256 -0.00423568 0)
(-0.013852 -0.00548279 0)
(-0.0136331 -0.00643415 0)
(-0.0134513 -0.00707661 0)
(-0.0132783 -0.00740905 0)
(-0.0130802 -0.0074467 0)
(-0.0128232 -0.0072227 0)
(-0.00279348 0.0602861 0)
(-0.0055145 0.0502646 0)
(-0.00802049 0.0426182 0)
(-0.00989656 0.036346 0)
(-0.0113133 0.0309328 0)
(-0.012338 0.0261372 0)
(-0.0130298 0.0218287 0)
(-0.013441 0.0179249 0)
(-0.0136208 0.0143677 0)
(-0.0136162 0.0111148 0)
(-0.0134716 0.00813593 0)
(-0.013228 0.00541134 0)
(-0.0129227 0.00293031 0)
(-0.0125878 0.00068992 0)
(-0.01225 -0.00130639 0)
(-0.0119294 -0.00305036 0)
(-0.0116381 -0.00453074 0)
(-0.0113796 -0.00573572 0)
(-0.0111483 -0.00665576 0)
(-0.0109298 -0.00728708 0)
(-0.0107025 -0.00763499 0)
(-0.0104411 -0.00771677 0)
(-0.0101203 -0.00756294 0)
(-0.00214567 0.0637346 0)
(-0.00410566 0.0528216 0)
(-0.00597101 0.0445175 0)
(-0.00733993 0.0377856 0)
(-0.00839846 0.0320114 0)
(-0.00918731 0.0269055 0)
(-0.00973462 0.0223297 0)
(-0.0100728 0.0182011 0)
(-0.0102363 0.0144604 0)
(-0.0102595 0.0110635 0)
(-0.0101748 0.00797762 0)
(-0.0100121 0.00517982 0)
(-0.00979819 0.00265539 0)
(-0.00955615 0.000396688 0)
(-0.00930457 -0.00159841 0)
(-0.00905685 -0.00332802 0)
(-0.0088205 -0.00478812 0)
(-0.00859656 -0.00597459 0)
(-0.00837936 -0.00688552 0)
(-0.00815701 -0.00752366 0)
(-0.00791275 -0.00789876 0)
(-0.00762703 -0.00802941 0)
(-0.00728073 -0.00794427 0)
(-0.00139161 0.0661535 0)
(-0.00254675 0.0546024 0)
(-0.00376393 0.0458057 0)
(-0.0046146 0.038776 0)
(-0.0053085 0.0327901 0)
(-0.00586019 0.0274805 0)
(-0.00626062 0.0227188 0)
(-0.00652216 0.0184296 0)
(-0.00666533 0.014556 0)
(-0.00671177 0.0110533 0)
(-0.00668231 0.00788731 0)
(-0.00659624 0.00503269 0)
(-0.00647074 0.00247184 0)
(-0.0063204 0.000193575 0)
(-0.00615673 -0.00180835 0)
(-0.00598756 -0.0035368 0)
(-0.00581662 -0.00499303 0)
(-0.00564298 -0.0061785 0)
(-0.00546102 -0.00709672 0)
(-0.00526077 -0.00775505 0)
(-0.00502886 -0.00816629 0)
(-0.00474998 -0.00834986 0)
(-0.0044092 -0.00833306 0)
(-0.000409004 0.0674727 0)
(-0.00077369 0.0555932 0)
(-0.00141802 0.0465158 0)
(-0.00180141 0.0393353 0)
(-0.00215476 0.0332721 0)
(-0.00247204 0.0278628 0)
(-0.00272597 0.0229947 0)
(-0.00291055 0.0186085 0)
(-0.0030324 0.0146519 0)
(-0.00310057 0.0110813 0)
(-0.00312441 0.00786209 0)
(-0.00311289 0.00496754 0)
(-0.00307416 0.0023784 0)
(-0.00301513 8.13095e-05 0)
(-0.00294103 -0.00193258 0)
(-0.00285496 -0.00366933 0)
(-0.00275751 -0.00513377 0)
(-0.00264628 -0.00633114 0)
(-0.00251575 -0.00726871 0)
(-0.00235742 -0.00795702 0)
(-0.00216043 -0.00841099 0)
(-0.00191257 -0.00865062 0)
(-0.00160187 -0.00870214 0)
(0.000741248 0.0672542 0)
(0.00115145 0.0559144 0)
(0.00101487 0.0467361 0)
(0.00102274 0.0395295 0)
(0.000964172 0.0334762 0)
(0.000868058 0.0280571 0)
(0.000756928 0.0231588 0)
(0.000646838 0.0187381 0)
(0.000544712 0.0147479 0)
(0.000454309 0.0111467 0)
(0.000377662 0.00790048 0)
(0.000315722 0.00498285 0)
(0.000268835 0.00237414 0)
(0.000237147 6.02855e-05 0)
(0.000220939 -0.00196872 0)
(0.000221105 -0.00372052 0)
(0.000239635 -0.00520197 0)
(0.000280013 -0.00642064 0)
(0.000347558 -0.0073862 0)
(0.000449522 -0.00811139 0)
(0.00059484 -0.00861262 0)
(0.000793457 -0.00891034 0)
(0.0010552 -0.00902995 0)
(0.00185028 0.0654682 0)
(0.00301709 0.0555395 0)
(0.00340283 0.0465144 0)
(0.00375985 0.0394157 0)
(0.00396384 0.0334345 0)
(0.0040674 0.0280749 0)
(0.00408831 0.0232176 0)
(0.00404562 0.0188225 0)
(0.00395882 0.0148461 0)
(0.00384407 0.0112498 0)
(0.00371427 0.00800187 0)
(0.00357974 0.00507735 0)
(0.00344868 0.00245781 0)
(0.00332759 0.000129941 0)
(0.00322166 -0.00191597 0)
(0.00313519 -0.00368762 0)
(0.00307219 -0.00519245 0)
(0.00303683 -0.00643909 0)
(0.00303405 -0.00743859 0)
(0.00306993 -0.00820513 0)
(0.00315185 -0.00875628 0)
(0.00328807 -0.00911295 0)
(0.00348694 -0.00929995 0)
(0.00268519 0.062404 0)
(0.00460167 0.0543764 0)
(0.0055748 0.0458476 0)
(0.00628952 0.0390048 0)
(0.00675495 0.0331672 0)
(0.00704369 0.0279329 0)
(0.00718033 0.0231829 0)
(0.0071938 0.0188693 0)
(0.00711569 0.0149509 0)
(0.00697341 0.0113926 0)
(0.00678979 0.00816613 0)
(0.00658368 0.00524976 0)
(0.00637043 0.0026276 0)
(0.00616228 0.000288563 0)
(0.00596872 -0.00177524 0)
(0.00579696 -0.0035702 0)
(0.00565249 -0.00510299 0)
(0.00553976 -0.00638217 0)
(0.00546303 -0.00741932 0)
(0.00542718 -0.00822962 0)
(0.00543822 -0.00883167 0)
(0.00550318 -0.00924701 0)
(0.00562949 -0.00950012 0)
(0.00315613 0.0584006 0)
(0.00578026 0.0524165 0)
(0.00739357 0.0446942 0)
(0.0085169 0.0382651 0)
(0.00925862 0.0326766 0)
(0.00971961 0.0276479 0)
(0.0099552 0.0230693 0)
(0.0100129 0.0188884 0)
(0.00993626 0.0150677 0)
(0.00976295 0.0115772 0)
(0.00952477 0.00839327 0)
(0.00924828 0.00549853 0)
(0.0089553 0.0028811 0)
(0.00866325 0.000533482 0)
(0.00838543 -0.00154897 0)
(0.00813148 -0.00336993 0)
(0.00790791 -0.00493405 0)
(0.007719 -0.00624873 0)
(0.00756791 -0.0073254 0)
(0.00745808 -0.00818001 0)
(0.00739424 -0.00883239 0)
(0.00738259 -0.009305 0)
(0.00743019 -0.00962239 0)
(0.00335259 0.0537948 0)
(0.00660691 0.0497335 0)
(0.00884424 0.0430128 0)
(0.0103893 0.0371657 0)
(0.0114058 0.0319636 0)
(0.0120281 0.0272327 0)
(0.0123502 0.022889 0)
(0.0124418 0.0188887 0)
(0.0123597 0.015202 0)
(0.0121517 0.011806 0)
(0.011858 0.00868322 0)
(0.0115121 0.00582193 0)
(0.0111419 0.00321545 0)
(0.0107694 0.000861197 0)
(0.0104114 -0.00124087 0)
(0.0100796 -0.00309033 0)
(0.00978105 -0.00468847 0)
(0.00951941 -0.00604043 0)
(0.00929615 -0.0071569 0)
(0.0091128 -0.00805465 0)
(0.00897284 -0.00875527 0)
(0.00888205 -0.00928274 0)
(0.00884775 -0.0096621 0)
(0.00342124 0.0488289 0)
(0.00720534 0.0464338 0)
(0.00998416 0.0408289 0)
(0.011906 0.035721 0)
(0.0131698 0.0310407 0)
(0.0139355 0.0266997 0)
(0.0143293 0.0226536 0)
(0.0144429 0.018879 0)
(0.0143471 0.0153594 0)
(0.0140994 0.0120817 0)
(0.0137481 0.00903634 0)
(0.013333 0.00621848 0)
(0.0128874 0.00362782 0)
(0.0124376 0.00126792 0)
(0.0120033 -0.000855396 0)
(0.0115983 -0.00273618 0)
(0.01123 -0.00437089 0)
(0.0109007 -0.00576118 0)
(0.0106094 -0.00691636 0)
(0.0103551 -0.0078544 0)
(0.0101398 -0.00859969 0)
(0.00996943 -0.00917875 0)
(0.00985245 -0.00961752 0)
(0.00347242 0.0436149 0)
(0.00767295 0.0426318 0)
(0.0108857 0.0382266 0)
(0.0131114 0.0339861 0)
(0.0145713 0.0299402 0)
(0.0154455 0.026071 0)
(0.0158861 0.0223798 0)
(0.0160036 0.0188715 0)
(0.0158816 0.0155479 0)
(0.0155869 0.0124088 0)
(0.0151741 0.00945425 0)
(0.0146887 0.00668767 0)
(0.0141683 0.00411617 0)
(0.013643 0.00175039 0)
(0.0131355 -0.000396843 0)
(0.0126614 -0.00231266 0)
(0.0122286 -0.00398707 0)
(0.0118377 -0.00541656 0)
(0.011484 -0.00660813 0)
(0.0111624 -0.00758181 0)
(0.0108737 -0.00836678 0)
(0.0106249 -0.00899351 0)
(0.0104265 -0.00948933 0)
(0.00355603 0.0381801 0)
(0.00806609 0.0384377 0)
(0.011611 0.0353062 0)
(0.0140604 0.0320363 0)
(0.015651 0.0287144 0)
(0.0165839 0.0253837 0)
(0.0170346 0.0220941 0)
(0.0171307 0.0188844 0)
(0.0169662 0.0157793 0)
(0.0166145 0.012794 0)
(0.0161352 0.00994013 0)
(0.0155774 0.00723033 0)
(0.0149816 0.00467978 0)
(0.014381 0.00230673 0)
(0.0138014 0.000131713 0)
(0.0132605 -0.00182429 0)
(0.0127672 -0.00354288 0)
(0.0123207 -0.00501302 0)
(0.0119106 -0.00623763 0)
(0.0115262 -0.0072403 0)
(0.0111663 -0.00805861 0)
(0.010841 -0.00872902 0)
(0.0105643 -0.00928038 0)
(0.00365689 0.0325321 0)
(0.00838911 0.0339407 0)
(0.0121929 0.0321577 0)
(0.0147975 0.029949 0)
(0.0164488 0.0274264 0)
(0.0173811 0.0246865 0)
(0.017798 0.0218317 0)
(0.0178432 0.0189414 0)
(0.0176184 0.016068 0)
(0.0172006 0.0132452 0)
(0.0166505 0.0104979 0)
(0.0160184 0.00784824 0)
(0.015346 0.00531955 0)
(0.0146685 0.00293741 0)
(0.0140145 0.000729947 0)
(0.0134053 -0.00127307 0)
(0.0128526 -0.00304279 0)
(0.0123549 -0.00455684 0)
(0.0118945 -0.00581035 0)
(0.0114507 -0.006833 0)
(0.0110212 -0.00767729 0)
(0.0106217 -0.00838834 0)
(0.0102718 -0.00899584 0)
(0.00372272 0.026713 0)
(0.00863384 0.0292018 0)
(0.0126464 0.0288438 0)
(0.0153486 0.0277942 0)
(0.0169884 0.0261432 0)
(0.0178574 0.0240335 0)
(0.0181968 0.0216306 0)
(0.0181654 0.0190658 0)
(0.0178681 0.0164265 0)
(0.01738 0.0137683 0)
(0.0167594 0.0111298 0)
(0.016054 0.00854286 0)
(0.0153044 0.00603788 0)
(0.0145463 0.0036463 0)
(0.0138112 0.00140243 0)
(0.0131258 -0.000655716 0)
(0.012508 -0.00248709 0)
(0.0119596 -0.00405239 0)
(0.0114529 -0.00533041 0)
(0.0109514 -0.00636108 0)
(0.0104516 -0.00722401 0)
(0.00998054 -0.00797566 0)
(0.00956574 -0.00864378 0)
(0.00381556 0.0207694 0)
(0.0089153 0.0242485 0)
(0.0130098 0.0254124 0)
(0.0157128 0.0256436 0)
(0.0172587 0.0249348 0)
(0.01801 0.0234763 0)
(0.0182436 0.0215212 0)
(0.018126 0.0192717 0)
(0.0177578 0.0168583 0)
(0.0172066 0.0143609 0)
(0.0165239 0.011832 0)
(0.0157514 0.00931211 0)
(0.014926 0.00683648 0)
(0.0140821 0.00443984 0)
(0.0132535 0.00215952 0)
(0.0124737 3.8953e-05 0)
(0.011773 -0.00186899 0)
(0.0111656 -0.00350096 0)
(0.0106117 -0.0047997 0)
(0.0100493 -0.00582198 0)
(0.00947534 -0.00669837 0)
(0.00893758 -0.0074972 0)
(0.00847184 -0.00823688 0)
(0.00436895 0.0145029 0)
(0.00952377 0.0192155 0)
(0.0133175 0.0220287 0)
(0.015822 0.0236184 0)
(0.0171951 0.0238736 0)
(0.0178121 0.0230485 0)
(0.0179495 0.0215111 0)
(0.0177658 0.0195513 0)
(0.0173495 0.0173479 0)
(0.0167574 0.015005 0)
(0.0160312 0.0125878 0)
(0.0152049 0.0101433 0)
(0.0143089 0.00770942 0)
(0.0133739 0.00532063 0)
(0.0124338 0.00301249 0)
(0.0115284 0.000827631 0)
(0.010706 -0.00117551 0)
(0.0100127 -0.00290532 0)
(0.00939583 -0.00422304 0)
(0.00876229 -0.00521068 0)
(0.00810798 -0.00610096 0)
(0.0075151 -0.00696508 0)
(0.00702331 -0.00779583 0)
(0.00563661 0.0070807 0)
(0.0103246 0.014552 0)
(0.0133832 0.0191076 0)
(0.0155038 0.0218879 0)
(0.0167025 0.0229909 0)
(0.0172463 0.0227288 0)
(0.0173522 0.0215646 0)
(0.0171559 0.0198681 0)
(0.0167348 0.0178624 0)
(0.0161365 0.015673 0)
(0.0153942 0.0133761 0)
(0.0145337 0.0110237 0)
(0.0135779 0.0086546 0)
(0.0125505 0.00629996 0)
(0.0114801 0.00398783 0)
(0.0104059 0.00174916 0)
(0.00939262 -0.000368632 0)
(0.00855078 -0.00225498 0)
(0.00781152 -0.00360003 0)
(0.00709134 -0.00451804 0)
(0.00635473 -0.00544225 0)
(0.00573664 -0.00640803 0)
(0.00526299 -0.00735645 0)
(0.00598869 0.000105676 0)
(0.0107501 0.0115686 0)
(0.0129091 0.0170459 0)
(0.0146451 0.020418 0)
(0.0157914 0.0221125 0)
(0.0163944 0.0223547 0)
(0.0165696 0.021577 0)
(0.016431 0.0201734 0)
(0.0160549 0.018396 0)
(0.0154873 0.0163919 0)
(0.0147574 0.014251 0)
(0.0138852 0.0120321 0)
(0.0128859 0.00977552 0)
(0.0117734 0.00750842 0)
(0.0105631 0.00524643 0)
(0.00927739 0.00299408 0)
(0.0079791 0.000755678 0)
(0.00687017 -0.00137338 0)
(0.00577592 -0.00279608 0)
(0.00497906 -0.00369383 0)
(0.00420016 -0.00475406 0)
(0.00363441 -0.00588685 0)
(0.00325413 -0.00697913 0)
(-0.000431274 -0.0101441 0)
(0.00938465 0.00471094 0)
(0.0109408 0.013277 0)
(0.0131671 0.0179853 0)
(0.014679 0.0205821 0)
(0.0155413 0.0215852 0)
(0.0158906 0.0214005 0)
(0.0158644 0.0204317 0)
(0.0155615 0.0189805 0)
(0.0150406 0.0172381 0)
(0.0143355 0.0153224 0)
(0.013465 0.0133082 0)
(0.0124392 0.0112454 0)
(0.0112604 0.00916649 0)
(0.00992087 0.00709058 0)
(0.00841158 0.00502549 0)
(0.00679359 0.00294218 0)
(0.00529948 0.000615579 0)
(0.00284354 -0.00111853 0)
(0.00216557 -0.00248509 0)
(0.00159181 -0.00401231 0)
(0.00127163 -0.00544263 0)
(0.00109622 -0.00670892 0)
(-0.025985 -0.0146037 0)
(-0.016308 -0.0112322 0)
(-0.00959051 -0.011132 0)
(0.000839955 -0.0136693 0)
(-0.0196325 -0.0222501 0)
(-0.0165462 -0.0213452 0)
(-0.0130754 -0.0209573 0)
(-0.00993086 -0.0210247 0)
(-0.0203215 -0.024113 0)
(-0.0182634 -0.023108 0)
(-0.0158441 -0.0226931 0)
(-0.0138835 -0.0227362 0)
(-0.0266129 -0.026205 0)
(-0.0213283 -0.0270059 0)
(-0.0146127 -0.0259085 0)
(-0.0109901 -0.0237734 0)
(-0.0281058 -0.0434387 0)
(-0.0199229 -0.0632925 0)
(-0.00901561 -0.0569473 0)
(0.000642296 -0.0394802 0)
(-0.00881094 -0.0377547 0)
(-0.00989071 -0.0687863 0)
(-0.0137553 -0.0590004 0)
(-0.017196 -0.0402845 0)
(0.0158254 -0.0346624 0)
(0.011893 -0.0594565 0)
(0.00238947 -0.0423782 0)
(-0.00886127 -0.0257168 0)
(0.0293406 -0.0331389 0)
(0.0254659 -0.0398691 0)
(0.0190142 -0.0232106 0)
(0.013217 -0.00924939 0)
(0.0230739 -0.0301782 0)
(0.0182694 -0.027189 0)
(0.0137633 -0.0150192 0)
(0.013496 -0.00794456 0)
(0.00555949 -0.0238331 0)
(0.0027463 -0.0188322 0)
(0.00168201 -0.0139159 0)
(0.00213103 -0.0120353 0)
(-0.00481101 -0.0192455 0)
(-0.00599345 -0.016408 0)
(-0.00659401 -0.0139953 0)
(-0.00670758 -0.0129097 0)
(-0.0106127 -0.0170553 0)
(-0.0115455 -0.0148452 0)
(-0.0122426 -0.0130727 0)
(-0.0127974 -0.0120374 0)
(-0.0145125 -0.0148858 0)
(-0.0154558 -0.0130264 0)
(-0.0162479 -0.0115225 0)
(-0.0169664 -0.0104854 0)
(-0.0174106 -0.0126858 0)
(-0.0183168 -0.0111786 0)
(-0.0190752 -0.00989687 0)
(-0.0197594 -0.00890868 0)
(-0.0194378 -0.0106813 0)
(-0.0202173 -0.00950978 0)
(-0.0208726 -0.00845399 0)
(-0.021451 -0.0075638 0)
(-0.0206646 -0.00904922 0)
(-0.0212817 -0.00813437 0)
(-0.0218022 -0.00727472 0)
(-0.0222531 -0.00650281 0)
(-0.0212069 -0.007823 0)
(-0.0216514 -0.00709706 0)
(-0.0220221 -0.00639307 0)
(-0.0223347 -0.0057346 0)
(-0.0211077 -0.00698958 0)
(-0.0213881 -0.00640352 0)
(-0.0216126 -0.00582098 0)
(-0.0217902 -0.0052593 0)
(-0.0203937 -0.00650647 0)
(-0.0205305 -0.00602508 0)
(-0.0206243 -0.00553709 0)
(-0.0206803 -0.00505535 0)
(-0.0191074 -0.00631535 0)
(-0.0191264 -0.00591479 0)
(-0.0191111 -0.00550199 0)
(-0.0190647 -0.00508666 0)
(-0.0173154 -0.00635492 0)
(-0.0172428 -0.0060195 0)
(-0.0171418 -0.00566871 0)
(-0.0170141 -0.0053101 0)
(-0.0151041 -0.00656712 0)
(-0.0149645 -0.00628663 0)
(-0.0148003 -0.00598916 0)
(-0.0146127 -0.00568071 0)
(-0.0125727 -0.00689982 0)
(-0.0123883 -0.00666762 0)
(-0.0121819 -0.00641774 0)
(-0.011954 -0.00615509 0)
(-0.00982655 -0.00730764 0)
(-0.00961655 -0.0071194 0)
(-0.00938631 -0.00691329 0)
(-0.00913617 -0.00669344 0)
(-0.0069704 -0.00775204 0)
(-0.00675128 -0.00760486 0)
(-0.00651314 -0.00743984 0)
(-0.00625623 -0.00726051 0)
(-0.00410416 -0.00820086 0)
(-0.0038896 -0.0080927 0)
(-0.00365691 -0.00796674 0)
(-0.00340634 -0.00782605 0)
(-0.00131976 -0.00862772 0)
(-0.00112081 -0.00855704 0)
(-0.000904446 -0.00846848 0)
(-0.000670936 -0.0083648 0)
(0.0013006 -0.00901154 0)
(0.00147528 -0.00897704 0)
(0.00166675 -0.00892449 0)
(0.00187473 -0.00885637 0)
(0.00368527 -0.00933596 0)
(0.00382914 -0.00933654 0)
(0.00398924 -0.00931878 0)
(0.00416528 -0.00928499 0)
(0.00577335 -0.00958902 0)
(0.00588174 -0.00962367 0)
(0.00600585 -0.00963969 0)
(0.00614542 -0.0096392 0)
(0.00751481 -0.00976266 0)
(0.00758469 -0.00983046 0)
(0.00766987 -0.00987942 0)
(0.00777016 -0.00991149 0)
(0.00887062 -0.00985228 0)
(0.00890046 -0.00995246 0)
(0.00894531 -0.0100337 0)
(0.00900508 -0.0100979 0)
(0.00981313 -0.00985632 0)
(0.0098028 -0.0099883 0)
(0.00980738 -0.0101016 0)
(0.00982692 -0.0101979 0)
(0.0103265 -0.00977595 0)
(0.0102773 -0.00993956 0)
(0.0102431 -0.0100851 0)
(0.0102242 -0.0102138 0)
(0.0104072 -0.00961496 0)
(0.0103217 -0.00981068 0)
(0.0102518 -0.00998913 0)
(0.0101979 -0.0101514 0)
(0.0100636 -0.00938011 0)
(0.00994626 -0.00960934 0)
(0.00984552 -0.00982233 0)
(0.00976166 -0.0100198 0)
(0.00931566 -0.00908186 0)
(0.00917301 -0.00934723 0)
(0.00904845 -0.00959728 0)
(0.00894204 -0.00983216 0)
(0.00819389 -0.00873591 0)
(0.00803555 -0.00904142 0)
(0.00789707 -0.00933177 0)
(0.00777806 -0.00960654 0)
(0.00673901 -0.0083658 0)
(0.00657884 -0.00871625 0)
(0.00644001 -0.00905015 0)
(0.00632132 -0.00936661 0)
(0.00500397 -0.00800662 0)
(0.00486105 -0.00840541 0)
(0.0047394 -0.00878411 0)
(0.00463676 -0.00914176 0)
(0.00306234 -0.007712 0)
(0.00295933 -0.00815699 0)
(0.00287402 -0.00857581 0)
(0.00280367 -0.00896831 0)
(0.00101813 -0.00751956 0)
(0.000978195 -0.00800305 0)
(0.000946429 -0.00845188 0)
(0.000921026 -0.00886804 0)
(0.00387003 -0.0225116 0)
(0.00167725 -0.0185459 0)
(0.00333931 -0.0143689 0)
(0.00517111 -0.0106672 0)
(0.00780829 -0.00643891 0)
(0.0111191 -0.00266694 0)
(0.0146576 0.00149944 0)
(0.0176024 0.00410073 0)
(0.019233 0.00395681 0)
(0.0195591 0.00271391 0)
(0.019516 0.00246835 0)
(0.0200958 0.00302705 0)
(0.0201405 0.00145848 0)
(0.0161295 -0.00276026 0)
(0.00640254 -0.0075853 0)
(-0.00722315 -0.0117333 0)
(-0.02152 -0.00663293 0)
(-0.0211285 0.0289644 0)
(0.00104068 0.0612051 0)
(-0.0069078 -0.0223699 0)
(-0.00620331 -0.0191666 0)
(-0.00361965 -0.0159321 0)
(-0.000686045 -0.0129417 0)
(0.00303521 -0.00968844 0)
(0.00759469 -0.00657628 0)
(0.0128644 -0.00283044 0)
(0.0185198 0.000237244 0)
(0.0231693 0.00165101 0)
(0.0255917 0.00194594 0)
(0.0258666 0.00261835 0)
(0.024762 0.00374685 0)
(0.0220521 0.00430121 0)
(0.0159067 0.00428663 0)
(0.00505586 0.00374483 0)
(-0.0104502 0.00184979 0)
(-0.0287147 0.00289545 0)
(-0.0360321 0.0192701 0)
(-0.0173776 0.0405852 0)
(-0.012469 -0.0230374 0)
(-0.0122141 -0.0203296 0)
(-0.00897926 -0.0174635 0)
(-0.00471889 -0.0148809 0)
(-1.50447e-06 -0.0122348 0)
(0.00507765 -0.00958539 0)
(0.0108853 -0.00671301 0)
(0.0177705 -0.00387608 0)
(0.0244202 -0.00143305 0)
(0.0285517 0.000637608 0)
(0.0294991 0.00293346 0)
(0.0280746 0.00526426 0)
(0.024272 0.00765294 0)
(0.0173826 0.010461 0)
(0.00683043 0.01326 0)
(-0.00864623 0.0147617 0)
(-0.029179 0.014282 0)
(-0.0415059 0.0130967 0)
(-0.0254816 0.0124235 0)
(-0.0122243 -0.0233006 0)
(-0.0154407 -0.0215937 0)
(-0.0123792 -0.0197373 0)
(-0.00720128 -0.0173706 0)
(-0.00215963 -0.0146087 0)
(0.00328883 -0.0116056 0)
(0.00909985 -0.00868384 0)
(0.0156223 -0.00624824 0)
(0.0222799 -0.00338749 0)
(0.026236 -0.000394053 0)
(0.0272903 0.0032278 0)
(0.0261871 0.00644129 0)
(0.0222755 0.00997684 0)
(0.0159835 0.0138213 0)
(0.00624149 0.0174015 0)
(-0.0084342 0.0212885 0)
(-0.0254387 0.0217576 0)
(-0.0341336 0.0150677 0)
(-0.00943949 -0.0128429 0)
(0.006282 -0.0206076 0)
(-0.00172423 -0.0228264 0)
(-0.00462499 -0.0295812 0)
(-0.00652183 -0.028898 0)
(-0.00862177 -0.0266747 0)
(-0.00138631 -0.0323384 0)
(0.00950418 -0.0296855 0)
(0.018156 -0.0288495 0)
(0.0245251 -0.0202769 0)
(0.029223 -0.00827484 0)
(0.0331435 0.00225579 0)
(0.0367545 0.0134103 0)
(0.0412957 0.0246107 0)
(0.0488294 0.0342423 0)
(0.0450202 0.0606343 0)
(0.0253326 0.0754798 0)
(0.0135558 0.0583061 0)
(0.019457 0.00646858 0)
(0.0330673 -0.043639 0)
(-0.0175749 -0.0233072 0)
(-0.00779508 -0.0215 0)
(0.00271333 -0.0253901 0)
(0.0109139 -0.0242876 0)
(0.0195234 -0.022726 0)
(0.0194932 -0.0290744 0)
(0.0161528 -0.0253061 0)
(0.0153093 -0.021203 0)
(0.0158983 -0.014624 0)
(0.0177125 -0.00805241 0)
(0.0196254 -0.00259323 0)
(0.0216048 0.00350231 0)
(0.0253493 0.00648076 0)
(0.0309681 0.0116689 0)
(0.0335876 0.0471596 0)
(0.030599 0.0540456 0)
(0.0335496 0.0248609 0)
(0.0393149 0.00236239 0)
(0.0378992 0.0392495 0)
(-0.0136864 -0.0268595 0)
(-0.00408701 -0.0336519 0)
(0.00721486 -0.0353212 0)
(0.018583 -0.0347239 0)
(0.0287506 -0.029977 0)
(0.0274866 -0.0226283 0)
(0.0162403 -0.0207189 0)
(0.00869584 -0.0190186 0)
(0.00466494 -0.0150447 0)
(0.0034038 -0.00872391 0)
(0.00374713 -0.00253913 0)
(0.00503213 0.00437405 0)
(0.00647767 0.00664154 0)
(0.00530592 0.0117128 0)
(0.00927462 0.0460511 0)
(0.019278 0.0528367 0)
(0.0223977 0.0287726 0)
(0.0103645 0.0111863 0)
(-0.00168388 0.0310085 0)
(0.00657531 -0.0253248 0)
(0.0048695 -0.0396205 0)
(0.00608493 -0.04192 0)
(0.00864056 -0.0421061 0)
(0.00971917 -0.0325607 0)
(0.00635146 -0.013855 0)
(-0.000210889 -0.0126108 0)
(-0.00766874 -0.0129887 0)
(-0.0146279 -0.011572 0)
(-0.0187924 -0.00766857 0)
(-0.0191975 -0.00348778 0)
(-0.016048 0.00203294 0)
(-0.0115247 0.00541545 0)
(-0.0118378 0.0120853 0)
(-0.00775756 0.0396171 0)
(0.00410783 0.0485241 0)
(0.00520837 0.0367786 0)
(-0.00344984 0.0193144 0)
(-0.00134063 0.0363208 0)
(0.013512 -0.0194409 0)
(0.00541016 -0.0360325 0)
(-0.00317897 -0.0399332 0)
(-0.0106948 -0.0403807 0)
(-0.0184041 -0.0290902 0)
(-0.0215398 -0.0119086 0)
(-0.022922 -0.00738898 0)
(-0.0274811 -0.00612989 0)
(-0.0334133 -0.0055953 0)
(-0.0372237 -0.00533129 0)
(-0.0368756 -0.00519093 0)
(-0.0331119 -0.00279725 0)
(-0.0288308 0.00163009 0)
(-0.0265473 0.0110192 0)
(-0.0215557 0.0306796 0)
(-0.0115703 0.0392754 0)
(-0.00214567 0.0370937 0)
(-0.000604318 0.0201334 0)
(-0.00410859 0.0327108 0)
(0.00269874 -0.0159001 0)
(-0.00342626 -0.0263262 0)
(-0.0131455 -0.0306182 0)
(-0.0231287 -0.0302422 0)
(-0.031681 -0.0224844 0)
(-0.0352598 -0.011526 0)
(-0.0363014 -0.00567633 0)
(-0.0392364 -0.00218132 0)
(-0.0434841 -0.00164442 0)
(-0.0455595 -0.00463887 0)
(-0.044441 -0.00730354 0)
(-0.0426358 -0.00586248 0)
(-0.0419392 -0.000517082 0)
(-0.0417344 0.00892642 0)
(-0.0368014 0.0235567 0)
(-0.0260889 0.0294361 0)
(-0.0140727 0.0289197 0)
(-0.00800672 0.0204404 0)
(-0.00622144 0.0297388 0)
(-0.00707797 -0.013766 0)
(-0.0117578 -0.0192316 0)
(-0.0199322 -0.0220658 0)
(-0.0290066 -0.0214591 0)
(-0.0365293 -0.0168368 0)
(-0.0401413 -0.00993269 0)
(-0.0415221 -0.00422782 0)
(-0.0435127 0.000526328 0)
(-0.0459472 0.000759531 0)
(-0.0468042 -0.00492116 0)
(-0.0469232 -0.0077529 0)
(-0.0489758 -0.00495146 0)
(-0.0523078 0.000946882 0)
(-0.0534469 0.00766518 0)
(-0.0480119 0.0155147 0)
(-0.0374887 0.0191257 0)
(-0.0267491 0.0191918 0)
(-0.0191994 0.015618 0)
(-0.0106521 0.0199026 0)
(-0.0138385 -0.0116321 0)
(-0.0175657 -0.0138618 0)
(-0.0237663 -0.0151719 0)
(-0.0308161 -0.0145209 0)
(-0.0366869 -0.0122124 0)
(-0.0399991 -0.00786931 0)
(-0.0416766 -0.00283144 0)
(-0.0429151 0.00201936 0)
(-0.043881 0.00190368 0)
(-0.045182 -0.00410586 0)
(-0.0481271 -0.00533763 0)
(-0.0529304 -0.00076658 0)
(-0.0568812 0.0033867 0)
(-0.0563108 0.00533523 0)
(-0.0504693 0.00771569 0)
(-0.0422687 0.0105731 0)
(-0.034646 0.0113747 0)
(-0.028119 0.00676168 0)
(-0.0159366 0.00237278 0)
(-0.0181937 -0.00951711 0)
(-0.0210503 -0.00991769 0)
(-0.02539 -0.0101363 0)
(-0.0302854 -0.00947618 0)
(-0.0346651 -0.0084923 0)
(-0.0377187 -0.00572098 0)
(-0.0395321 -0.00149396 0)
(-0.0403887 0.00272041 0)
(-0.0408739 0.00271534 0)
(-0.0429733 -0.00135563 0)
(-0.0473128 -0.00107311 0)
(-0.0516048 0.00318336 0)
(-0.0534959 0.00420029 0)
(-0.0516961 0.00168477 0)
(-0.0469828 0.00180825 0)
(-0.041556 0.00503563 0)
(-0.0359838 0.00582466 0)
(-0.0292173 -0.00290811 0)
(-0.0151036 -0.0196496 0)
(-0.0208694 -0.00772191 0)
(-0.0229215 -0.00717532 0)
(-0.0257709 -0.0067556 0)
(-0.0289437 -0.00606438 0)
(-0.0321177 -0.00543616 0)
(-0.0348868 -0.0035543 0)
(-0.0367878 -0.000172686 0)
(-0.0375629 0.00316992 0)
(-0.0379608 0.00361208 0)
(-0.0398966 0.00184793 0)
(-0.0431922 0.0025542 0)
(-0.0453675 0.0048645 0)
(-0.0455099 0.00383199 0)
(-0.0442969 -0.000743293 0)
(-0.0421941 -0.00160728 0)
(-0.0388165 0.00108278 0)
(-0.0329916 -0.000644028 0)
(-0.0239439 -0.0131263 0)
(-0.00922789 -0.0368773 0)
(-0.0223461 -0.00635258 0)
(-0.0237482 -0.00536065 0)
(-0.0255596 -0.00459331 0)
(-0.0275908 -0.0038135 0)
(-0.0297974 -0.00305329 0)
(-0.0320155 -0.00152732 0)
(-0.0336533 0.00105914 0)
(-0.0343034 0.00354465 0)
(-0.0345886 0.00434028 0)
(-0.0356978 0.00393097 0)
(-0.0373254 0.00434851 0)
(-0.0378917 0.00501011 0)
(-0.0371916 0.00314169 0)
(-0.0366616 -0.00116445 0)
(-0.0362803 -0.00298237 0)
(-0.0336864 -0.00306232 0)
(-0.0277413 -0.0082073 0)
(-0.0193467 -0.0236267 0)
(-0.00730249 -0.0491534 0)
(-0.0229209 -0.00536984 0)
(-0.0238292 -0.00419954 0)
(-0.0249391 -0.00323581 0)
(-0.0262125 -0.00233308 0)
(-0.0276469 -0.00139334 0)
(-0.0291128 1.43335e-06 0)
(-0.030188 0.00195649 0)
(-0.0305794 0.00379797 0)
(-0.0306281 0.00468305 0)
(-0.0309445 0.0047594 0)
(-0.0313246 0.00482183 0)
(-0.0309754 0.00446671 0)
(-0.0300025 0.0023574 0)
(-0.0293598 -0.00121351 0)
(-0.0287161 -0.00400961 0)
(-0.0263186 -0.00691824 0)
(-0.0216168 -0.0141775 0)
(-0.0162526 -0.0311758 0)
(-0.00787297 -0.0604387 0)
(-0.0227764 -0.00471855 0)
(-0.0232944 -0.00350664 0)
(-0.0238913 -0.00243745 0)
(-0.0245849 -0.0014327 0)
(-0.0253755 -0.000401118 0)
(-0.026156 0.000877781 0)
(-0.0266512 0.00241293 0)
(-0.0266707 0.00380996 0)
(-0.0263759 0.00459413 0)
(-0.0260552 0.004732 0)
(-0.0256072 0.00448067 0)
(-0.0246944 0.00357376 0)
(-0.0234494 0.00140592 0)
(-0.0223585 -0.00185514 0)
(-0.0211584 -0.00536951 0)
(-0.0188753 -0.00988659 0)
(-0.0152926 -0.0181981 0)
(-0.0123088 -0.0355242 0)
(-0.00668756 -0.0707403 0)
(-0.0220172 -0.00436174 0)
(-0.0222115 -0.00317823 0)
(-0.022407 -0.00207277 0)
(-0.0226345 -0.00101682 0)
(-0.0228946 3.90423e-05 0)
(-0.0231047 0.00119915 0)
(-0.0230874 0.00243258 0)
(-0.0227199 0.00349637 0)
(-0.0220658 0.00409849 0)
(-0.0212576 0.00412605 0)
(-0.0202596 0.00361636 0)
(-0.01895 0.00239308 0)
(-0.0174297 0.000159963 0)
(-0.0159309 -0.00304768 0)
(-0.0143032 -0.00699725 0)
(-0.0120763 -0.0123218 0)
(-0.00916583 -0.0210197 0)
(-0.00727349 -0.0379033 0)
(-0.00364787 -0.0779634 0)
(-0.020715 -0.00426548 0)
(-0.0206376 -0.00314714 0)
(-0.0205125 -0.00205744 0)
(-0.0203659 -0.00100201 0)
(-0.0201975 3.05891e-05 0)
(-0.0199496 0.00106975 0)
(-0.019511 0.00206878 0)
(-0.0188012 0.00286551 0)
(-0.0178341 0.00326096 0)
(-0.016671 0.00312224 0)
(-0.0153138 0.00240031 0)
(-0.0137336 0.000968174 0)
(-0.0120008 -0.00134574 0)
(-0.0102304 -0.00458686 0)
(-0.00835809 -0.00878117 0)
(-0.00619816 -0.0144679 0)
(-0.00375082 -0.0231884 0)
(-0.00240843 -0.0391961 0)
(-0.000416918 -0.081285 0)
(-0.0189366 -0.00439213 0)
(-0.0186356 -0.0033583 0)
(-0.0182567 -0.00232044 0)
(-0.0178181 -0.00130657 0)
(-0.0173173 -0.000332944 0)
(-0.0167172 0.000585884 0)
(-0.0159508 0.00139378 0)
(-0.0149654 0.00197011 0)
(-0.0137582 0.0021659 0)
(-0.0123613 0.00185681 0)
(-0.0107923 0.000962751 0)
(-0.00905956 -0.000620016 0)
(-0.00721322 -0.00301254 0)
(-0.00531739 -0.00630116 0)
(-0.00336009 -0.0106138 0)
(-0.00130744 -0.0164066 0)
(0.000736319 -0.024915 0)
(0.00181402 -0.0399356 0)
(0.00245311 -0.0809058 0)
(-0.0167564 -0.0047008 0)
(-0.016279 -0.00376139 0)
(-0.0157058 -0.00279855 0)
(-0.0150483 -0.00185407 0)
(-0.014304 -0.000962829 0)
(-0.0134497 -0.000162521 0)
(-0.0124465 0.000484159 0)
(-0.0112637 0.000878219 0)
(-0.00989871 0.000901184 0)
(-0.00837378 0.000442986 0)
(-0.00671248 -0.000584615 0)
(-0.00493709 -0.00227508 0)
(-0.00308574 -0.00473016 0)
(-0.00119919 -0.00805432 0)
(0.000712562 -0.012406 0)
(0.00262242 -0.0181704 0)
(0.00434219 -0.0263422 0)
(0.00535273 -0.0401905 0)
(0.00502633 -0.0776246 0)
(-0.0142589 -0.0051494 0)
(-0.0136511 -0.00430902 0)
(-0.0129383 -0.00343473 0)
(-0.0121276 -0.00257588 0)
(-0.0112175 -0.00177854 0)
(-0.0101954 -0.00109247 0)
(-0.00904166 -0.000582866 0)
(-0.00774235 -0.000335967 0)
(-0.00630119 -0.000450784 0)
(-0.00473933 -0.00102462 0)
(-0.0030843 -0.00214535 0)
(-0.00136497 -0.00390221 0)
(0.000385567 -0.00639198 0)
(0.00213695 -0.00972763 0)
(0.00387364 -0.0140753 0)
(0.00555938 -0.0197703 0)
(0.00701099 -0.0276116 0)
(0.00815447 -0.0401546 0)
(0.00730262 -0.0717235 0)
(-0.0115362 -0.00569679 0)
(-0.0108421 -0.00495667 0)
(-0.0100397 -0.00417737 0)
(-0.00913379 -0.00341147 0)
(-0.00812497 -0.0027107 0)
(-0.00700908 -0.00213021 0)
(-0.00578004 -0.00173476 0)
(-0.00443734 -0.00160161 0)
(-0.00299276 -0.00181657 0)
(-0.00147104 -0.00246666 0)
(9.57447e-05 -0.00363636 0)
(0.00167257 -0.00541312 0)
(0.00322314 -0.00789437 0)
(0.00471542 -0.0111993 0)
(0.00612665 -0.0154999 0)
(0.00741657 -0.0211016 0)
(0.00842785 -0.0286479 0)
(0.00931212 -0.0399661 0)
(0.0080804 -0.0641358 0)
(-0.00868337 -0.0063045 0)
(-0.00794342 -0.00566347 0)
(-0.00709602 -0.00498049 0)
(-0.00614518 -0.00430843 0)
(-0.00509405 -0.00370076 0)
(-0.00394528 -0.0032137 0)
(-0.00270306 -0.0029095 0)
(-0.00137753 -0.00285799 0)
(1.12414e-05 -0.00313489 0)
(0.00143241 -0.00381847 0)
(0.00284716 -0.00498841 0)
(0.00421175 -0.00672989 0)
(0.00547974 -0.00914078 0)
(0.00660534 -0.0123441 0)
(0.0075442 -0.0165144 0)
(0.00823075 -0.0219344 0)
(0.0085049 -0.0291148 0)
(0.00839646 -0.0392388 0)
(0.00655844 -0.0568791 0)
(-0.00579399 -0.00693795 0)
(-0.00504412 -0.00639315 0)
(-0.00419017 -0.00580438 0)
(-0.00323638 -0.00522285 0)
(-0.00218861 -0.00470099 0)
(-0.00105509 -0.00429329 0)
(0.000152129 -0.00405787 0)
(0.00141437 -0.00405753 0)
(0.00270372 -0.00435911 0)
(0.00398223 -0.00503246 0)
(0.00520289 -0.00615079 0)
(0.00631111 -0.00779458 0)
(0.00724571 -0.0100585 0)
(0.00793961 -0.0130633 0)
(0.00831751 -0.0169782 0)
(0.00828124 -0.0220612 0)
(0.0076846 -0.0287194 0)
(0.00640361 -0.0377068 0)
(0.00402344 -0.051356 0)
(-0.00295632 -0.00756716 0)
(-0.0022271 -0.00711465 0)
(-0.00139851 -0.006616 0)
(-0.00047554 -0.00611932 0)
(0.00053342 -0.00567417 0)
(0.0016157 -0.00533137 0)
(0.00275324 -0.00514374 0)
(0.00392062 -0.00516678 0)
(0.00508327 -0.00545866 0)
(0.00619639 -0.00608027 0)
(0.00720487 -0.00709644 0)
(0.00804323 -0.00857957 0)
(0.00863497 -0.010616 0)
(0.00889076 -0.0133171 0)
(0.00870432 -0.0168384 0)
(0.00794923 -0.0214137 0)
(0.00651022 -0.0274012 0)
(0.00414469 -0.035468 0)
(0.00145982 -0.0479388 0)
(-0.000250921 -0.00816703 0)
(0.000432677 -0.00780246 0)
(0.00121054 -0.00738894 0)
(0.0020768 -0.00697063 0)
(0.00302097 -0.00659288 0)
(0.004027 -0.00630158 0)
(0.00507245 -0.00614337 0)
(0.00612704 -0.00616608 0)
(0.00715114 -0.00641899 0)
(0.00809464 -0.00695332 0)
(0.00889607 -0.00782372 0)
(0.00948158 -0.00909147 0)
(0.00976308 -0.0108301 0)
(0.00963457 -0.013135 0)
(0.00896718 -0.0161416 0)
(0.00761423 -0.0200603 0)
(0.00547479 -0.0252554 0)
(0.00210563 -0.0326332 0)
(-0.00101304 -0.0467184 0)
(0.00225073 -0.00871735 0)
(0.00286919 -0.0084365 0)
(0.00357719 -0.00810323 0)
(0.00436809 -0.00775709 0)
(0.00522984 -0.00743843 0)
(0.00614413 -0.00718743 0)
(0.0070857 -0.00704403 0)
(0.00802123 -0.00704815 0)
(0.0089081 -0.00724003 0)
(0.00969322 -0.00766082 0)
(0.0103119 -0.00835403 0)
(0.0106866 -0.00936827 0)
(0.0107247 -0.010762 0)
(0.0103154 -0.0126124 0)
(0.00932607 -0.0150323 0)
(0.0076141 -0.0182133 0)
(0.00510286 -0.0225643 0)
(0.00128373 -0.0294342 0)
(-0.00199792 -0.0470289 0)
(0.00448672 -0.00920268 0)
(0.00502572 -0.00900189 0)
(0.00565044 -0.00874468 0)
(0.0063537 -0.00846561 0)
(0.00712256 -0.00819959 0)
(0.00793747 -0.00798073 0)
(0.00877184 -0.00784207 0)
(0.00959113 -0.0078157 0)
(0.0103519 -0.00793303 0)
(0.0110007 -0.0082254 0)
(0.0114734 -0.00872542 0)
(0.0116937 -0.00946957 0)
(0.0115728 -0.0105027 0)
(0.0110077 -0.011887 0)
(0.00988284 -0.0137212 0)
(0.00808925 -0.0161942 0)
(0.00560409 -0.0197863 0)
(0.00210698 -0.0262704 0)
(-0.000688491 -0.0471544 0)
(0.00640497 -0.00961198 0)
(0.00685496 -0.00948848 0)
(0.00738805 -0.00930425 0)
(0.00799688 -0.00908873 0)
(0.00866822 -0.00887123 0)
(0.00938226 -0.00867974 0)
(0.0101124 -0.0085406 0)
(0.0108245 -0.00847847 0)
(0.0114762 -0.00851655 0)
(0.0120164 -0.00867724 0)
(0.0123844 -0.00898355 0)
(0.0125094 -0.00946197 0)
(0.0123115 -0.0101477 0)
(0.0117025 -0.011095 0)
(0.010591 -0.0124012 0)
(0.00890281 -0.0142729 0)
(0.00664306 -0.0172699 0)
(0.00368174 -0.0234505 0)
(0.00125929 -0.0457955 0)
(0.00796337 -0.00993826 0)
(0.00831916 -0.00989034 0)
(0.00875677 -0.00977735 0)
(0.00926896 -0.00962362 0)
(0.00984278 -0.00945293 0)
(0.0104589 -0.00928744 0)
(0.0110919 -0.00914725 0)
(0.0117093 -0.00905026 0)
(0.0122717 -0.00901241 0)
(0.0127319 -0.00904839 0)
(0.0130347 -0.00917332 0)
(0.0131173 -0.00940617 0)
(0.0129099 -0.00977623 0)
(0.0123388 -0.0103358 0)
(0.0113315 -0.0111881 0)
(0.00982902 -0.0125616 0)
(0.00781775 -0.0150666 0)
(0.00522296 -0.0208482 0)
(0.0026683 -0.043029 0)
(0.00913025 -0.0101782 0)
(0.00939058 -0.0102053 0)
(0.00973278 -0.0101632 0)
(0.01015 -0.0100711 0)
(0.0106298 -0.0099478 0)
(0.0111541 -0.00980994 0)
(0.0116992 -0.00967209 0)
(0.0122357 -0.00954631 0)
(0.0127281 -0.00944237 0)
(0.0131344 -0.00936852 0)
(0.0134062 -0.00933352 0)
(0.0134886 -0.00935068 0)
(0.0133214 -0.00944545 0)
(0.0128416 -0.00967006 0)
(0.0119868 -0.0101335 0)
(0.010698 -0.0110762 0)
(0.00892392 -0.0131117 0)
(0.00660392 -0.0182977 0)
(0.00384656 -0.0390914 0)
(0.0098849 -0.010332 0)
(0.0100522 -0.0104346 0)
(0.0103026 -0.0104641 0)
(0.0106296 -0.0104351 0)
(0.0110216 -0.0103614 0)
(0.0114619 -0.0102551 0)
(0.0119294 -0.0101259 0)
(0.0123982 -0.0099813 0)
(0.0128375 -0.00982579 0)
(0.0132114 -0.00966241 0)
(0.0134785 -0.00949458 0)
(0.0135916 -0.00933063 0)
(0.0134979 -0.00919232 0)
(0.0131402 -0.0091307 0)
(0.012458 -0.0092569 0)
(0.0113838 -0.00981262 0)
(0.00983538 -0.0113815 0)
(0.00781062 -0.0158008 0)
(0.00499703 -0.0340303 0)
(0.0102184 -0.0104027 0)
(0.0102988 -0.0105825 0)
(0.0104642 -0.0106854 0)
(0.0107084 -0.0107216 0)
(0.0110206 -0.0107008 0)
(0.0113858 -0.0106313 0)
(0.0117855 -0.0105191 0)
(0.0121978 -0.0103679 0)
(0.0125974 -0.0101782 0)
(0.0129546 -0.00994873 0)
(0.0132354 -0.00967803 0)
(0.0133995 -0.00936899 0)
(0.0133991 -0.0090377 0)
(0.0131775 -0.00872999 0)
(0.0126662 -0.008553 0)
(0.0117767 -0.00874229 0)
(0.0103959 -0.00983954 0)
(0.00858608 -0.013402 0)
(0.00582025 -0.0280358 0)
(0.0101345 -0.0103971 0)
(0.0101374 -0.0106564 0)
(0.0102278 -0.0108348 0)
(0.0103989 -0.0109386 0)
(0.0106406 -0.0109742 0)
(0.0109396 -0.010947 0)
(0.0112802 -0.0108605 0)
(0.0116448 -0.0107157 0)
(0.0120135 -0.0105104 0)
(0.0123637 -0.0102398 0)
(0.0126687 -0.00989736 0)
(0.0128953 -0.00947927 0)
(0.0129997 -0.0089918 0)
(0.0129218 -0.00846747 0)
(0.0125747 -0.00799642 0)
(0.0118274 -0.00779147 0)
(0.0104998 -0.00834051 0)
(0.00855741 -0.0109352 0)
(0.00551002 -0.0218288 0)
(0.00964989 -0.0103249 0)
(0.00958868 -0.0106664 0)
(0.00961665 -0.0109221 0)
(0.00972626 -0.0110952 0)
(0.00990756 -0.0111899 0)
(0.0101488 -0.0112098 0)
(0.0104373 -0.011157 0)
(0.0107596 -0.0110311 0)
(0.0111017 -0.0108285 0)
(0.011448 -0.0105415 0)
(0.0117803 -0.0101593 0)
(0.0120739 -0.00966936 0)
(0.0122916 -0.00906329 0)
(0.0123723 -0.00834905 0)
(0.012211 -0.00757884 0)
(0.0116261 -0.00691065 0)
(0.0103468 -0.00674963 0)
(0.00814995 -0.0081719 0)
(0.00464318 -0.0161036 0)
(0.00879442 -0.0102 0)
(0.00868613 -0.0106258 0)
(0.00866689 -0.0109593 0)
(0.00872788 -0.0112019 0)
(0.0088592 -0.0113564 0)
(0.0090505 -0.0114261 0)
(0.00929182 -0.0114129 0)
(0.00957389 -0.0113165 0)
(0.00988826 -0.011133 0)
(0.010227 -0.0108536 0)
(0.0105814 -0.010464 0)
(0.0109385 -0.00994329 0)
(0.0112736 -0.00926526 0)
(0.0115362 -0.00840405 0)
(0.0116206 -0.00735261 0)
(0.0113157 -0.00617618 0)
(0.0102777 -0.00515859 0)
(0.00818881 -0.00521031 0)
(0.00459567 -0.0107233 0)
(0.00761099 -0.0100398 0)
(0.00747617 -0.0105504 0)
(0.00742686 -0.0109599 0)
(0.00745286 -0.0112693 0)
(0.00754431 -0.0114817 0)
(0.00769227 -0.011601 0)
(0.00788927 -0.0116303 0)
(0.00812973 -0.0115704 0)
(0.00841038 -0.011419 0)
(0.00873051 -0.0111683 0)
(0.00909158 -0.010803 0)
(0.00949512 -0.0102968 0)
(0.00993688 -0.00960803 0)
(0.0103929 -0.00867519 0)
(0.0107857 -0.00741885 0)
(0.0109128 -0.00577429 0)
(0.0103765 -0.00384448 0)
(0.00882932 -0.0023504 0)
(0.00526954 -0.00511436 0)
(0.00615513 -0.00986633 0)
(0.00601685 -0.0104583 0)
(0.00595545 -0.0109382 0)
(0.00595986 -0.0113082 0)
(0.00602075 -0.0115729 0)
(0.00613063 -0.011738 0)
(0.00628426 -0.0118084 0)
(0.006479 -0.0117876 0)
(0.00671557 -0.0116759 0)
(0.00699897 -0.0114692 0)
(0.00733956 -0.0111551 0)
(0.00775349 -0.0107081 0)
(0.00826128 -0.0100798 0)
(0.00888035 -0.00918359 0)
(0.00959503 -0.00787111 0)
(0.0102654 -0.00591804 0)
(0.0104848 -0.00313683 0)
(0.00999569 0.000158333 0)
(0.00649765 0.00131159 0)
(0.00449458 -0.00970462 0)
(0.00437633 -0.0103689 0)
(0.00431986 -0.0109085 0)
(0.00431467 -0.0113285 0)
(0.00435279 -0.0116362 0)
(0.0044285 -0.0118393 0)
(0.00453844 -0.0119452 0)
(0.00468188 -0.0119601 0)
(0.00486161 -0.0118886 0)
(0.00508545 -0.0117315 0)
(0.0053685 -0.0114837 0)
(0.00573647 -0.011128 0)
(0.00623026 -0.0106235 0)
(0.00691137 -0.00988216 0)
(0.00785084 -0.00872023 0)
(0.0090377 -0.00677175 0)
(0.0101608 -0.00343727 0)
(0.0114879 0.00193686 0)
(0.00840818 0.00934301 0)
(0.00270826 -0.00958203 0)
(0.00263075 -0.0103008 0)
(0.00259285 -0.0108834 0)
(0.00258704 -0.0113386 0)
(0.00260802 -0.0116762 0)
(0.00265223 -0.011906 0)
(0.00271783 -0.0120375 0)
(0.00280489 -0.0120795 0)
(0.00291614 -0.01204 0)
(0.00305833 -0.0119257 0)
(0.00324479 -0.0117401 0)
(0.00349986 -0.0114798 0)
(0.00386745 -0.0111243 0)
(0.00442863 -0.0106136 0)
(0.00532216 -0.00979261 0)
(0.00669839 -0.00827289 0)
(0.00846347 -0.00509725 0)
(0.012212 0.00212574 0)
(0.0104604 0.0191112 0)
(0.000887693 -0.00951321 0)
(0.000861738 -0.0102629 0)
(0.000849133 -0.0108684 0)
(0.000847128 -0.0113418 0)
(0.000853865 -0.0116947 0)
(0.000868161 -0.0119382 0)
(0.000889441 -0.0120828 0)
(0.0009178 -0.0121389 0)
(0.000954276 -0.012117 0)
(0.00100145 -0.0120276 0)
(0.00106467 -0.0118813 0)
(0.00115449 -0.0116885 0)
(0.00129217 -0.0114555 0)
(0.00152311 -0.0111744 0)
(0.00194696 -0.0107902 0)
(0.00275719 -0.0100821 0)
(0.00410824 -0.00827209 0)
(0.00742098 -0.00155478 0)
(0.0105052 0.0322997 0)
)
;

boundaryField
{
    leftWall
    {
        type            noSlip;
    }
    rightWall
    {
        type            noSlip;
    }
    lowerWall
    {
        type            noSlip;
    }
    atmosphere
    {
        type            pressureInletOutletVelocity;
        value           nonuniform List<vector> 
46
(
(0 -0.0101441 0)
(0.00938465 0.00471094 0)
(0.0109408 0.013277 0)
(0.0131671 0.0179853 0)
(0.014679 0.0205821 0)
(0.0155413 0.0215852 0)
(0.0158906 0.0214005 0)
(0.0158644 0.0204317 0)
(0.0155615 0.0189805 0)
(0.0150406 0.0172381 0)
(0.0143355 0.0153224 0)
(0.013465 0.0133082 0)
(0.0124392 0.0112454 0)
(0.0112604 0.00916649 0)
(0.00992087 0.00709058 0)
(0.00841158 0.00502549 0)
(0.00679359 0.00294218 0)
(0.00529948 0.000615579 0)
(0 -0.00111853 0)
(0 -0.00248509 0)
(0 -0.00401231 0)
(0 -0.00544263 0)
(0 -0.00670892 0)
(0 -0.00751956 0)
(0 -0.00800305 0)
(0 -0.00845188 0)
(0 -0.00886804 0)
(0 -0.00951321 0)
(0 -0.0102629 0)
(0 -0.0108684 0)
(0 -0.0113418 0)
(0 -0.0116947 0)
(0 -0.0119382 0)
(0 -0.0120828 0)
(0 -0.0121389 0)
(0 -0.012117 0)
(0 -0.0120276 0)
(0 -0.0118813 0)
(0 -0.0116885 0)
(0 -0.0114555 0)
(0 -0.0111744 0)
(0 -0.0107902 0)
(0 -0.0100821 0)
(0 -0.00827209 0)
(0 -0.00155478 0)
(0.0105052 0.0322997 0)
)
;
    }
    defaultFaces
    {
        type            empty;
    }
}


// ************************************************************************* //
