/*--------------------------------*- C++ -*----------------------------------*\
  =========                 |
  \\      /  F ield         | OpenFOAM: The Open Source CFD Toolbox
   \\    /   O peration     | Website:  https://openfoam.org
    \\  /    A nd           | Version:  9
     \\/     M anipulation  |
\*---------------------------------------------------------------------------*/
FoamFile
{
    format      ascii;
    class       volVectorField;
    location    "5.7";
    object      U;
}
// * * * * * * * * * * * * * * * * * * * * * * * * * * * * * * * * * * * * * //

dimensions      [0 1 -1 0 0 0 0];

internalField   nonuniform List<vector> 
2268
(
(0.0011673 -0.000540814 0)
(0.00324408 -0.000439273 0)
(0.0046882 -0.000335777 0)
(0.00595525 -0.00027748 0)
(0.00697736 -0.000216707 0)
(0.00776163 -0.000158575 0)
(0.00837645 -0.000126446 0)
(0.00889685 -0.000114605 0)
(0.00938475 -0.000116578 0)
(0.00985802 -0.000130804 0)
(0.0103455 -0.000165528 0)
(0.0109526 -0.000243845 0)
(0.0118466 -0.00040147 0)
(0.0132913 -0.000653008 0)
(0.0154956 -0.000942355 0)
(0.0181519 -0.00101355 0)
(0.0203052 -3.82152e-05 0)
(0.0168922 0.00249894 0)
(0.00561556 0.00402772 0)
(-0.00758812 0.00355735 0)
(-0.0152546 0.000567065 0)
(-0.0121382 -0.00263456 0)
(-0.00412312 -0.00215259 0)
(0.0010106 -0.00155931 0)
(0.00288558 -0.00125762 0)
(0.00429498 -0.00101084 0)
(0.00554558 -0.000826471 0)
(0.00655838 -0.000658456 0)
(0.00735737 -0.000512536 0)
(0.00800112 -0.000418106 0)
(0.00855221 -0.000371331 0)
(0.00905265 -0.000350895 0)
(0.0095077 -0.000345394 0)
(0.00992596 -0.000378952 0)
(0.01037 -0.000502988 0)
(0.010954 -0.000775653 0)
(0.0118197 -0.00120257 0)
(0.0130318 -0.00163447 0)
(0.0143259 -0.00154344 0)
(0.014983 0.000526744 0)
(0.0123598 0.00527402 0)
(0.00483953 0.00803724 0)
(-0.00342387 0.00690371 0)
(-0.00846337 0.00216914 0)
(-0.00879772 -0.00366918 0)
(-0.00524698 -0.00558186 0)
(0.000917744 -0.0023861 0)
(0.00267754 -0.00197397 0)
(0.0040672 -0.00162839 0)
(0.00533208 -0.00134141 0)
(0.00637272 -0.00107552 0)
(0.00720762 -0.000847713 0)
(0.00788676 -0.00069656 0)
(0.00846753 -0.000614777 0)
(0.00898184 -0.000568152 0)
(0.00941914 -0.000532446 0)
(0.00976725 -0.000546553 0)
(0.0100582 -0.000682349 0)
(0.0103602 -0.00100863 0)
(0.0107439 -0.00151598 0)
(0.0112132 -0.0019937 0)
(0.0116023 -0.00176437 0)
(0.0115856 0.000977842 0)
(0.0095509 0.00719042 0)
(0.0048622 0.0106925 0)
(-9.84525e-05 0.00917949 0)
(-0.0038254 0.00356837 0)
(-0.00518122 -0.00403148 0)
(-0.00352727 -0.00842369 0)
(0.000857646 -0.00322054 0)
(0.00253432 -0.00270093 0)
(0.00391906 -0.00227019 0)
(0.00521811 -0.00189163 0)
(0.00630801 -0.00152809 0)
(0.00719101 -0.00121478 0)
(0.00791199 -0.00100233 0)
(0.00852728 -0.000878274 0)
(0.00906171 -0.000792834 0)
(0.00948633 -0.000706188 0)
(0.00976503 -0.000668926 0)
(0.00990386 -0.000769213 0)
(0.009935 -0.00108202 0)
(0.00988259 -0.00158253 0)
(0.00971528 -0.00202056 0)
(0.00931925 -0.00166826 0)
(0.00873256 0.00140646 0)
(0.00749017 0.00842122 0)
(0.00518875 0.0122907 0)
(0.00248945 0.010758 0)
(3.09108e-05 0.00471605 0)
(-0.00127615 -0.00400409 0)
(-0.00070088 -0.00979111 0)
(0.000823877 -0.00400234 0)
(0.00243726 -0.00341235 0)
(0.00383425 -0.00292248 0)
(0.00518841 -0.00246755 0)
(0.0063463 -0.00200829 0)
(0.00728828 -0.00160587 0)
(0.00805734 -0.00132833 0)
(0.00871259 -0.00115722 0)
(0.00927375 -0.00102223 0)
(0.00969108 -0.000863052 0)
(0.00990258 -0.000741634 0)
(0.0098928 -0.000760663 0)
(0.00966796 -0.00099866 0)
(0.0092231 -0.00141581 0)
(0.00850341 -0.00173648 0)
(0.00738971 -0.00124248 0)
(0.006151 0.00184579 0)
(0.00557125 0.00890083 0)
(0.0052811 0.0129407 0)
(0.00441439 0.0116276 0)
(0.00349297 0.0053242 0)
(0.00264382 -0.00367001 0)
(0.00195454 -0.00936045 0)
(0.000811927 -0.00475992 0)
(0.00238312 -0.00411591 0)
(0.00381417 -0.00359175 0)
(0.00524704 -0.00307506 0)
(0.00649147 -0.00251966 0)
(0.00750297 -0.00202198 0)
(0.00832597 -0.00167471 0)
(0.00902563 -0.00145171 0)
(0.00961832 -0.00125689 0)
(0.0100325 -0.00100291 0)
(0.0101808 -0.000764786 0)
(0.010032 -0.000660357 0)
(0.00957688 -0.000771396 0)
(0.00879736 -0.00104478 0)
(0.00763624 -0.00118845 0)
(0.00599311 -0.000524705 0)
(0.00415838 0.00238856 0)
(0.0038268 0.00877002 0)
(0.00493888 0.0127864 0)
(0.00577209 0.0117029 0)
(0.00627513 0.00535817 0)
(0.0055302 -0.00295217 0)
(0.00338048 -0.00756879 0)
(0.000802297 -0.00549563 0)
(0.00237308 -0.00482739 0)
(0.00386513 -0.00429295 0)
(0.005401 -0.0037273 0)
(0.0067493 -0.0030711 0)
(0.0078401 -0.00246838 0)
(0.00872231 -0.00204506 0)
(0.00946866 -0.00176478 0)
(0.0100931 -0.00150015 0)
(0.0105042 -0.00112848 0)
(0.0105928 -0.000742708 0)
(0.0103197 -0.000479092 0)
(0.00966937 -0.000423748 0)
(0.00862468 -0.000514185 0)
(0.00714878 -0.000451853 0)
(0.00520854 0.000378599 0)
(0.00308967 0.00305291 0)
(0.00264543 0.00839276 0)
(0.00441663 0.0120169 0)
(0.00659323 0.0110684 0)
(0.00773626 0.00523803 0)
(0.00646179 -0.00180666 0)
(0.00276312 -0.00547077 0)
(0.000785122 -0.00632784 0)
(0.00240558 -0.00557569 0)
(0.00399256 -0.00505601 0)
(0.0056512 -0.00445133 0)
(0.00711645 -0.00368393 0)
(0.00829507 -0.00296147 0)
(0.00924136 -0.00245223 0)
(0.0100336 -0.00210556 0)
(0.0106825 -0.00176044 0)
(0.011082 -0.00124381 0)
(0.0111111 -0.00067909 0)
(0.0107311 -0.000225996 0)
(0.00992767 2.60258e-05 0)
(0.0086916 0.000140488 0)
(0.00701833 0.000409718 0)
(0.00495247 0.00136909 0)
(0.00282481 0.00377628 0)
(0.00226186 0.00804576 0)
(0.00406753 0.0109481 0)
(0.00662786 0.0101258 0)
(0.00765336 0.00539908 0)
(0.0058052 -0.00024677 0)
(-6.20519e-05 -0.00462836 0)
(-0.0146822 0.00361665 0)
(-0.0121794 -0.00203914 0)
(-0.00598066 -0.00205787 0)
(-0.00193114 -0.0012737 0)
(0.000680487 -0.000731266 0)
(0.00212825 -0.000341118 0)
(0.00318503 -0.000388667 0)
(0.00518094 -0.000825535 0)
(0.00939501 -0.00179923 0)
(0.0169245 -0.00197182 0)
(0.0207638 0.000361271 0)
(0.0139648 0.00267636 0)
(0.00140725 0.00632355 0)
(-0.0330415 0.00557118 0)
(-0.0309554 -0.00516761 0)
(-0.00551782 -0.00702745 0)
(0.010528 -0.0029375 0)
(0.014726 0.000360642 0)
(0.0100892 0.00356552 0)
(-0.00701579 0.00801297 0)
(-0.00522085 -0.00240321 0)
(-0.00415763 -0.00268771 0)
(-0.00309489 -0.0018074 0)
(-0.00221969 -0.0011401 0)
(-0.00145729 -0.000727139 0)
(-0.000563777 -0.000966204 0)
(0.00120085 -0.00199911 0)
(0.0045189 -0.00376513 0)
(0.00994762 -0.0037783 0)
(0.0120936 0.00151314 0)
(0.0063326 0.00627863 0)
(-0.00344572 0.0132289 0)
(-0.0236592 0.0110864 0)
(-0.0186289 -0.00869029 0)
(-0.00473065 -0.0125718 0)
(0.00501669 -0.00546486 0)
(0.00766469 -0.000582227 0)
(0.0105639 0.00730815 0)
(0.000728249 0.00889086 0)
(-0.00174423 -0.00214091 0)
(-0.0034643 -0.00253599 0)
(-0.00412695 -0.00184664 0)
(-0.00427106 -0.00126284 0)
(-0.00415785 -0.000955475 0)
(-0.00376422 -0.00140151 0)
(-0.00261717 -0.0028954 0)
(-0.000452854 -0.00521749 0)
(0.00317571 -0.0051654 0)
(0.00415516 0.00258838 0)
(-0.00102682 0.00919104 0)
(-0.00823712 0.0173671 0)
(-0.0162041 0.0125991 0)
(-0.0112931 -0.0117813 0)
(-0.00341892 -0.016323 0)
(0.00175128 -0.00712338 0)
(0.0019237 -0.0020306 0)
(0.00738179 0.0102984 0)
(0.0032789 0.00831325 0)
(-0.000737685 -0.000780839 0)
(-0.00379191 -0.00173967 0)
(-0.00546468 -0.00148072 0)
(-0.00630703 -0.00110905 0)
(-0.00673914 -0.000941908 0)
(-0.00689963 -0.00157063 0)
(-0.0065459 -0.00340041 0)
(-0.00561273 -0.00607875 0)
(-0.00367586 -0.00601543 0)
(-0.00321919 0.00365493 0)
(-0.00747452 0.0115508 0)
(-0.0122296 0.0192202 0)
(-0.011632 0.0117911 0)
(-0.00577429 -0.0137976 0)
(-0.00225666 -0.0183707 0)
(-0.000673202 -0.00740107 0)
(-0.00312267 -0.00306934 0)
(0.00297119 0.0114184 0)
(0.00256007 0.0077652 0)
(-0.00150955 0.000815385 0)
(-0.0049923 -0.000589061 0)
(-0.0072079 -0.000830014 0)
(-0.00852303 -0.00073239 0)
(-0.00941753 -0.000704345 0)
(-0.0101216 -0.00145981 0)
(-0.0105587 -0.00347233 0)
(-0.0109025 -0.00630348 0)
(-0.0109928 -0.00631515 0)
(-0.0107502 0.00430517 0)
(-0.012789 0.0130896 0)
(-0.0143116 0.019119 0)
(-0.00769383 0.00915552 0)
(-0.00170438 -0.0150564 0)
(-0.00195185 -0.0189411 0)
(-0.00289411 -0.00646641 0)
(-0.00714059 -0.00361073 0)
(-0.00159905 0.0104269 0)
(0.00101891 0.00786587 0)
(-0.00331897 0.00247364 0)
(-0.00685519 0.000704908 0)
(-0.00933605 -1.13541e-05 0)
(-0.0109555 -0.000188296 0)
(-0.0122103 -0.000264687 0)
(-0.0133805 -0.00108047 0)
(-0.0145095 -0.00311736 0)
(-0.0160184 -0.00586507 0)
(-0.018089 -0.00596002 0)
(-0.0179775 0.00413466 0)
(-0.0167872 0.013324 0)
(-0.0143129 0.017321 0)
(-0.00462649 0.00567118 0)
(0.000179387 -0.015498 0)
(-0.00300503 -0.0183902 0)
(-0.0051513 -0.00485757 0)
(-0.00962108 -0.0037341 0)
(-0.00554709 0.00766069 0)
(-0.000648303 0.00875081 0)
(-0.00586025 0.00425865 0)
(-0.00921343 0.00202634 0)
(-0.0117751 0.000887039 0)
(-0.0135807 0.0004631 0)
(-0.0150818 0.000330831 0)
(-0.0165852 -0.000479617 0)
(-0.0182302 -0.00241448 0)
(-0.0205715 -0.00489579 0)
(-0.0238468 -0.00508324 0)
(-0.023925 0.0032545 0)
(-0.0201216 0.0119698 0)
(-0.013692 0.0141831 0)
(-0.00322817 0.00231487 0)
(-0.000340759 -0.0151499 0)
(-0.0051761 -0.0171785 0)
(-0.00725816 -0.0033572 0)
(-0.0105381 -0.00340212 0)
(-0.00847281 0.00376633 0)
(-0.0039817 0.0116207 0)
(-0.0089197 0.00596239 0)
(-0.0119071 0.00328579 0)
(-0.0144177 0.00183189 0)
(-0.0163492 0.00119501 0)
(-0.0179989 0.00102658 0)
(-0.0196566 0.000261406 0)
(-0.0215649 -0.00148482 0)
(-0.02428 -0.00363416 0)
(-0.0277652 -0.00403566 0)
(-0.0278696 0.00206622 0)
(-0.022634 0.00928195 0)
(-0.0137406 0.0101754 0)
(-0.00389121 -0.000437341 0)
(-0.00264039 -0.014163 0)
(-0.00816315 -0.0156569 0)
(-0.00948512 -0.00266518 0)
(-0.0103347 -0.00274271 0)
(-0.00997447 -0.00103247 0)
(0.000845666 -0.00722609 0)
(0.00256086 -0.00683434 0)
(0.00430497 -0.00640277 0)
(0.00616663 -0.00574825 0)
(0.00782188 -0.0047843 0)
(0.00915121 -0.00384642 0)
(0.0102092 -0.00317904 0)
(0.0110675 -0.00269992 0)
(0.011724 -0.00220826 0)
(0.0120708 -0.0014097 0)
(0.0119963 -0.000512071 0)
(0.0114803 0.000294273 0)
(0.0105123 0.000898794 0)
(0.00909049 0.00135716 0)
(0.00725987 0.00192254 0)
(0.00517129 0.00298285 0)
(0.00325681 0.00490633 0)
(0.00265101 0.00766222 0)
(0.00391625 0.00936208 0)
(0.00572672 0.00889173 0)
(0.00574586 0.00641621 0)
(0.00271802 0.00359564 0)
(-0.00451804 0.00184185 0)
(0.000612716 -0.009373 0)
(0.00282683 -0.0083804 0)
(0.00490803 -0.00787331 0)
(0.00697966 -0.00716 0)
(0.00882817 -0.0059792 0)
(0.0104261 -0.00479195 0)
(0.0117229 -0.00389208 0)
(0.0126544 -0.00314346 0)
(0.0131364 -0.00236831 0)
(0.0131959 -0.00126275 0)
(0.0129264 -6.89208e-05 0)
(0.012349 0.00105122 0)
(0.0114058 0.00199243 0)
(0.0100259 0.00276937 0)
(0.00822478 0.00352161 0)
(0.006221 0.00444501 0)
(0.00449973 0.00566413 0)
(0.00377605 0.0070093 0)
(0.00408043 0.00775659 0)
(0.00436982 0.00785966 0)
(0.003343 0.00758158 0)
(0.000307802 0.0073597 0)
(-0.00476055 0.00720866 0)
(0.00182889 -0.0085408 0)
(0.00444086 -0.0092514 0)
(0.00616542 -0.0092328 0)
(0.00715903 -0.00865648 0)
(0.00854035 -0.00716973 0)
(0.0109108 -0.00571042 0)
(0.0131085 -0.00466635 0)
(0.0144656 -0.00368413 0)
(0.0148974 -0.00252578 0)
(0.0147427 -0.00112527 0)
(0.0144228 0.000270473 0)
(0.0139878 0.00159264 0)
(0.0133139 0.00284261 0)
(0.012214 0.00400889 0)
(0.0106079 0.00507352 0)
(0.00868154 0.00603495 0)
(0.0069952 0.00689901 0)
(0.00614709 0.00757631 0)
(0.00562934 0.00811218 0)
(0.00469657 0.00882579 0)
(0.00289058 0.00972889 0)
(-0.000239784 0.0106192 0)
(-0.00475975 0.0114072 0)
(0.00656252 -0.0172435 0)
(0.00573098 -0.0117349 0)
(0.00703524 -0.0109336 0)
(0.00261706 -0.00955008 0)
(0.000611171 -0.00841957 0)
(0.00580189 -0.00752797 0)
(0.0101896 -0.00584894 0)
(0.0117838 -0.00437385 0)
(0.0121534 -0.00269154 0)
(0.0122519 -0.0011346 0)
(0.0123907 0.000444429 0)
(0.0121772 0.00195354 0)
(0.0116447 0.00346191 0)
(0.0109615 0.00493377 0)
(0.0104457 0.00619168 0)
(0.00991477 0.00728863 0)
(0.009643 0.00770557 0)
(0.0101811 0.00800187 0)
(0.00727053 0.00932651 0)
(0.00290301 0.00980263 0)
(0.00148832 0.0111599 0)
(-1.72498e-05 0.0127974 0)
(-0.00524411 0.014695 0)
(-0.0082445 -0.0211263 0)
(-0.00507963 -0.0175288 0)
(-0.00796956 -0.00980201 0)
(-0.0380889 0.00612676 0)
(-0.0433725 -0.0190407 0)
(-0.0308746 -0.023766 0)
(-0.0217507 -0.0153164 0)
(-0.0148906 -0.00835996 0)
(-0.0104087 -0.00379325 0)
(-0.0060207 -0.00192933 0)
(-0.00150186 0.000306569 0)
(0.00231069 0.00260383 0)
(0.00519863 0.00498955 0)
(0.00725401 0.00715852 0)
(0.00797561 0.00861937 0)
(0.00668652 0.0104483 0)
(0.00411002 0.0092797 0)
(0.00356228 0.00944999 0)
(0.0017261 0.0231779 0)
(-0.00828532 0.0174042 0)
(-0.0145021 0.018168 0)
(-0.0159561 0.0224033 0)
(-0.011386 0.0322825 0)
(-0.00858025 -0.00409773 0)
(-0.0092873 -0.0113892 0)
(-0.0113861 0.0093222 0)
(-0.00807093 0.0308821 0)
(-0.000444688 -0.0200103 0)
(-0.00954706 -0.0223076 0)
(-0.0202428 -0.016925 0)
(-0.0201883 -0.0122307 0)
(-0.0169328 -0.00932966 0)
(-0.0133063 -0.00846734 0)
(-0.00991664 -0.0062107 0)
(-0.00657415 -0.00335853 0)
(-0.00417529 -0.000204437 0)
(-0.00400407 0.00351614 0)
(-0.00765388 0.00747656 0)
(-0.0158085 0.013792 0)
(-0.0281393 0.0140261 0)
(-0.0358601 0.00789655 0)
(-0.0318187 0.0197933 0)
(-0.0288606 0.0223162 0)
(-0.0337403 0.0198871 0)
(-0.0326486 0.0112695 0)
(-0.0235595 0.0122665 0)
(0.00213798 0.000281502 0)
(-0.00833711 -0.011291 0)
(-0.0133056 -0.000582852 0)
(0.0025479 0.00859532 0)
(0.00633409 -0.018569 0)
(-0.00725802 -0.00810059 0)
(-0.0123701 -0.0106465 0)
(-0.0174303 -0.0121857 0)
(-0.0204016 -0.0114514 0)
(-0.0221368 -0.0103726 0)
(-0.0234909 -0.00823759 0)
(-0.0247362 -0.00450069 0)
(-0.0268115 0.000583375 0)
(-0.0307647 0.00775596 0)
(-0.0367445 0.0161537 0)
(-0.0420058 0.0248528 0)
(-0.0428592 0.0238059 0)
(-0.0415286 0.0104949 0)
(-0.0408515 0.0145378 0)
(-0.0387496 0.0231134 0)
(-0.0333804 0.0187783 0)
(-0.0260734 0.00536424 0)
(-0.0243377 0.0110979 0)
(0.00440409 -0.000128062 0)
(-0.00027964 -0.00101764 0)
(-0.00485611 -0.000551539 0)
(0.000699728 -0.00109458 0)
(-0.00181631 -0.00922148 0)
(-0.00984456 -0.0029849 0)
(-0.0128048 -0.00416344 0)
(-0.0171687 -0.00612039 0)
(-0.0215978 -0.00659687 0)
(-0.0256589 -0.00616269 0)
(-0.029435 -0.00434387 0)
(-0.0329567 -0.000663526 0)
(-0.0364787 0.00523512 0)
(-0.0401208 0.013107 0)
(-0.0431155 0.0208337 0)
(-0.0432829 0.0244394 0)
(-0.0400307 0.0181512 0)
(-0.0381525 0.00974121 0)
(-0.0379384 0.0134827 0)
(-0.0324714 0.016169 0)
(-0.0235628 0.00946269 0)
(-0.0201274 0.00235727 0)
(-0.0218727 0.0130299 0)
(0.00169555 -0.00291322 0)
(0.00157238 -0.0003509 0)
(-0.000436273 0.000802864 0)
(-0.000166936 0.000952448 0)
(-0.00379472 -0.00268594 0)
(-0.00895418 -0.000140735 0)
(-0.0119664 -0.000646739 0)
(-0.0159816 -0.00165559 0)
(-0.0203119 -0.00194271 0)
(-0.0245927 -0.00162279 0)
(-0.0287366 -9.21909e-05 0)
(-0.0325313 0.00311109 0)
(-0.0357096 0.00844918 0)
(-0.0377249 0.0151738 0)
(-0.0376684 0.0206656 0)
(-0.035166 0.021305 0)
(-0.0323708 0.0146922 0)
(-0.0318645 0.00959076 0)
(-0.0305887 0.0108171 0)
(-0.0255836 0.00844804 0)
(-0.020722 0.00393984 0)
(-0.0202066 0.0044734 0)
(-0.0198774 0.0106831 0)
(0.000401773 -0.00395445 0)
(0.000665877 0.000200593 0)
(-0.000376314 0.00189027 0)
(-0.00135124 0.00254804 0)
(-0.00432509 0.00165878 0)
(-0.00795466 0.00299465 0)
(-0.0108262 0.00290469 0)
(-0.0142398 0.0023369 0)
(-0.0179052 0.00211849 0)
(-0.0215707 0.00241803 0)
(-0.0251545 0.00370683 0)
(-0.0284163 0.00633592 0)
(-0.0308371 0.0105224 0)
(-0.0316557 0.0153637 0)
(-0.030373 0.0186181 0)
(-0.0275866 0.0181237 0)
(-0.0254629 0.0133738 0)
(-0.024946 0.00938977 0)
(-0.0236838 0.00787115 0)
(-0.0212223 0.00470269 0)
(-0.0198464 0.00268504 0)
(-0.0196997 0.00464535 0)
(-0.0183864 0.00762975 0)
(-0.000370638 -0.0038697 0)
(-0.0007383 0.000618577 0)
(-0.0016168 0.00296767 0)
(-0.00282747 0.00426448 0)
(-0.00501356 0.00467531 0)
(-0.00756963 0.00562548 0)
(-0.00995144 0.00580677 0)
(-0.0126046 0.00553997 0)
(-0.0154145 0.00536732 0)
(-0.0182639 0.00565946 0)
(-0.0210787 0.00676564 0)
(-0.0235996 0.00884379 0)
(-0.0252786 0.0117958 0)
(-0.0255002 0.0148463 0)
(-0.0241543 0.0165127 0)
(-0.0219767 0.0156644 0)
(-0.0203485 0.0123701 0)
(-0.0196767 0.00883805 0)
(-0.0188379 0.00615595 0)
(-0.0178169 0.00364284 0)
(-0.0175372 0.00270896 0)
(-0.0175599 0.00403983 0)
(-0.0166711 0.00566312 0)
(-0.000901715 -0.00285667 0)
(-0.0018799 0.00152162 0)
(-0.00292393 0.0040903 0)
(-0.00414883 0.00575088 0)
(-0.00577744 0.00676463 0)
(-0.00758922 0.00765395 0)
(-0.00939425 0.00799888 0)
(-0.011336 0.00789841 0)
(-0.0133879 0.00779326 0)
(-0.015525 0.00811965 0)
(-0.017634 0.00906573 0)
(-0.0194097 0.0106072 0)
(-0.0204287 0.0124989 0)
(-0.0203561 0.0142158 0)
(-0.0192394 0.0148974 0)
(-0.0176444 0.0139344 0)
(-0.016406 0.0114247 0)
(-0.0157852 0.0082875 0)
(-0.0153469 0.00543745 0)
(-0.0150739 0.00342453 0)
(-0.0151827 0.00286421 0)
(-0.0153022 0.00378604 0)
(-0.014847 0.00469639 0)
(-0.00120679 -0.00120945 0)
(-0.00261669 0.0028172 0)
(-0.00387045 0.00531519 0)
(-0.00510494 0.00706148 0)
(-0.0064134 0.00827403 0)
(-0.00774594 0.00915719 0)
(-0.00906579 0.00958501 0)
(-0.0104645 0.00958692 0)
(-0.0119789 0.00957807 0)
(-0.0135623 0.00993181 0)
(-0.0150453 0.0106772 0)
(-0.0161687 0.011696 0)
(-0.0166864 0.0127888 0)
(-0.0164505 0.0136177 0)
(-0.0155429 0.0136901 0)
(-0.0143415 0.0126718 0)
(-0.0133496 0.0106149 0)
(-0.0128331 0.00790119 0)
(-0.0127159 0.0052927 0)
(-0.0128761 0.00356083 0)
(-0.0132123 0.0031138 0)
(-0.0133896 0.00372231 0)
(-0.0130952 0.0041756 0)
(-0.00135208 0.000805195 0)
(-0.00301421 0.0043731 0)
(-0.00443278 0.00665133 0)
(-0.00569788 0.00828527 0)
(-0.00685172 0.0094679 0)
(-0.00791095 0.010294 0)
(-0.00890859 0.0107344 0)
(-0.00995176 0.010828 0)
(-0.0110838 0.0109019 0)
(-0.012212 0.0112061 0)
(-0.0131694 0.0116998 0)
(-0.0137997 0.0122766 0)
(-0.0139808 0.0128031 0)
(-0.013651 0.0130526 0)
(-0.0128919 0.0127421 0)
(-0.0119487 0.0116897 0)
(-0.0111372 0.00992787 0)
(-0.0107157 0.00767319 0)
(-0.010753 0.00545807 0)
(-0.0111136 0.00392076 0)
(-0.0115525 0.00345604 0)
(-0.0117177 0.00367137 0)
(-0.0114478 0.00375769 0)
(-0.00138901 0.0029667 0)
(-0.00318471 0.00608978 0)
(-0.00471671 0.00807563 0)
(-0.0060155 0.00948552 0)
(-0.00710872 0.0105141 0)
(-0.00803604 0.0112223 0)
(-0.00885818 0.0116191 0)
(-0.00966613 0.0117645 0)
(-0.0104897 0.0118556 0)
(-0.0112448 0.01204 0)
(-0.0118167 0.0122839 0)
(-0.0121188 0.0125201 0)
(-0.0120889 0.0126473 0)
(-0.0117126 0.0125176 0)
(-0.0110639 0.0119684 0)
(-0.0103105 0.0109049 0)
(-0.00966341 0.00936174 0)
(-0.00931279 0.00751099 0)
(-0.00935292 0.00569593 0)
(-0.00970328 0.00435259 0)
(-0.0100745 0.00376067 0)
(-0.0101667 0.00358856 0)
(-0.00991884 0.00336864 0)
(-0.00138026 0.00517484 0)
(-0.00323298 0.00789956 0)
(-0.00482574 0.00955404 0)
(-0.00614337 0.0106873 0)
(-0.00721442 0.0115003 0)
(-0.00808115 0.0120472 0)
(-0.00880492 0.012352 0)
(-0.00945062 0.0124705 0)
(-0.0100388 0.0125098 0)
(-0.0105226 0.0125495 0)
(-0.0108346 0.0125792 0)
(-0.0109259 0.0125522 0)
(-0.0107705 0.0123961 0)
(-0.0103782 0.0120173 0)
(-0.00981418 0.0113245 0)
(-0.009198 0.010274 0)
(-0.00867496 0.00890568 0)
(-0.00837541 0.00735534 0)
(-0.00836038 0.0058555 0)
(-0.00856071 0.00467174 0)
(-0.00877072 0.00394094 0)
(-0.00878931 0.00348599 0)
(-0.00856607 0.00302874 0)
(-0.00138022 0.00738639 0)
(-0.00322756 0.00974145 0)
(-0.00482709 0.0110492 0)
(-0.00614127 0.0118874 0)
(-0.00719487 0.0124577 0)
(-0.00802435 0.0128147 0)
(-0.00868175 0.0129855 0)
(-0.0092146 0.0130107 0)
(-0.00964135 0.0129492 0)
(-0.00994218 0.0128431 0)
(-0.0100841 0.0126891 0)
(-0.0100446 0.0124562 0)
(-0.00981875 0.0120962 0)
(-0.00942761 0.011552 0)
(-0.00892675 0.0107749 0)
(-0.00840301 0.00975028 0)
(-0.00795585 0.00851855 0)
(-0.00766959 0.00718142 0)
(-0.0075771 0.00589261 0)
(-0.0076255 0.0048084 0)
(-0.00768281 0.00399555 0)
(-0.00762254 0.00336005 0)
(-0.00740515 0.00273516 0)
(-0.00139278 0.00959026 0)
(-0.00319553 0.0115613 0)
(-0.00476028 0.0125272 0)
(-0.00604748 0.0130693 0)
(-0.00707279 0.0133878 0)
(-0.00786598 0.0135377 0)
(-0.00846994 0.0135453 0)
(-0.00892162 0.0134377 0)
(-0.0092397 0.0132478 0)
(-0.00942151 0.012997 0)
(-0.00945628 0.012683 0)
(-0.00933899 0.0122859 0)
(-0.00907701 0.0117752 0)
(-0.00869547 0.0111178 0)
(-0.0082406 0.0102899 0)
(-0.00777585 0.00929214 0)
(-0.00736906 0.00816078 0)
(-0.00707363 0.0069693 0)
(-0.00690632 0.00581713 0)
(-0.00683036 0.00479617 0)
(-0.00676477 0.00394091 0)
(-0.00663273 0.00319834 0)
(-0.00640669 0.00246797 0)
(-0.00140027 0.0117778 0)
(-0.00313818 0.013325 0)
(-0.00464497 0.0139623 0)
(-0.00588511 0.014214 0)
(-0.00686672 0.0142803 0)
(-0.00761612 0.0142163 0)
(-0.00816985 0.0140454 0)
(-0.00855872 0.0137856 0)
(-0.00880195 0.0134545 0)
(-0.00890685 0.0130625 0)
(-0.00887587 0.0126071 0)
(-0.0087147 0.0120754 0)
(-0.00843724 0.0114489 0)
(-0.00806891 0.0107097 0)
(-0.00764754 0.00984798 0)
(-0.00721977 0.00887127 0)
(-0.0068322 0.00780969 0)
(-0.00651908 0.00671515 0)
(-0.00628939 0.0056515 0)
(-0.00611941 0.00467333 0)
(-0.00596099 0.00379912 0)
(-0.00576886 0.00299782 0)
(-0.00552583 0.00220868 0)
(-0.00138685 0.0139313 0)
(-0.00305816 0.0150199 0)
(-0.00449495 0.0153354 0)
(-0.00566817 0.015303 0)
(-0.00658993 0.0151221 0)
(-0.00728566 0.0148453 0)
(-0.00778794 0.014492 0)
(-0.00812378 0.0140738 0)
(-0.00831254 0.0135992 0)
(-0.0083667 0.0130725 0)
(-0.00829592 0.0124906 0)
(-0.00811172 0.0118454 0)
(-0.00783077 0.011126 0)
(-0.00747684 0.0103233 0)
(-0.00708063 0.00943525 0)
(-0.00667682 0.0084714 0)
(-0.006298 0.00745561 0)
(-0.00596697 0.00642409 0)
(-0.00568949 0.00541794 0)
(-0.00545145 0.00447002 0)
(-0.00522512 0.00359049 0)
(-0.00498474 0.00276078 0)
(-0.00472074 0.00194407 0)
(-0.00134997 0.0160282 0)
(-0.00295681 0.0166451 0)
(-0.00431377 0.0166283 0)
(-0.00540139 0.0163186 0)
(-0.00624907 0.0159004 0)
(-0.00688234 0.0154184 0)
(-0.00733088 0.0148873 0)
(-0.00761892 0.0143133 0)
(-0.00776527 0.0136996 0)
(-0.0077846 0.0130467 0)
(-0.00768987 0.0123514 0)
(-0.00749511 0.0116082 0)
(-0.00721747 0.0108109 0)
(-0.0068782 0.00995549 0)
(-0.00650213 0.00904352 0)
(-0.00611542 0.00808437 0)
(-0.0057415 0.00709629 0)
(-0.00539638 0.0061044 0)
(-0.00508471 0.00513532 0)
(-0.004799 0.00420915 0)
(-0.00452401 0.00333159 0)
(-0.00424576 0.0024913 0)
(-0.00395978 0.00166591 0)
(-0.00130746 0.0180519 0)
(-0.00283182 0.0181941 0)
(-0.00409192 0.0178231 0)
(-0.0050801 0.0172467 0)
(-0.00584449 0.0166053 0)
(-0.00640999 0.0159309 0)
(-0.00680374 0.015232 0)
(-0.00704757 0.0145106 0)
(-0.00715917 0.0137663 0)
(-0.00715357 0.0129972 0)
(-0.00704466 0.0122001 0)
(-0.00684692 0.0113709 0)
(-0.00657661 0.010506 0)
(-0.00625215 0.00960431 0)
(-0.00589364 0.00866855 0)
(-0.00552112 0.00770698 0)
(-0.00515199 0.00673327 0)
(-0.00479813 0.00576478 0)
(-0.00446389 0.00481888 0)
(-0.00414608 0.00390804 0)
(-0.00383699 0.00303547 0)
(-0.00352966 0.00219407 0)
(-0.00322271 0.00137008 0)
(-0.00125149 0.019984 0)
(-0.002661 0.0196427 0)
(-0.00380743 0.0189091 0)
(-0.00469395 0.0180806 0)
(-0.00537333 0.0172329 0)
(-0.00587039 0.0163814 0)
(-0.00621056 0.0155279 0)
(-0.00641375 0.0146706 0)
(-0.00649631 0.0138064 0)
(-0.00647255 0.0129318 0)
(-0.00635596 0.0120434 0)
(-0.00616022 0.0111379 0)
(-0.00589996 0.0102131 0)
(-0.00559084 0.00926903 0)
(-0.00524911 0.00830875 0)
(-0.00489035 0.00733901 0)
(-0.00452786 0.00636987 0)
(-0.0041709 0.00541331 0)
(-0.0038237 0.00448072 0)
(-0.00348574 0.00357987 0)
(-0.00315374 0.00271252 0)
(-0.00282483 0.00187398 0)
(-0.00249935 0.0010556 0)
(-0.0011516 0.0217824 0)
(-0.00242352 0.0209611 0)
(-0.00345111 0.0198865 0)
(-0.00423982 0.0188219 0)
(-0.00483622 0.0177842 0)
(-0.00526674 0.0167715 0)
(-0.00555605 0.015778 0)
(-0.00572254 0.0147978 0)
(-0.00578099 0.0138254 0)
(-0.0057444 0.0128562 0)
(-0.00562502 0.0118862 0)
(-0.00543509 0.0109125 0)
(-0.00518726 0.00993367 0)
(-0.0048946 0.00895002 0)
(-0.00457019 0.00796436 0)
(-0.00422631 0.00698197 0)
(-0.00387331 0.00601016 0)
(-0.00351869 0.00505718 0)
(-0.00316653 0.00413051 0)
(-0.00281785 0.00323494 0)
(-0.00247189 0.00237126 0)
(-0.00212806 0.00153613 0)
(-0.0017876 0.000723834 0)
(-0.00101737 0.0233971 0)
(-0.00213971 0.0221325 0)
(-0.0030424 0.0207543 0)
(-0.00372852 0.0194715 0)
(-0.00424048 0.0182609 0)
(-0.00460552 0.0171037 0)
(-0.00484677 0.0159858 0)
(-0.00498052 0.0148966 0)
(-0.00501948 0.0138283 0)
(-0.00497476 0.012775 0)
(-0.00485685 0.0117325 0)
(-0.00467617 0.0106978 0)
(-0.00444326 0.00966968 0)
(-0.00416882 0.0086486 0)
(-0.00386331 0.00763683 0)
(-0.0035364 0.00663835 0)
(-0.00319631 0.00565846 0)
(-0.0028492 0.00470281 0)
(-0.00249891 0.00377624 0)
(-0.00214725 0.00288161 0)
(-0.00179486 0.00201901 0)
(-0.00144235 0.00118578 0)
(-0.00109134 0.000377852 0)
(-0.000879962 0.0248038 0)
(-0.00183948 0.0231476 0)
(-0.00260224 0.0215015 0)
(-0.00317378 0.0200234 0)
(-0.00359584 0.0186615 0)
(-0.003895 0.0173797 0)
(-0.00409073 0.0161547 0)
(-0.00419573 0.0149713 0)
(-0.00421973 0.0138196 0)
(-0.00417139 0.0126927 0)
(-0.00405906 0.011586 0)
(-0.0038911 0.0104967 0)
(-0.00367597 0.00942354 0)
(-0.00342214 0.00836687 0)
(-0.00313787 0.00732845 0)
(-0.00283074 0.00631128 0)
(-0.0025073 0.00531917 0)
(-0.00217262 0.00435596 0)
(-0.00183025 0.00342474 0)
(-0.00148234 0.00252705 0)
(-0.00113021 0.00166242 0)
(-0.000775076 0.000828473 0)
(-0.000418621 2.19817e-05 0)
(-0.000748042 0.0260005 0)
(-0.0015355 0.0239949 0)
(-0.00214232 0.022112 0)
(-0.00258519 0.0204674 0)
(-0.00291057 0.0189823 0)
(-0.00314351 0.0176003 0)
(-0.00329677 0.016288 0)
(-0.00337739 0.0150263 0)
(-0.00339113 0.0138038 0)
(-0.00334374 0.0126135 0)
(-0.00324118 0.0114507 0)
(-0.00308964 0.0103126 0)
(-0.00289551 0.00919815 0)
(-0.00266525 0.00810753 0)
(-0.00240516 0.00704214 0)
(-0.00212112 0.00600427 0)
(-0.00181827 0.00499668 0)
(-0.00150082 0.00402199 0)
(-0.00117192 0.0030821 0)
(-0.000833836 0.00217766 0)
(-0.000488188 0.00130772 0)
(-0.000136432 0.000469949 0)
(0.000219804 -0.000338536 0)
(-0.000625805 0.0269896 0)
(-0.00123433 0.0246626 0)
(-0.00166867 0.0225674 0)
(-0.00196781 0.020791 0)
(-0.00219068 0.0192203 0)
(-0.00235915 0.0177678 0)
(-0.00247449 0.0163899 0)
(-0.00253582 0.0150663 0)
(-0.0025443 0.0137858 0)
(-0.00250255 0.012542 0)
(-0.00241408 0.0113305 0)
(-0.00228291 0.0101492 0)
(-0.00211341 0.00899685 0)
(-0.00191015 0.00787382 0)
(-0.00167768 0.00678129 0)
(-0.00142038 0.00572111 0)
(-0.00114223 0.00469538 0)
(-0.000846671 0.00370596 0)
(-0.000536487 0.00275397 0)
(-0.000213887 0.00183942 0)
(0.000119369 0.000960973 0)
(0.000461748 0.000116181 0)
(0.000811743 -0.000697802 0)
(-0.000515582 0.0277786 0)
(-0.000935342 0.0251401 0)
(-0.00118059 0.022847 0)
(-0.00132214 0.0209817 0)
(-0.00144097 0.019376 0)
(-0.00155085 0.0178871 0)
(-0.00163476 0.0164662 0)
(-0.00168247 0.0150967 0)
(-0.00169078 0.0137705 0)
(-0.00165943 0.0124827 0)
(-0.00158952 0.0112299 0)
(-0.00148293 0.0100103 0)
(-0.00134204 0.00882336 0)
(-0.00116957 0.00766939 0)
(-0.000968502 0.00654963 0)
(-0.00074186 0.00546579 0)
(-0.000492605 0.00441968 0)
(-0.000223502 0.00341275 0)
(6.30006e-05 0.00244566 0)
(0.000364765 0.00151799 0)
(0.00067996 0.000628093 0)
(0.00100703 -0.000226729 0)
(0.00134459 -0.00104949 0)
(-0.000388063 0.028371 0)
(-0.000604174 0.0254192 0)
(-0.000658334 0.0229398 0)
(-0.000646274 0.021036 0)
(-0.00067051 0.0194552 0)
(-0.000731057 0.0179657 0)
(-0.000790374 0.0165229 0)
(-0.000829605 0.0151228 0)
(-0.000842496 0.0137628 0)
(-0.000826245 0.0124402 0)
(-0.000779528 0.0111531 0)
(-0.000702005 0.00990034 0)
(-0.000594005 0.00868176 0)
(-0.000456475 0.00749819 0)
(-0.00029085 0.00635113 0)
(-9.89313e-05 0.00524245 0)
(0.000117239 0.00417398 0)
(0.000355479 0.00314706 0)
(0.0006136 0.00216223 0)
(0.000889498 0.00121878 0)
(0.00118126 0.000314816 0)
(0.00148727 -0.000552691 0)
(0.00180623 -0.00138712 0)
(-0.000147471 0.028715 0)
(-0.000139801 0.0254936 0)
(-5.09984e-05 0.0228806 0)
(5.61614e-05 0.0209853 0)
(9.84326e-05 0.0194682 0)
(8.27279e-05 0.0180094 0)
(4.56849e-05 0.0165639 0)
(1.15906e-05 0.0151485 0)
(-1.0361e-05 0.013767 0)
(-1.41793e-05 0.0124194 0)
(4.31862e-06 0.011105 0)
(4.78534e-05 0.00982379 0)
(0.000118303 0.00857644 0)
(0.000216501 0.00736447 0)
(0.000342471 0.00618997 0)
(0.000495559 0.00505526 0)
(0.00067454 0.00396253 0)
(0.000877729 0.00291337 0)
(0.00110311 0.00190839 0)
(0.00134853 0.000946859 0)
(0.00161189 2.66145e-05 0)
(0.00189141 -0.000855782 0)
(0.00218583 -0.00170426 0)
(0.000233421 0.0286231 0)
(0.000479015 0.0253816 0)
(0.000656879 0.022733 0)
(0.000799157 0.0208854 0)
(0.000871211 0.0194339 0)
(0.000888118 0.0180217 0)
(0.000869606 0.0165924 0)
(0.000835189 0.0151783 0)
(0.000797809 0.0137885 0)
(0.000767375 0.0124256 0)
(0.000751407 0.0110909 0)
(0.000755403 0.00978572 0)
(0.000783278 0.00851212 0)
(0.000837559 0.00727267 0)
(0.000919619 0.00607037 0)
(0.00102984 0.00490833 0)
(0.00116773 0.00378942 0)
(0.001332 0.0027158 0)
(0.00152074 0.00168846 0)
(0.00173159 0.000706826 0)
(0.00196209 -0.000231479 0)
(0.00221018 -0.00113045 0)
(0.00247457 -0.00199481 0)
(0.000670967 0.0280039 0)
(0.00117636 0.0250758 0)
(0.00144501 0.0225315 0)
(0.00160536 0.0207751 0)
(0.00168075 0.0193814 0)
(0.00170619 0.0180143 0)
(0.00168969 0.0166177 0)
(0.00164121 0.0152211 0)
(0.00157685 0.0138355 0)
(0.00151038 0.0124663 0)
(0.00145232 0.0111172 0)
(0.00141048 0.00979179 0)
(0.0013905 0.0084938 0)
(0.00139628 0.00722727 0)
(0.00143031 0.00599646 0)
(0.00149384 0.00480555 0)
(0.00158703 0.0036584 0)
(0.00170895 0.00255806 0)
(0.00185767 0.00150621 0)
(0.00203049 0.000502681 0)
(0.00222438 -0.000455043 0)
(0.00243675 -0.00137171 0)
(0.00266618 -0.00225319 0)
(0.00107788 0.026836 0)
(0.00189884 0.024533 0)
(0.00229182 0.022274 0)
(0.00247523 0.020663 0)
(0.0025464 0.0193305 0)
(0.00255687 0.0180116 0)
(0.00251357 0.0166608 0)
(0.00242861 0.0152935 0)
(0.00232094 0.0139209 0)
(0.00220664 0.0125513 0)
(0.00209794 0.0111916 0)
(0.00200387 0.00984798 0)
(0.00193103 0.00852639 0)
(0.00188414 0.00723256 0)
(0.00186644 0.00597211 0)
(0.00187986 0.00475052 0)
(0.00192514 0.00357285 0)
(0.00200169 0.00244333 0)
(0.0021076 0.00136476 0)
(0.00223969 0.000337682 0)
(0.00239402 -0.000640389 0)
(0.00256712 -0.00157526 0)
(0.0027574 -0.0024745 0)
(0.00146195 0.0251374 0)
(0.00263936 0.0237138 0)
(0.00319327 0.021927 0)
(0.00342366 0.0205373 0)
(0.00347828 0.0192986 0)
(0.00343854 0.0180471 0)
(0.00333419 0.0167503 0)
(0.00318764 0.0154168 0)
(0.00301947 0.0140597 0)
(0.00284586 0.0126911 0)
(0.00267888 0.0113214 0)
(0.00252737 0.00995972 0)
(0.00239784 0.00861418 0)
(0.00229514 0.00729215 0)
(0.0022228 0.00600063 0)
(0.00218326 0.00474635 0)
(0.00217781 0.00353567 0)
(0.00220638 0.00237428 0)
(0.00226721 0.00126652 0)
(0.00235662 0.000214235 0)
(0.00246931 -0.000784692 0)
(0.00260043 -0.00173759 0)
(0.00274812 -0.00265464 0)
(0.00194978 0.0228682 0)
(0.00351066 0.0226091 0)
(0.004203 0.0214714 0)
(0.00445093 0.0204056 0)
(0.00444774 0.0193196 0)
(0.00431929 0.0181568 0)
(0.00412528 0.0169149 0)
(0.00389724 0.0156112 0)
(0.00365581 0.0142652 0)
(0.00341527 0.0128941 0)
(0.00318568 0.011512 0)
(0.00297428 0.0101306 0)
(0.00278647 0.00875991 0)
(0.00262651 0.00740853 0)
(0.00249782 0.00608454 0)
(0.00240318 0.00479565 0)
(0.00234454 0.00354945 0)
(0.00232267 0.00235321 0)
(0.00233642 0.00121334 0)
(0.00238184 0.000133915 0)
(0.0024517 -0.000885995 0)
(0.00253888 -0.00185597 0)
(0.00264126 -0.00279037 0)
(0.00268304 0.0198524 0)
(0.00463731 0.0212292 0)
(0.00536699 0.0209709 0)
(0.00553174 0.0203312 0)
(0.00540506 0.0194412 0)
(0.00515209 0.0183724 0)
(0.00484883 0.0171755 0)
(0.00452894 0.0158896 0)
(0.00420975 0.0145448 0)
(0.00390133 0.0131641 0)
(0.00361008 0.011765 0)
(0.00334044 0.0103613 0)
(0.0030959 0.00896403 0)
(0.00287954 0.00758256 0)
(0.00269436 0.00622536 0)
(0.00254333 0.00490064 0)
(0.00242923 0.00361677 0)
(0.00235417 0.00238255 0)
(0.00231852 0.00120693 0)
(0.00231889 9.76625e-05 0)
(0.00234542 -0.000943064 0)
(0.00238732 -0.00192827 0)
(0.00244234 -0.00287927 0)
(0.00378638 0.0157803 0)
(0.00604013 0.0196339 0)
(0.00666432 0.0205693 0)
(0.00660821 0.0204153 0)
(0.00628528 0.0197158 0)
(0.00588018 0.0187182 0)
(0.00546125 0.017542 0)
(0.00505214 0.0162542 0)
(0.0046615 0.0148965 0)
(0.00429262 0.0134972 0)
(0.00394696 0.0120761 0)
(0.00362549 0.0106478 0)
(0.00332936 0.00922354 0)
(0.00306021 0.00781251 0)
(0.0028203 0.00642289 0)
(0.00261263 0.00506259 0)
(0.00244086 0.00374005 0)
(0.00230896 0.00246497 0)
(0.00222025 0.00124901 0)
(0.0021739 0.000105633 0)
(0.00215669 -0.000955475 0)
(0.00215223 -0.00195279 0)
(0.00215849 -0.00291982 0)
(0.00552028 0.0107957 0)
(0.007684 0.0180985 0)
(0.00800992 0.0204759 0)
(0.00756767 0.0207621 0)
(0.00699535 0.0201807 0)
(0.00643715 0.0191984 0)
(0.00591858 0.0180046 0)
(0.00543988 0.0166902 0)
(0.00499625 0.015305 0)
(0.00458286 0.0138792 0)
(0.00419606 0.0124327 0)
(0.00383361 0.0109793 0)
(0.00349454 0.00952953 0)
(0.00317904 0.00809164 0)
(0.00288848 0.00667274 0)
(0.00262551 0.00527965 0)
(0.00239423 0.00391977 0)
(0.00220052 0.0026023 0)
(0.00205226 0.00134053 0)
(0.0019553 0.000155815 0)
(0.0018922 -0.000924847 0)
(0.0018402 -0.00192869 0)
(0.00179723 -0.0029121 0)
(0.00709212 0.00224027 0)
(0.00921927 0.0163673 0)
(0.00913101 0.0208342 0)
(0.00821557 0.0214231 0)
(0.00742077 0.0208278 0)
(0.00676006 0.0197835 0)
(0.00618844 0.0185309 0)
(0.00567766 0.0171693 0)
(0.00520986 0.0157472 0)
(0.00477393 0.0142917 0)
(0.00436312 0.01282 0)
(0.00397343 0.0113442 0)
(0.00360266 0.00987307 0)
(0.00324996 0.00841356 0)
(0.00291568 0.0069714 0)
(0.00260147 0.00555176 0)
(0.0023106 0.00415986 0)
(0.00204939 0.00280209 0)
(0.00183105 0.00148958 0)
(0.00167477 0.000250483 0)
(0.00155596 -0.000851383 0)
(0.00145585 -0.00185519 0)
(0.00136573 -0.00285938 0)
(0.00548887 -0.00467755 0)
(0.0112329 0.0160952 0)
(0.00995939 0.0222039 0)
(0.00843012 0.0225041 0)
(0.00750875 0.0216496 0)
(0.00683903 0.0204554 0)
(0.00627968 0.0191156 0)
(0.00578045 0.0177001 0)
(0.00531786 0.0162415 0)
(0.00488026 0.0147592 0)
(0.00446148 0.0132665 0)
(0.00405795 0.0117728 0)
(0.00366749 0.0102857 0)
(0.0032888 0.00881093 0)
(0.00292122 0.00735324 0)
(0.00256462 0.00591638 0)
(0.00221936 0.00450319 0)
(0.00188821 0.00311546 0)
(0.0015863 0.00175555 0)
(0.00135259 0.000442251 0)
(0.00113473 -0.000703878 0)
(0.000994417 -0.00172378 0)
(0.000870034 -0.00277086 0)
(-0.000656392 -0.0152105 0)
(0.00996473 0.00999083 0)
(0.00869691 0.0233687 0)
(0.00797983 0.0238422 0)
(0.00733159 0.0226154 0)
(0.00678149 0.0212348 0)
(0.00628097 0.0198051 0)
(0.00581206 0.018339 0)
(0.00536433 0.0168472 0)
(0.0049323 0.0153403 0)
(0.00451291 0.0138281 0)
(0.00410409 0.0123184 0)
(0.00370423 0.0108176 0)
(0.00331189 0.00933129 0)
(0.00292558 0.00786406 0)
(0.00254323 0.00641979 0)
(0.00216109 0.00500138 0)
(0.00177432 0.00361076 0)
(0.00138882 0.00224386 0)
(0.00104716 0.000859739 0)
(0.000537055 -0.000371251 0)
(0.00041304 -0.0015018 0)
(0.000311578 -0.0026523 0)
(-0.0104955 0.00185364 0)
(-0.0120068 0.00195963 0)
(-0.014097 0.00206742 0)
(-0.0165127 0.0035699 0)
(-0.00888087 0.00637112 0)
(-0.0115207 0.00599433 0)
(-0.0141043 0.00605862 0)
(-0.0162445 0.00654461 0)
(-0.00895139 0.0116584 0)
(-0.011981 0.0116482 0)
(-0.0151058 0.011223 0)
(-0.0178066 0.0107005 0)
(-0.00961698 0.0144497 0)
(-0.0093286 0.0142402 0)
(-0.0102443 0.0145219 0)
(-0.0137313 0.0137417 0)
(-0.00921752 0.0207204 0)
(-0.00983498 0.0226619 0)
(-0.012121 0.031079 0)
(-0.0146808 0.0340328 0)
(-0.0226446 0.014578 0)
(-0.0255894 0.0216352 0)
(-0.0263823 0.023907 0)
(-0.022781 0.021403 0)
(-0.02733 0.0232382 0)
(-0.0265187 0.025083 0)
(-0.0226958 0.0169709 0)
(-0.0180868 0.0110169 0)
(-0.0186169 0.0197455 0)
(-0.0149209 0.016968 0)
(-0.0121519 0.00900441 0)
(-0.0108823 0.00403508 0)
(-0.0164154 0.0117768 0)
(-0.0139618 0.0102362 0)
(-0.0122978 0.00682922 0)
(-0.0117528 0.00381815 0)
(-0.0161161 0.00773068 0)
(-0.0147529 0.00689595 0)
(-0.0138228 0.00536625 0)
(-0.0134338 0.00371335 0)
(-0.0154597 0.00563151 0)
(-0.0147743 0.00518282 0)
(-0.0142955 0.00438808 0)
(-0.0140791 0.00340822 0)
(-0.0142257 0.00463371 0)
(-0.0138669 0.0043634 0)
(-0.013592 0.00388836 0)
(-0.0134326 0.00324276 0)
(-0.0126724 0.00404267 0)
(-0.0124019 0.00381622 0)
(-0.0121497 0.00345204 0)
(-0.0119291 0.00294452 0)
(-0.0110694 0.00350966 0)
(-0.0108077 0.00325303 0)
(-0.0105356 0.00289422 0)
(-0.0102584 0.00241929 0)
(-0.00958313 0.00299538 0)
(-0.00934338 0.00268587 0)
(-0.00908719 0.00229968 0)
(-0.00882182 0.00182467 0)
(-0.00828235 0.00254923 0)
(-0.00808028 0.00219396 0)
(-0.00786616 0.00178568 0)
(-0.00764862 0.00131581 0)
(-0.00716476 0.0021809 0)
(-0.00699835 0.00179633 0)
(-0.00682645 0.00137969 0)
(-0.00665668 0.000925544 0)
(-0.00619356 0.00187064 0)
(-0.00605164 0.00147239 0)
(-0.0059094 0.00105798 0)
(-0.00577235 0.000624189 0)
(-0.00532452 0.00159269 0)
(-0.00519497 0.00119195 0)
(-0.00506829 0.000785966 0)
(-0.0049481 0.000372823 0)
(-0.00451956 0.00132521 0)
(-0.00439287 0.00092877 0)
(-0.00427063 0.000534173 0)
(-0.0041551 0.000140255 0)
(-0.00375116 0.00105301 0)
(-0.00362094 0.000664264 0)
(-0.00349563 0.000281787 0)
(-0.00337651 -9.51387e-05 0)
(-0.00300258 0.000766967 0)
(-0.00286518 0.000386901 0)
(-0.00273237 1.57749e-05 0)
(-0.00260484 -0.00034687 0)
(-0.00226637 0.000462845 0)
(-0.00212028 9.08635e-05 0)
(-0.00197801 -0.000270641 0)
(-0.00183987 -0.000621981 0)
(-0.00154246 0.000140008 0)
(-0.00138776 -0.000225427 0)
(-0.00123588 -0.000579574 0)
(-0.00108687 -0.00092267 0)
(-0.00083623 -0.000199592 0)
(-0.000674157 -0.00056051 0)
(-0.000513794 -0.0009098 0)
(-0.000355037 -0.00124766 0)
(-0.000156821 -0.000552147 0)
(1.05743e-05 -0.000910777 0)
(0.000177374 -0.00125774 0)
(0.000343774 -0.00159321 0)
(0.000484254 -0.000912549 0)
(0.000654352 -0.00127111 0)
(0.000824913 -0.00161815 0)
(0.000996186 -0.00195385 0)
(0.0010743 -0.00127477 0)
(0.00124411 -0.00163536 0)
(0.00141535 -0.00198468 0)
(0.00158829 -0.00232295 0)
(0.00160044 -0.00163222 0)
(0.00176676 -0.0019967 0)
(0.00193536 -0.00235027 0)
(0.00210652 -0.00269316 0)
(0.00205048 -0.00197804 0)
(0.00221005 -0.00234805 0)
(0.00237263 -0.00270755 0)
(0.00253851 -0.00305681 0)
(0.00241372 -0.0023054 0)
(0.00256337 -0.0026823 0)
(0.00271662 -0.00304916 0)
(0.00287379 -0.00340626 0)
(0.00268164 -0.00260779 0)
(0.00281838 -0.00299267 0)
(0.0029592 -0.00336806 0)
(0.00310445 -0.00373425 0)
(0.00284841 -0.00287923 0)
(0.00296957 -0.00327297 0)
(0.00309519 -0.00365782 0)
(0.00322564 -0.00403413 0)
(0.00291134 -0.00311447 0)
(0.00301462 -0.00351774 0)
(0.00312265 -0.00391283 0)
(0.00323587 -0.00430012 0)
(0.00287095 -0.00330916 0)
(0.0029545 -0.00372248 0)
(0.00304308 -0.00412847 0)
(0.00313718 -0.00452753 0)
(0.0027309 -0.00345991 0)
(0.00279339 -0.0038838 0)
(0.00286124 -0.00430136 0)
(0.00293497 -0.00471294 0)
(0.00249751 -0.00356448 0)
(0.0025383 -0.0039996 0)
(0.0025849 -0.00442954 0)
(0.00263785 -0.00485455 0)
(0.00217914 -0.00362206 0)
(0.0021985 -0.0040695 0)
(0.00222439 -0.004513 0)
(0.00225728 -0.00495255 0)
(0.00178532 -0.00363406 0)
(0.00178507 -0.00409573 0)
(0.00179242 -0.00455449 0)
(0.00180752 -0.00500992 0)
(0.00132666 -0.00360592 0)
(0.00131107 -0.0040846 0)
(0.00130441 -0.00456071 0)
(0.00130609 -0.00503321 0)
(0.000816486 -0.00355092 0)
(0.000793628 -0.00404983 0)
(0.000780576 -0.00454438 0)
(0.000775562 -0.00503343 0)
(0.000274735 -0.00348241 0)
(0.000260248 -0.00400646 0)
(0.000251975 -0.00452061 0)
(0.000247975 -0.00502482 0)
(-0.0153814 0.0112713 0)
(-0.0143024 0.00767719 0)
(-0.0162551 0.00505946 0)
(-0.0186313 0.00343081 0)
(-0.0208263 0.00252142 0)
(-0.0226141 0.00219485 0)
(-0.0241583 0.0014926 0)
(-0.0259456 0.000138802 0)
(-0.0284984 -0.00151404 0)
(-0.031281 -0.00256483 0)
(-0.0308884 -7.88907e-05 0)
(-0.0250211 0.00373255 0)
(-0.0156418 0.00333518 0)
(-0.00777165 -0.00379501 0)
(-0.00773808 -0.0120155 0)
(-0.012983 -0.0131487 0)
(-0.0129974 -0.00365769 0)
(-0.00895541 -0.00314093 0)
(-0.00643342 -0.00717423 0)
(-0.0178434 0.0083985 0)
(-0.0182478 0.00762222 0)
(-0.0203829 0.006337 0)
(-0.0230885 0.00514111 0)
(-0.0257176 0.00412295 0)
(-0.0277133 0.00336349 0)
(-0.028943 0.00252881 0)
(-0.0297484 0.00146325 0)
(-0.0305644 0.000112355 0)
(-0.0312916 -0.0017581 0)
(-0.0303434 -0.00261343 0)
(-0.0261337 -0.00242295 0)
(-0.0196161 -0.00340327 0)
(-0.0144156 -0.00637534 0)
(-0.0137703 -0.0095192 0)
(-0.0159715 -0.0108706 0)
(-0.0140075 -0.00796349 0)
(-0.00690245 -0.00786535 0)
(-0.00161191 -0.0118818 0)
(-0.02039 0.0102978 0)
(-0.0213531 0.00942288 0)
(-0.023765 0.00831053 0)
(-0.0270235 0.00715797 0)
(-0.0299353 0.00597633 0)
(-0.0317782 0.00455666 0)
(-0.0326674 0.00298949 0)
(-0.0324699 0.0014747 0)
(-0.0314141 -3.14907e-05 0)
(-0.0304572 -0.00204723 0)
(-0.0295352 -0.00396713 0)
(-0.0268363 -0.00527327 0)
(-0.0221959 -0.00657583 0)
(-0.0181684 -0.00797744 0)
(-0.0163762 -0.00919789 0)
(-0.0158745 -0.0107162 0)
(-0.0124013 -0.0116551 0)
(-0.00456673 -0.0122463 0)
(0.00213206 -0.0128482 0)
(-0.0184736 0.0111828 0)
(-0.0202854 0.0103722 0)
(-0.022767 0.00957197 0)
(-0.0280637 0.00856232 0)
(-0.0307474 0.00697217 0)
(-0.0297977 0.00546235 0)
(-0.0301461 0.00342827 0)
(-0.0303817 0.00125995 0)
(-0.0292489 -0.000827403 0)
(-0.0279055 -0.00242733 0)
(-0.0271354 -0.00421459 0)
(-0.0248221 -0.00633106 0)
(-0.0204202 -0.00804891 0)
(-0.0167186 -0.00925972 0)
(-0.0150045 -0.0105476 0)
(-0.0141823 -0.0118257 0)
(-0.0110012 -0.0144911 0)
(-0.00481872 -0.0154844 0)
(-0.0108991 -0.0177524 0)
(-0.015989 0.0209895 0)
(-0.0131094 0.0166147 0)
(-0.0117214 0.019599 0)
(-0.0208838 0.0268301 0)
(-0.0230551 0.00671443 0)
(-0.0163559 0.0036143 0)
(-0.0107677 0.00386437 0)
(-0.00813522 -0.000706211 0)
(-0.00552724 -0.00519813 0)
(-0.00201836 -0.00681703 0)
(0.00186336 -0.010002 0)
(0.00628842 -0.0184605 0)
(0.0122555 -0.0225689 0)
(0.014623 -0.0182758 0)
(0.0137291 -0.0156078 0)
(0.0158333 -0.0208816 0)
(0.0188623 -0.0312131 0)
(0.016395 -0.024546 0)
(0.0307195 -0.0244122 0)
(-0.0160564 0.0110591 0)
(-0.00916215 0.00865068 0)
(-0.00287029 0.0114207 0)
(0.0068066 0.0224759 0)
(0.01109 0.000893372 0)
(0.00665674 -0.00407098 0)
(0.0039118 -0.0006729 0)
(0.00305077 -0.00186732 0)
(0.0031359 -0.00543762 0)
(0.0051056 -0.00822689 0)
(0.00958613 -0.0114574 0)
(0.0141612 -0.0158443 0)
(0.0180885 -0.0186874 0)
(0.0221592 -0.0116025 0)
(0.0262024 -0.0122467 0)
(0.0286923 -0.018415 0)
(0.0232487 -0.0170776 0)
(0.0111916 -0.01653 0)
(0.026088 0.0152883 0)
(-0.0118889 0.00428694 0)
(-0.00763786 0.0028279 0)
(-0.0032338 0.003508 0)
(0.00984234 0.00956441 0)
(0.0207286 0.00481361 0)
(0.015607 0.00610226 0)
(0.0081938 0.00439098 0)
(0.00629562 -0.000598498 0)
(0.00770534 -0.00652319 0)
(0.0114698 -0.0116774 0)
(0.0162378 -0.0162698 0)
(0.019341 -0.0190559 0)
(0.0184677 -0.0230909 0)
(0.0208798 -0.0185076 0)
(0.0270569 -0.0179132 0)
(0.0253911 -0.0150071 0)
(0.0164891 -0.0069799 0)
(0.002456 -0.0165228 0)
(0.00250128 0.012429 0)
(-0.00953747 0.00124019 0)
(-0.00853444 -9.74008e-05 0)
(-0.00682852 -0.00141473 0)
(-0.000996024 -0.000819943 0)
(0.00215813 0.00271137 0)
(0.000440963 0.0101514 0)
(0.000701312 0.00672246 0)
(0.00195728 -0.00154313 0)
(0.00601409 -0.0104285 0)
(0.0115027 -0.017042 0)
(0.0173267 -0.0212228 0)
(0.0227123 -0.0218627 0)
(0.0248423 -0.0219599 0)
(0.0242874 -0.0215477 0)
(0.0229451 -0.0180843 0)
(0.0194034 -0.00864418 0)
(0.0167358 4.38973e-05 0)
(0.00953188 -0.00585194 0)
(-0.00697988 0.0124257 0)
(-0.0116239 0.00113178 0)
(-0.0114175 -0.00116237 0)
(-0.0105426 -0.00268862 0)
(-0.00920273 -0.00247421 0)
(-0.00877922 0.00297686 0)
(-0.00792006 0.00837175 0)
(-0.00527523 0.00453705 0)
(-0.00109415 -0.00561223 0)
(0.00387805 -0.0151156 0)
(0.00754114 -0.0212752 0)
(0.0109495 -0.0254553 0)
(0.0147259 -0.0253938 0)
(0.0170646 -0.0220846 0)
(0.0174357 -0.0198896 0)
(0.0164604 -0.0149441 0)
(0.0141838 -0.006603 0)
(0.0128902 0.00265725 0)
(0.00833692 0.00486197 0)
(-0.00670594 0.0144426 0)
(-0.0134132 0.00130892 0)
(-0.01379 -0.00128637 0)
(-0.013531 -0.00313634 0)
(-0.0129025 -0.00221422 0)
(-0.0121414 0.00239273 0)
(-0.0101981 0.00572919 0)
(-0.00641112 0.000821966 0)
(-0.00161353 -0.0102485 0)
(0.00163385 -0.018021 0)
(0.00180608 -0.0225916 0)
(0.00132158 -0.0271898 0)
(0.00202306 -0.0275276 0)
(0.00359713 -0.0235747 0)
(0.00520029 -0.0204184 0)
(0.00604894 -0.0142377 0)
(0.00632674 -0.00603896 0)
(0.00696989 0.00431248 0)
(0.00560891 0.0103472 0)
(-0.000492883 0.016881 0)
(-0.0141299 0.00162601 0)
(-0.0146053 -0.00115689 0)
(-0.0144341 -0.00365286 0)
(-0.0135736 -0.00301371 0)
(-0.0119003 0.000708763 0)
(-0.00891575 0.00278319 0)
(-0.00494814 -0.0030401 0)
(-0.00207789 -0.0128553 0)
(-0.00225784 -0.0179509 0)
(-0.00463474 -0.0210518 0)
(-0.00678067 -0.026547 0)
(-0.00766391 -0.0278581 0)
(-0.00774813 -0.0247425 0)
(-0.00771975 -0.0212641 0)
(-0.00740301 -0.0152323 0)
(-0.0056853 -0.00780262 0)
(-0.00289474 0.00351651 0)
(-0.000971938 0.0113002 0)
(0.000169446 0.0198944 0)
(-0.0133814 0.00188554 0)
(-0.0136094 -0.001061 0)
(-0.0135173 -0.00418552 0)
(-0.0127659 -0.00424664 0)
(-0.010805 -0.00173007 0)
(-0.00741903 -0.000483864 0)
(-0.00439855 -0.00552156 0)
(-0.00408519 -0.0127073 0)
(-0.00627833 -0.0157916 0)
(-0.00885942 -0.018821 0)
(-0.0108407 -0.0249787 0)
(-0.0126807 -0.0266462 0)
(-0.0149423 -0.0236079 0)
(-0.0177259 -0.0200703 0)
(-0.0197264 -0.0155334 0)
(-0.0198374 -0.00980401 0)
(-0.0170667 0.00044743 0)
(-0.0115619 0.00791183 0)
(-0.00501012 0.0167501 0)
(-0.0116259 0.00180827 0)
(-0.0115263 -0.00104376 0)
(-0.0116661 -0.00438726 0)
(-0.0113947 -0.00527763 0)
(-0.0100479 -0.00386594 0)
(-0.00761889 -0.0032708 0)
(-0.00578657 -0.00641532 0)
(-0.00642732 -0.0111947 0)
(-0.00831485 -0.0137057 0)
(-0.00993921 -0.0170695 0)
(-0.0123338 -0.0226195 0)
(-0.0158682 -0.0239738 0)
(-0.0194869 -0.0205865 0)
(-0.0229009 -0.0171252 0)
(-0.0260233 -0.0137324 0)
(-0.0284165 -0.00979834 0)
(-0.0269514 -0.00431805 0)
(-0.0196282 4.14959e-06 0)
(-0.00992696 0.0054944 0)
(-0.00979061 0.00138194 0)
(-0.00942526 -0.00110166 0)
(-0.00965694 -0.00416171 0)
(-0.0100048 -0.0056397 0)
(-0.00963739 -0.00501232 0)
(-0.00846978 -0.00486837 0)
(-0.00749251 -0.00676169 0)
(-0.00785755 -0.00991388 0)
(-0.00909147 -0.012401 0)
(-0.0105267 -0.0154768 0)
(-0.0132508 -0.0193853 0)
(-0.0173734 -0.0202668 0)
(-0.0210456 -0.0174604 0)
(-0.0236938 -0.0143167 0)
(-0.0258824 -0.0112965 0)
(-0.0272493 -0.00888309 0)
(-0.0255858 -0.00891653 0)
(-0.0191525 -0.00925126 0)
(-0.00955067 -0.00852065 0)
(-0.00837035 0.000847223 0)
(-0.00796154 -0.00124319 0)
(-0.00816285 -0.00372787 0)
(-0.00883266 -0.00529042 0)
(-0.00910876 -0.00534382 0)
(-0.00864719 -0.00556753 0)
(-0.00818624 -0.00695103 0)
(-0.00850251 -0.00915202 0)
(-0.00948156 -0.0113301 0)
(-0.0109308 -0.0137809 0)
(-0.0134263 -0.0162456 0)
(-0.0168113 -0.016798 0)
(-0.0197411 -0.0150613 0)
(-0.0215233 -0.0126778 0)
(-0.022169 -0.010448 0)
(-0.0213952 -0.00957414 0)
(-0.0188068 -0.0124294 0)
(-0.0139313 -0.0162895 0)
(-0.00623604 -0.0196091 0)
(-0.00729004 0.000404533 0)
(-0.00700055 -0.0013571 0)
(-0.00719606 -0.00330945 0)
(-0.00777544 -0.00470811 0)
(-0.00818945 -0.00526068 0)
(-0.00817098 -0.00578969 0)
(-0.00811183 -0.00691244 0)
(-0.00848741 -0.00854663 0)
(-0.00935216 -0.0103095 0)
(-0.0106878 -0.0121697 0)
(-0.0127297 -0.0138017 0)
(-0.0152338 -0.0142616 0)
(-0.0172955 -0.0133925 0)
(-0.0182796 -0.0120745 0)
(-0.0179377 -0.0111385 0)
(-0.0160681 -0.0117431 0)
(-0.0130677 -0.0154624 0)
(-0.00929174 -0.0209967 0)
(-0.00363558 -0.0264228 0)
(-0.00638577 8.80007e-05 0)
(-0.00618936 -0.00139822 0)
(-0.00634819 -0.00298102 0)
(-0.0067889 -0.00423387 0)
(-0.0071889 -0.00501525 0)
(-0.00737368 -0.00571701 0)
(-0.00753919 -0.00669439 0)
(-0.00796245 -0.00797665 0)
(-0.00873129 -0.00938357 0)
(-0.00986978 -0.010812 0)
(-0.0114409 -0.0120105 0)
(-0.0132098 -0.0125271 0)
(-0.0145863 -0.0123485 0)
(-0.0150878 -0.0120437 0)
(-0.0144747 -0.01233 0)
(-0.0126777 -0.0141137 0)
(-0.0100412 -0.0182825 0)
(-0.00684212 -0.0245365 0)
(-0.00236442 -0.0308799 0)
(-0.00555843 -0.000145144 0)
(-0.00540497 -0.00141823 0)
(-0.00550809 -0.0027437 0)
(-0.00582129 -0.00387666 0)
(-0.00615659 -0.00473797 0)
(-0.00640481 -0.00551282 0)
(-0.00665915 -0.00639438 0)
(-0.00707653 -0.00745011 0)
(-0.00773168 -0.00859735 0)
(-0.00864685 -0.00974298 0)
(-0.00981387 -0.0107278 0)
(-0.0110461 -0.0113552 0)
(-0.0119739 -0.0116951 0)
(-0.0122785 -0.0121658 0)
(-0.0118012 -0.013348 0)
(-0.0105365 -0.0159467 0)
(-0.00867882 -0.0206279 0)
(-0.00628579 -0.0276037 0)
(-0.00258976 -0.0346855 0)
(-0.00476217 -0.000339292 0)
(-0.00461511 -0.0014538 0)
(-0.0046514 -0.00259326 0)
(-0.00484569 -0.00362147 0)
(-0.00509405 -0.00448906 0)
(-0.00532956 -0.00527806 0)
(-0.00558649 -0.00609276 0)
(-0.00594792 -0.00699924 0)
(-0.00647034 -0.00796767 0)
(-0.00716892 -0.0089345 0)
(-0.00801533 -0.00981489 0)
(-0.0088781 -0.0105445 0)
(-0.0095401 -0.0112301 0)
(-0.00982265 -0.0122011 0)
(-0.00966138 -0.0139237 0)
(-0.00910254 -0.0169903 0)
(-0.00825122 -0.0220835 0)
(-0.00704234 -0.0300016 0)
(-0.00398772 -0.0389082 0)
(-0.00397565 -0.000525209 0)
(-0.00381149 -0.00152288 0)
(-0.00377802 -0.00252803 0)
(-0.00386296 -0.00346491 0)
(-0.00401241 -0.00430183 0)
(-0.00418537 -0.00507385 0)
(-0.00438826 -0.00583995 0)
(-0.0046617 -0.00664752 0)
(-0.00504367 -0.00749384 0)
(-0.00554452 -0.00834576 0)
(-0.00613727 -0.00916878 0)
(-0.00673964 -0.0099625 0)
(-0.00723563 -0.0108401 0)
(-0.00755016 -0.0120627 0)
(-0.00770158 -0.0140034 0)
(-0.00779334 -0.0171839 0)
(-0.00794215 -0.0224073 0)
(-0.00826811 -0.0314525 0)
(-0.00603892 -0.0447005 0)
(-0.00318913 -0.000723133 0)
(-0.00299312 -0.00163456 0)
(-0.00289122 -0.00254255 0)
(-0.00287812 -0.00340353 0)
(-0.00292509 -0.00419726 0)
(-0.00300692 -0.00493991 0)
(-0.00312173 -0.0056659 0)
(-0.00328846 -0.00640631 0)
(-0.00352892 -0.00716899 0)
(-0.00384881 -0.00794468 0)
(-0.00422917 -0.00872826 0)
(-0.00462358 -0.00954642 0)
(-0.00497734 -0.0105025 0)
(-0.00527598 -0.0117967 0)
(-0.00558074 -0.0137236 0)
(-0.00601697 -0.0167466 0)
(-0.00669969 -0.0218097 0)
(-0.00805213 -0.0319231 0)
(-0.00648661 -0.0517723 0)
(-0.0024011 -0.00094544 0)
(-0.00216541 -0.00179349 0)
(-0.00199717 -0.00263062 0)
(-0.00189456 -0.00343155 0)
(-0.00184202 -0.00418375 0)
(-0.00182405 -0.00489534 0)
(-0.00183656 -0.00558713 0)
(-0.00188739 -0.00628051 0)
(-0.00198726 -0.00698712 0)
(-0.00213844 -0.00771197 0)
(-0.00232873 -0.00846591 0)
(-0.00253213 -0.00928539 0)
(-0.00272438 -0.0102585 0)
(-0.00291166 -0.0115383 0)
(-0.00314989 -0.0133621 0)
(-0.00353029 -0.0161536 0)
(-0.00406672 -0.0209663 0)
(-0.00544893 -0.0316621 0)
(-0.00434997 -0.0578182 0)
(-0.00161597 -0.00119834 0)
(-0.00133805 -0.0020007 0)
(-0.00110733 -0.00278689 0)
(-0.000923523 -0.00354246 0)
(-0.000778102 -0.00426006 0)
(-0.00066134 -0.00494451 0)
(-0.000568969 -0.00560936 0)
(-0.000503177 -0.0062707 0)
(-0.00046801 -0.00694183 0)
(-0.00046283 -0.0076353 0)
(-0.000478529 -0.00837087 0)
(-0.000498649 -0.00918846 0)
(-0.000508571 -0.0101641 0)
(-0.000510233 -0.0114239 0)
(-0.000530823 -0.013174 0)
(-0.000616251 -0.015817 0)
(-0.000682101 -0.0204196 0)
(-0.00169646 -0.0309893 0)
(-0.00141264 -0.0610405 0)
(-0.000842366 -0.00148337 0)
(-0.000523672 -0.00225423 0)
(-0.000236176 -0.00300526 0)
(1.98008e-05 -0.00372858 0)
(0.000249077 -0.0044204 0)
(0.000457906 -0.00508436 0)
(0.000650107 -0.00573046 0)
(0.000826201 -0.00637202 0)
(0.000985858 -0.00702342 0)
(0.00113169 -0.00770167 0)
(0.00127178 -0.00843205 0)
(0.00141936 -0.00925698 0)
(0.00158866 -0.0102477 0)
(0.00178863 -0.011519 0)
(0.00201945 -0.0132641 0)
(0.00227088 -0.015865 0)
(0.00257887 -0.0203105 0)
(0.0020606 -0.0302203 0)
(0.00160245 -0.060999 0)
(-9.19162e-05 -0.00179864 0)
(0.000263169 -0.00254969 0)
(0.000600017 -0.0032784 0)
(0.000918189 -0.003981 0)
(0.0012205 -0.00465611 0)
(0.00151103 -0.00530717 0)
(0.00179285 -0.00594255 0)
(0.00206744 -0.00657432 0)
(0.00233601 -0.00721776 0)
(0.00260181 -0.00789301 0)
(0.00287194 -0.00862949 0)
(0.00315786 -0.00947292 0)
(0.00347423 -0.0104952 0)
(0.00383745 -0.0118099 0)
(0.00426404 -0.0136055 0)
(0.00475733 -0.0162417 0)
(0.00527144 -0.0205923 0)
(0.00535281 -0.029604 0)
(0.00463075 -0.0577 0)
(0.000621832 -0.00213982 0)
(0.00100678 -0.00288082 0)
(0.00138418 -0.00359787 0)
(0.00175367 -0.00428972 0)
(0.00211689 -0.00495658 0)
(0.00247641 -0.00560205 0)
(0.00283433 -0.00623373 0)
(0.00319182 -0.00686316 0)
(0.00354988 -0.0075063 0)
(0.00391069 -0.00818547 0)
(0.00427886 -0.00893336 0)
(0.00466213 -0.00979919 0)
(0.00507147 -0.010858 0)
(0.00552124 -0.0122261 0)
(0.00602767 -0.014092 0)
(0.00658982 -0.0167964 0)
(0.00712267 -0.021085 0)
(0.00759825 -0.0291605 0)
(0.00667605 -0.0520112 0)
(0.00128434 -0.00250085 0)
(0.00169115 -0.00324004 0)
(0.0020993 -0.00395428 0)
(0.00250855 -0.00464387 0)
(0.00291976 -0.00530994 0)
(0.00333429 -0.00595619 0)
(0.00375299 -0.00658967 0)
(0.00417584 -0.00722143 0)
(0.00460217 -0.00786759 0)
(0.00503133 -0.00855154 0)
(0.00546326 -0.00930769 0)
(0.00589871 -0.0101873 0)
(0.00633883 -0.0112673 0)
(0.00678416 -0.0126644 0)
(0.0072295 -0.0145632 0)
(0.00763885 -0.0172795 0)
(0.00787582 -0.0214324 0)
(0.00796086 -0.0285951 0)
(0.00647618 -0.0454351 0)
(0.00188094 -0.0028745 0)
(0.00230068 -0.00361881 0)
(0.00272918 -0.00433765 0)
(0.0031663 -0.00503211 0)
(0.00361233 -0.00570372 0)
(0.00406753 -0.00635593 0)
(0.00453133 -0.00699506 0)
(0.00500187 -0.00763126 0)
(0.0054758 -0.00827989 0)
(0.00594833 -0.00896384 0)
(0.006413 -0.00971702 0)
(0.006861 -0.0105896 0)
(0.00727953 -0.0116558 0)
(0.00764818 -0.0130254 0)
(0.00792885 -0.014865 0)
(0.00803421 -0.0174431 0)
(0.00776167 -0.0212367 0)
(0.00688523 -0.0273296 0)
(0.00458732 -0.0398004 0)
(0.00239768 -0.00325286 0)
(0.00282095 -0.00400814 0)
(0.00325921 -0.00473777 0)
(0.0037124 -0.00544307 0)
(0.00418036 -0.00612547 0)
(0.00466233 -0.00678775 0)
(0.00515628 -0.00743503 0)
(0.00565821 -0.00807587 0)
(0.00616168 -0.00872374 0)
(0.00665717 -0.0093992 0)
(0.00713123 -0.0101331 0)
(0.007565 -0.0109712 0)
(0.00793171 -0.0119799 0)
(0.0081919 -0.0132545 0)
(0.00828233 -0.0149329 0)
(0.00808825 -0.0172206 0)
(0.00740186 -0.0204552 0)
(0.0059229 -0.0253974 0)
(0.00334143 -0.0354596 0)
(0.00282206 -0.00362774 0)
(0.00323944 -0.00439892 0)
(0.00367707 -0.00514454 0)
(0.00413501 -0.00586575 0)
(0.00461271 -0.00656336 0)
(0.0051086 -0.00723904 0)
(0.00561926 -0.00789618 0)
(0.00613869 -0.00854096 0)
(0.00665742 -0.00918374 0)
(0.00716144 -0.00984112 0)
(0.00763087 -0.0105387 0)
(0.00803798 -0.0113148 0)
(0.00834466 -0.0122253 0)
(0.00849848 -0.0133492 0)
(0.00842522 -0.014796 0)
(0.00801275 -0.0167196 0)
(0.00709807 -0.0193611 0)
(0.00548415 -0.0233005 0)
(0.00311672 -0.0316826 0)
(0.00314377 -0.00399103 0)
(0.00354619 -0.00478231 0)
(0.00397337 -0.00554837 0)
(0.0044255 -0.00628983 0)
(0.00490183 -0.00700654 0)
(0.00540015 -0.0076986 0)
(0.005916 -0.00836715 0)
(0.00644176 -0.00901528 0)
(0.00696553 -0.00964925 0)
(0.0074697 -0.0102802 0)
(0.00792918 -0.0109268 0)
(0.00830929 -0.0116182 0)
(0.00856332 -0.0123987 0)
(0.00863019 -0.0133326 0)
(0.00843156 -0.0145101 0)
(0.00786762 -0.0160588 0)
(0.00682765 -0.018177 0)
(0.00525063 -0.0213336 0)
(0.00316489 -0.0279961 0)
(0.00335532 -0.00433504 0)
(0.00373437 -0.00515001 0)
(0.00414213 -0.0059404 0)
(0.00457894 -0.00670599 0)
(0.005044 -0.00744537 0)
(0.00553476 -0.00815678 0)
(0.00604615 -0.00883873 0)
(0.00656961 -0.00949069 0)
(0.00709179 -0.010114 0)
(0.0075928 -0.0107134 0)
(0.00804412 -0.011299 0)
(0.00840614 -0.0118897 0)
(0.00862561 -0.0125173 0)
(0.00863382 -0.0132327 0)
(0.00834572 -0.0141137 0)
(0.0076619 -0.0152792 0)
(0.00649268 -0.0169195 0)
(0.00480362 -0.0194445 0)
(0.00272985 -0.0245467 0)
(0.00345245 -0.0046528 0)
(0.00380073 -0.00549459 0)
(0.00418117 -0.00631273 0)
(0.00459435 -0.00710598 0)
(0.00503949 -0.00787146 0)
(0.00551403 -0.00860542 0)
(0.00601284 -0.00930357 0)
(0.00652728 -0.00996149 0)
(0.00704375 -0.0105752 0)
(0.00754182 -0.0111423 0)
(0.00799175 -0.0116635 0)
(0.00835153 -0.0121457 0)
(0.00856371 -0.0126067 0)
(0.00855261 -0.0130825 0)
(0.00822262 -0.0136379 0)
(0.00746041 -0.0143845 0)
(0.00616274 -0.0155146 0)
(0.00421154 -0.0174328 0)
(0.00189372 -0.021688 0)
(0.00343446 -0.00493828 0)
(0.00374579 -0.00580965 0)
(0.00409233 -0.0066586 0)
(0.00447479 -0.00748268 0)
(0.00489255 -0.00827755 0)
(0.00534327 -0.0090375 0)
(0.00582233 -0.00975556 0)
(0.00632188 -0.0104235 0)
(0.00682952 -0.0110322 0)
(0.00732622 -0.0115716 0)
(0.00778372 -0.0120326 0)
(0.00816094 -0.012409 0)
(0.0083999 -0.0127024 0)
(0.00842136 -0.0129303 0)
(0.00812105 -0.0131395 0)
(0.00737077 -0.0134287 0)
(0.00605132 -0.0139931 0)
(0.00401576 -0.015281 0)
(0.00163966 -0.0192881 0)
(0.00330436 -0.00518664 0)
(0.00357404 -0.00609005 0)
(0.00388151 -0.00697241 0)
(0.00422745 -0.00783004 0)
(0.00461135 -0.00865726 0)
(0.0050313 -0.00944666 0)
(0.00548365 -0.010189 0)
(0.00596221 -0.0108728 0)
(0.00645705 -0.0114841 0)
(0.00695263 -0.0120062 0)
(0.00742502 -0.0124198 0)
(0.00783804 -0.0127053 0)
(0.0081381 -0.0128461 0)
(0.00824794 -0.0128379 0)
(0.00805976 -0.0127033 0)
(0.00743259 -0.0125223 0)
(0.00622594 -0.0124937 0)
(0.00431187 -0.0131284 0)
(0.0020063 -0.0168096 0)
(0.00306874 -0.00539444 0)
(0.00329383 -0.00633202 0)
(0.00355864 -0.00724984 0)
(0.00386353 -0.00814303 0)
(0.00420793 -0.00900483 0)
(0.00459046 -0.00982669 0)
(0.00500871 -0.0105978 0)
(0.00545876 -0.0113042 0)
(0.00593424 -0.0119284 0)
(0.00642481 -0.0124478 0)
(0.00691358 -0.0128347 0)
(0.00737327 -0.0130562 0)
(0.00776021 -0.013077 0)
(0.00800583 -0.0128668 0)
(0.0080046 -0.0124168 0)
(0.00760138 -0.0117761 0)
(0.00661217 -0.0111352 0)
(0.00489988 -0.0110413 0)
(0.00256976 -0.0139107 0)
(0.00273767 -0.00555995 0)
(0.00291727 -0.00653343 0)
(0.00313754 -0.00748788 0)
(0.00339807 -0.00841749 0)
(0.00369807 -0.00931491 0)
(0.00403656 -0.0101711 0)
(0.00441247 -0.0109745 0)
(0.00482439 -0.0117101 0)
(0.00527004 -0.0123581 0)
(0.00574532 -0.0128924 0)
(0.00624239 -0.0132786 0)
(0.00674633 -0.0134729 0)
(0.00722906 -0.0134219 0)
(0.00763884 -0.0130664 0)
(0.00788146 -0.0123547 0)
(0.00779027 -0.0112815 0)
(0.00711874 -0.00999093 0)
(0.00568813 -0.00900722 0)
(0.0032586 -0.0104382 0)
(0.00232454 -0.0056835 0)
(0.00246008 -0.00669392 0)
(0.00263567 -0.00768492 0)
(0.00284978 -0.0086502 0)
(0.00310112 -0.00958248 0)
(0.00338899 -0.010473 0)
(0.00371348 -0.0113104 0)
(0.00407544 -0.0120799 0)
(0.00447648 -0.0127614 0)
(0.00491873 -0.0133274 0)
(0.00540401 -0.0137406 0)
(0.00593185 -0.0139501 0)
(0.00649464 -0.0138877 0)
(0.00706717 -0.0134654 0)
(0.00758197 -0.0125777 0)
(0.00787704 -0.011129 0)
(0.00764204 -0.00914634 0)
(0.00664406 -0.00703257 0)
(0.00408919 -0.00627199 0)
(0.00184602 -0.00576793 0)
(0.00194141 -0.00681508 0)
(0.00207388 -0.00784067 0)
(0.00224059 -0.00883875 0)
(0.00243972 -0.00980283 0)
(0.00267068 -0.0107251 0)
(0.00293432 -0.0115954 0)
(0.00323306 -0.0124002 0)
(0.00357132 -0.0131208 0)
(0.00395606 -0.0137312 0)
(0.00439733 -0.014195 0)
(0.00490838 -0.0144601 0)
(0.00550412 -0.0144514 0)
(0.00619474 -0.0140593 0)
(0.00696134 -0.0131228 0)
(0.00768325 -0.0114221 0)
(0.00802376 -0.00876043 0)
(0.00779621 -0.00522322 0)
(0.00518552 -0.00133787 0)
(0.00132252 -0.00581877 0)
(0.00138383 -0.00689995 0)
(0.00147592 -0.00795557 0)
(0.00159508 -0.00898105 0)
(0.00173921 -0.00997135 0)
(0.00190777 -0.0109201 0)
(0.00210184 -0.0118187 0)
(0.00232436 -0.0126555 0)
(0.00258073 -0.0134145 0)
(0.00287993 -0.0140733 0)
(0.00323626 -0.0146003 0)
(0.00367171 -0.0149489 0)
(0.00421909 -0.0150484 0)
(0.004925 -0.0147845 0)
(0.00583779 -0.0139633 0)
(0.00692994 -0.0122458 0)
(0.00792169 -0.00910682 0)
(0.0090143 -0.00386711 0)
(0.00658607 0.00495591 0)
(0.000779154 -0.00584362 0)
(0.00081321 -0.00695202 0)
(0.000867799 -0.00802987 0)
(0.000939542 -0.00907474 0)
(0.00102668 -0.0100833 0)
(0.0011288 -0.0110505 0)
(0.00124675 -0.0119694 0)
(0.0013828 -0.0128301 0)
(0.00154123 -0.0136193 0)
(0.00172942 -0.014319 0)
(0.00195989 -0.014904 0)
(0.00225371 -0.0153383 0)
(0.00264703 -0.0155659 0)
(0.00320364 -0.0154915 0)
(0.00402714 -0.0149367 0)
(0.00521552 -0.0135334 0)
(0.00665985 -0.0104744 0)
(0.00957452 -0.00378827 0)
(0.00796697 0.0123287 0)
(0.000247203 -0.00585445 0)
(0.000258138 -0.00698036 0)
(0.000276469 -0.00807067 0)
(0.000300541 -0.00912565 0)
(0.000329569 -0.0101434 0)
(0.000363374 -0.01112 0)
(0.000402252 -0.0120492 0)
(0.000447017 -0.0129226 0)
(0.000499229 -0.0137286 0)
(0.000561685 -0.0144523 0)
(0.000639405 -0.0150744 0)
(0.000741609 -0.0155696 0)
(0.000885956 -0.0159023 0)
(0.00110872 -0.0160159 0)
(0.00148613 -0.0158027 0)
(0.00215502 -0.0150055 0)
(0.00319854 -0.0128944 0)
(0.00588047 -0.00618049 0)
(0.00806833 0.0224674 0)
)
;

boundaryField
{
    leftWall
    {
        type            noSlip;
    }
    rightWall
    {
        type            noSlip;
    }
    lowerWall
    {
        type            noSlip;
    }
    atmosphere
    {
        type            pressureInletOutletVelocity;
        value           nonuniform List<vector> 
46
(
(0 -0.0152105 0)
(0.00996473 0.00999083 0)
(0.00869691 0.0233687 0)
(0.00797983 0.0238422 0)
(0.00733159 0.0226154 0)
(0.00678149 0.0212348 0)
(0.00628097 0.0198051 0)
(0.00581206 0.018339 0)
(0.00536433 0.0168472 0)
(0.0049323 0.0153403 0)
(0.00451291 0.0138281 0)
(0.00410409 0.0123184 0)
(0.00370423 0.0108176 0)
(0.00331189 0.00933129 0)
(0.00292558 0.00786406 0)
(0.00254323 0.00641979 0)
(0.00216109 0.00500138 0)
(0.00177432 0.00361076 0)
(0.00138882 0.00224386 0)
(0.00104716 0.000859739 0)
(0 -0.000371251 0)
(0 -0.0015018 0)
(0 -0.0026523 0)
(0 -0.00348241 0)
(0 -0.00400646 0)
(0 -0.00452061 0)
(0 -0.00502482 0)
(0 -0.00585445 0)
(0 -0.00698036 0)
(0 -0.00807067 0)
(0 -0.00912565 0)
(0 -0.0101434 0)
(0 -0.01112 0)
(0 -0.0120492 0)
(0 -0.0129226 0)
(0 -0.0137286 0)
(0 -0.0144523 0)
(0 -0.0150744 0)
(0 -0.0155696 0)
(0 -0.0159023 0)
(0 -0.0160159 0)
(0 -0.0158027 0)
(0 -0.0150055 0)
(0 -0.0128944 0)
(0 -0.00618049 0)
(0.00806833 0.0224674 0)
)
;
    }
    defaultFaces
    {
        type            empty;
    }
}


// ************************************************************************* //
