/*--------------------------------*- C++ -*----------------------------------*\
  =========                 |
  \\      /  F ield         | OpenFOAM: The Open Source CFD Toolbox
   \\    /   O peration     | Website:  https://openfoam.org
    \\  /    A nd           | Version:  9
     \\/     M anipulation  |
\*---------------------------------------------------------------------------*/
FoamFile
{
    format      ascii;
    class       surfaceScalarField;
    location    "1.96";
    object      phi;
}
// * * * * * * * * * * * * * * * * * * * * * * * * * * * * * * * * * * * * * //

dimensions      [0 3 -1 0 0 0 0];

internalField   nonuniform List<scalar> 
4432
(
-1.05504e-06
1.05504e-06
-1.17544e-06
1.20397e-07
-9.46549e-07
-2.28891e-07
-6.34171e-07
-3.1238e-07
-3.22009e-07
-3.12161e-07
-3.08877e-08
-2.91122e-07
2.38925e-07
-2.69812e-07
4.95152e-07
-2.56226e-07
7.427e-07
-2.47547e-07
9.82036e-07
-2.39335e-07
1.209e-06
-2.26965e-07
1.41336e-06
-2.04356e-07
1.57382e-06
-1.60465e-07
1.65434e-06
-8.05167e-08
1.60595e-06
4.83919e-08
1.37415e-06
2.31796e-07
9.09128e-07
4.65021e-07
2.28124e-08
8.86313e-07
-1.63806e-06
1.66088e-06
-3.45357e-06
1.81551e-06
-4.27129e-06
8.17723e-07
-3.35307e-06
-9.18224e-07
-3.35307e-06
-6.49231e-07
1.70428e-06
-6.6425e-07
1.35407e-07
-5.44061e-07
-3.49075e-07
-3.67201e-07
-4.89242e-07
-1.67847e-07
-5.11514e-07
3.99026e-08
-4.98871e-07
2.53493e-07
-4.83401e-07
4.7346e-07
-4.76192e-07
7.00709e-07
-4.74794e-07
9.32545e-07
-4.71171e-07
1.16258e-06
-4.57006e-07
1.37911e-06
-4.2088e-07
1.56181e-06
-3.43168e-07
1.68033e-06
-1.9904e-07
1.6965e-06
3.22211e-08
1.56528e-06
3.6302e-07
1.22596e-06
8.04332e-07
6.28487e-07
1.48379e-06
-2.7012e-07
2.55949e-06
-1.30843e-06
2.85383e-06
-2.11749e-06
1.62678e-06
-2.16502e-06
-8.70692e-07
-5.51809e-06
-2.97157e-07
2.00144e-06
-3.39284e-07
1.77527e-07
-2.98531e-07
-3.89824e-07
-2.05823e-07
-5.81952e-07
-7.77156e-08
-6.3962e-07
7.55884e-08
-6.52174e-07
2.50328e-07
-6.5814e-07
4.4531e-07
-6.71172e-07
6.58883e-07
-6.88365e-07
8.86447e-07
-6.98735e-07
1.12063e-06
-6.91193e-07
1.34974e-06
-6.49989e-07
1.55501e-06
-5.48437e-07
1.71011e-06
-3.54135e-07
1.7835e-06
-4.11644e-08
1.73998e-06
4.06535e-07
1.53938e-06
1.00493e-06
1.17989e-06
1.84327e-06
7.48349e-07
2.99103e-06
1.71897e-07
3.43028e-06
-5.1455e-07
2.31322e-06
-9.592e-07
-4.26043e-07
-6.47729e-06
-5.046e-08
2.0519e-06
-1.15784e-07
2.42844e-07
-1.29067e-07
-3.76538e-07
-9.49975e-08
-6.16023e-07
-1.8784e-08
-7.15832e-07
9.32639e-08
-7.64222e-07
2.38109e-07
-8.02984e-07
4.14002e-07
-8.47064e-07
6.17975e-07
-8.92338e-07
8.44258e-07
-9.25016e-07
1.08525e-06
-9.32188e-07
1.33012e-06
-8.94856e-07
1.56212e-06
-7.80432e-07
1.7587e-06
-5.50723e-07
1.89471e-06
-1.77171e-07
1.94571e-06
3.55539e-07
1.89124e-06
1.0594e-06
1.74779e-06
1.98672e-06
1.62351e-06
3.11531e-06
1.3909e-06
3.66289e-06
8.86806e-07
2.81732e-06
2.63191e-07
1.97571e-07
-6.21409e-06
1.00393e-07
1.95151e-06
3.39957e-08
3.09237e-07
-1.2619e-08
-3.29921e-07
-1.9865e-08
-6.08777e-07
1.76003e-08
-7.53297e-07
9.76351e-08
-8.44256e-07
2.18584e-07
-9.23932e-07
3.79377e-07
-1.00786e-06
5.76642e-07
-1.0896e-06
8.04007e-07
-1.15238e-06
1.05429e-06
-1.18247e-06
1.31817e-06
-1.15874e-06
1.58129e-06
-1.04355e-06
1.8248e-06
-7.94233e-07
2.02996e-06
-3.82335e-07
2.18263e-06
2.02873e-07
2.27764e-06
9.64392e-07
2.34225e-06
1.92211e-06
2.45308e-06
3.00449e-06
2.49317e-06
3.6228e-06
2.18231e-06
3.12817e-06
1.39375e-06
9.86136e-07
-4.82034e-06
1.80697e-07
1.77082e-06
1.287e-07
3.61229e-07
6.13183e-08
-2.62538e-07
2.739e-08
-5.7485e-07
3.68014e-08
-7.62708e-07
9.18875e-08
-8.99341e-07
1.93691e-07
-1.02573e-06
3.42545e-07
-1.15671e-06
5.35322e-07
-1.28238e-06
7.65476e-07
-1.38254e-06
1.02676e-06
-1.44376e-06
1.31196e-06
-1.44393e-06
1.60937e-06
-1.34097e-06
1.90374e-06
-1.0886e-06
2.18232e-06
-6.6092e-07
2.44026e-06
-5.50638e-08
2.68462e-06
7.20035e-07
2.946e-06
1.66072e-06
3.27164e-06
2.67884e-06
3.54684e-06
3.34761e-06
3.46037e-06
3.21464e-06
2.61035e-06
1.83616e-06
-2.20999e-06
2.15522e-07
1.5553e-06
1.7818e-07
3.98568e-07
1.04069e-07
-1.88426e-07
5.39071e-08
-5.24688e-07
4.35725e-08
-7.52374e-07
7.9657e-08
-9.35425e-07
1.66316e-07
-1.11239e-06
3.05828e-07
-1.29622e-06
4.95722e-07
-1.47227e-06
7.29546e-07
-1.61636e-06
1.00244e-06
-1.71665e-06
1.30974e-06
-1.75123e-06
1.64266e-06
-1.67389e-06
1.98938e-06
-1.43533e-06
2.34245e-06
-1.01398e-06
2.7051e-06
-4.17716e-07
3.09412e-06
3.3102e-07
3.54027e-06
1.21458e-06
4.07427e-06
2.14484e-06
4.59348e-06
2.82839e-06
4.81468e-06
2.99344e-06
4.0484e-06
2.60245e-06
1.83841e-06
2.23306e-07
1.33199e-06
1.98538e-07
4.23335e-07
1.25197e-07
-1.15086e-07
6.66297e-08
-4.6612e-07
4.3077e-08
-7.28821e-07
6.51429e-08
-9.57491e-07
1.40136e-07
-1.18739e-06
2.72478e-07
-1.42856e-06
4.60511e-07
-1.6603e-06
6.97915e-07
-1.85377e-06
9.81586e-07
-2.00033e-06
1.30987e-06
-2.07952e-06
1.67712e-06
-2.04113e-06
2.07483e-06
-1.83304e-06
2.5003e-06
-1.43946e-06
2.96236e-06
-8.79772e-07
3.48701e-06
-1.93631e-07
4.10346e-06
5.9813e-07
4.8395e-06
1.4088e-06
5.62163e-06
2.04627e-06
6.23689e-06
2.37817e-06
5.87044e-06
2.96891e-06
7.70885e-06
-7.0162e-06
7.0162e-06
-7.98824e-06
9.72036e-07
-4.36524e-06
-3.623e-06
-6.96035e-07
-3.66921e-06
2.23688e-06
-2.93292e-06
4.88104e-06
-2.64415e-06
7.0194e-06
-2.13836e-06
7.45982e-06
-4.40423e-07
5.18607e-06
2.27375e-06
1.56289e-06
3.62318e-06
-1.20654e-06
2.76942e-06
-2.30656e-06
1.10003e-06
-3.065e-06
7.58437e-07
-4.515e-06
1.45e-06
-6.20716e-06
1.69216e-06
-6.71474e-06
5.07583e-07
-6.24144e-06
-4.73304e-07
-4.87579e-06
-1.36565e-06
-4.87578e-06
-5.18138e-06
1.21976e-05
-4.35088e-06
1.41538e-07
-2.05132e-06
-5.92256e-06
8.51387e-08
-5.80566e-06
1.71433e-06
-4.56211e-06
2.97788e-06
-3.9077e-06
4.01184e-06
-3.17232e-06
4.22221e-06
-6.50814e-07
2.76424e-06
3.73172e-06
3.55542e-07
6.03189e-06
-1.56518e-06
4.69014e-06
-2.4382e-06
1.97305e-06
-3.09992e-06
1.42015e-06
-3.83052e-06
2.18059e-06
-4.34963e-06
2.21127e-06
-4.04825e-06
2.06207e-07
-3.37553e-06
-1.14602e-06
-2.90455e-06
-1.83663e-06
-7.78033e-06
-2.889e-06
1.50866e-05
-1.71206e-06
-1.0354e-06
-4.64739e-07
-7.16988e-06
4.87759e-07
-6.75816e-06
1.10394e-06
-5.1783e-06
1.48283e-06
-4.2866e-06
1.66026e-06
-3.34973e-06
1.51826e-06
-5.08805e-07
4.97521e-07
4.75246e-06
-9.43986e-07
7.4734e-06
-2.17945e-06
5.9256e-06
-2.7963e-06
2.58991e-06
-3.2522e-06
1.87605e-06
-3.45285e-06
2.38125e-06
-3.25077e-06
2.00919e-06
-2.37244e-06
-6.72127e-07
-1.43199e-06
-2.08646e-06
-1.04366e-06
-2.22496e-06
-8.824e-06
-6.61166e-07
1.57477e-05
4.92089e-07
-2.18866e-06
7.74546e-07
-7.45233e-06
6.66312e-07
-6.64992e-06
3.95978e-07
-4.90796e-06
7.02976e-08
-3.96092e-06
-3.27689e-07
-2.95174e-06
-8.61403e-07
2.49061e-08
-1.50535e-06
5.3964e-06
-2.18668e-06
8.15474e-06
-2.86403e-06
6.60294e-06
-3.26474e-06
2.99062e-06
-3.51658e-06
2.12789e-06
-3.3933e-06
2.25797e-06
-2.68963e-06
1.30553e-06
-1.33506e-06
-2.0267e-06
-1.26357e-07
-3.29517e-06
3.89975e-07
-2.74129e-06
-8.43403e-06
1.69572e-06
1.4052e-05
2.38958e-06
-2.88251e-06
1.72107e-06
-6.78383e-06
6.11441e-07
-5.54029e-06
-4.47863e-07
-3.84866e-06
-1.35387e-06
-3.05493e-06
-2.16227e-06
-2.14333e-06
-2.99609e-06
8.58713e-07
-3.35076e-06
5.75107e-06
-3.51286e-06
8.31684e-06
-3.61331e-06
6.70339e-06
-3.79411e-06
3.17141e-06
-3.85839e-06
2.19217e-06
-3.52262e-06
1.9222e-06
-2.51409e-06
2.97001e-07
-8.67301e-07
-3.67349e-06
7.32009e-07
-4.89447e-06
1.21395e-06
-3.22322e-06
-7.22008e-06
3.95009e-06
1.01019e-05
4.14436e-06
-3.07678e-06
2.34287e-06
-4.98234e-06
2.91565e-07
-3.48898e-06
-1.4532e-06
-2.10388e-06
-2.8341e-06
-1.67404e-06
-3.92119e-06
-1.05624e-06
-4.87753e-06
1.81505e-06
-5.11768e-06
5.99121e-06
-4.82549e-06
8.02466e-06
-4.42302e-06
6.30091e-06
-4.41222e-06
3.16061e-06
-4.2766e-06
2.05655e-06
-3.75781e-06
1.40341e-06
-2.63131e-06
-8.295e-07
-8.90479e-07
-5.41431e-06
1.11566e-06
-6.90061e-06
1.72197e-06
-3.82954e-06
-5.49811e-06
6.37238e-06
3.72956e-06
5.64471e-06
-2.3491e-06
2.56707e-06
-1.90469e-06
-3.21011e-07
-6.00897e-07
-2.63659e-06
2.117e-07
-4.39509e-06
8.44639e-08
-5.63849e-06
1.87152e-07
-6.56568e-06
2.74224e-06
-6.68634e-06
6.11187e-06
-6.04565e-06
7.38396e-06
-5.35744e-06
5.6127e-06
-5.14238e-06
2.94555e-06
-4.77209e-06
1.68626e-06
-4.05975e-06
6.91073e-07
-2.88482e-06
-2.00443e-06
-1.11697e-06
-7.18216e-06
1.28278e-06
-9.30037e-06
2.21693e-06
-4.76368e-06
-3.28118e-06
9.05015e-06
-5.32059e-06
6.62107e-06
7.99828e-08
2.31579e-06
2.40058e-06
-1.23279e-06
2.94767e-06
-3.99964e-06
2.97854e-06
-6.05298e-06
2.1378e-06
-7.3716e-06
1.50577e-06
-8.19214e-06
3.56278e-06
-8.0818e-06
6.00152e-06
-7.27759e-06
6.57975e-06
-6.43326e-06
4.76837e-06
-5.97739e-06
2.48969e-06
-5.32516e-06
1.03403e-06
-4.37838e-06
-2.557e-07
-3.11956e-06
-3.26325e-06
-1.23184e-06
-9.06988e-06
1.37062e-06
-1.19028e-05
2.55276e-06
-5.94582e-06
-7.28422e-07
4.77361e-07
8.5463e-07
4.45844e-07
4.54852e-07
2.99952e-07
3.08063e-08
1.60908e-07
-3.27076e-07
8.3296e-08
-6.51207e-07
9.82848e-08
-9.72478e-07
2.29324e-07
-1.31842e-06
4.9302e-07
-1.69226e-06
8.89379e-07
-2.05666e-06
1.40193e-06
-2.36632e-06
2.0315e-06
-2.6299e-06
2.78733e-06
-2.83535e-06
3.6695e-06
-2.9233e-06
4.66985e-06
-2.83339e-06
5.79715e-06
-2.56676e-06
7.08768e-06
-2.1703e-06
8.59621e-06
-1.70216e-06
1.04113e-05
-1.21694e-06
1.25995e-05
-7.79385e-07
1.51358e-05
-4.90107e-07
1.7925e-05
-4.10939e-07
2.12974e-05
-4.03491e-07
4.13624e-07
2.85926e-05
3.63394e-07
4.91236e-07
3.76695e-07
4.41552e-07
2.64992e-07
1.4251e-07
1.46205e-07
-2.08289e-07
7.34967e-08
-5.785e-07
1.03314e-07
-1.0023e-06
2.39562e-07
-1.45467e-06
4.91376e-07
-1.94407e-06
8.75953e-07
-2.44124e-06
1.37968e-06
-2.87005e-06
2.00022e-06
-3.25043e-06
2.74827e-06
-3.5834e-06
3.66138e-06
-3.83642e-06
4.77629e-06
-3.94829e-06
6.12273e-06
-3.9132e-06
7.72071e-06
-3.76827e-06
9.59577e-06
-3.57722e-06
1.18062e-05
-3.42739e-06
1.44189e-05
-3.39207e-06
1.74702e-05
-3.54139e-06
2.09651e-05
-3.90581e-06
2.49151e-05
-4.35354e-06
-4.55442e-06
2.98831e-05
9.85372e-08
3.92698e-07
3.21025e-07
2.19063e-07
1.33379e-07
3.30159e-07
-1.14344e-07
3.94355e-08
-1.54113e-07
-5.38729e-07
4.58297e-08
-1.20224e-06
3.06913e-07
-1.71575e-06
5.26075e-07
-2.16323e-06
8.48451e-07
-2.76362e-06
1.33865e-06
-3.36025e-06
1.90268e-06
-3.81446e-06
2.43213e-06
-4.11286e-06
3.11185e-06
-4.51613e-06
4.21743e-06
-5.05387e-06
5.82737e-06
-5.52314e-06
7.80191e-06
-5.74281e-06
9.95444e-06
-5.72975e-06
1.22081e-05
-5.68102e-06
1.46608e-05
-5.8448e-06
1.76491e-05
-6.5297e-06
2.14852e-05
-7.74191e-06
2.61886e-05
-9.05695e-06
-9.12933e-06
3.07635e-05
-4.59758e-07
8.52459e-07
2.81007e-07
-5.21855e-07
-8.4224e-07
1.45341e-06
-2.21898e-06
1.41619e-06
-2.25712e-06
-5.00599e-07
-9.54175e-07
-2.50519e-06
3.63761e-07
-3.03369e-06
4.80548e-07
-2.28001e-06
4.6666e-07
-2.74972e-06
1.01201e-06
-3.9056e-06
1.59175e-06
-4.3942e-06
1.36111e-06
-3.88221e-06
8.03397e-07
-3.95843e-06
1.49307e-06
-5.74355e-06
3.86787e-06
-7.89794e-06
7.06065e-06
-8.93558e-06
9.9442e-06
-8.61328e-06
1.1843e-05
-7.57979e-06
1.25781e-05
-6.5799e-06
1.36333e-05
-7.58495e-06
1.71148e-05
-1.12235e-05
2.26278e-05
-1.45699e-05
-1.27056e-05
2.62041e-05
-1.95307e-05
2.03834e-05
-2.74782e-05
7.42556e-06
-3.76114e-05
1.15866e-05
-4.33308e-05
7.13561e-06
-4.17943e-05
-2.03707e-06
-3.82165e-05
-6.08298e-06
-3.51775e-05
-6.07273e-06
-3.34689e-05
-3.98857e-06
-3.29982e-05
-3.22038e-06
-3.18993e-05
-5.00447e-06
-3.32342e-05
-3.05939e-06
-3.82944e-05
1.17801e-06
-4.17538e-05
-4.99098e-07
-3.89671e-05
-8.53023e-06
-3.23138e-05
-1.45511e-05
-2.6752e-05
-1.44973e-05
-2.51928e-05
-1.01724e-05
-2.95332e-05
-3.23938e-06
-4.10429e-05
4.92974e-06
-5.47462e-05
6.11835e-06
-5.26283e-05
-1.33414e-05
-4.15142e-05
-2.5684e-05
-2.03333e-05
-3.38865e-05
-2.02683e-05
4.06516e-05
-3.22811e-05
1.94384e-05
-3.94842e-05
1.87897e-05
-4.1568e-05
9.21939e-06
-4.37876e-05
1.82489e-07
-4.59449e-05
-3.9257e-06
-4.57419e-05
-6.27574e-06
-4.30534e-05
-6.67703e-06
-3.98047e-05
-6.46903e-06
-3.83126e-05
-6.49664e-06
-3.88065e-05
-2.56549e-06
-4.13709e-05
3.74241e-06
-4.28124e-05
9.42376e-07
-4.23001e-05
-9.04256e-06
-4.0316e-05
-1.65352e-05
-3.81804e-05
-1.6633e-05
-3.93789e-05
-8.97393e-06
-4.53447e-05
2.7264e-06
-5.38396e-05
1.34246e-05
-5.93731e-05
1.16519e-05
-5.79296e-05
-1.4785e-05
-5.58141e-05
-2.77994e-05
-2.31953e-05
-5.29521e-05
-1.38844e-05
5.4536e-05
-2.42568e-05
2.98108e-05
-2.99149e-05
2.44477e-05
-3.40535e-05
1.3358e-05
-3.97473e-05
5.87629e-06
-4.49644e-05
1.29143e-06
-4.57759e-05
-5.46425e-06
-4.47915e-05
-7.66143e-06
-4.23547e-05
-8.90586e-06
-4.06505e-05
-8.20082e-06
-3.9732e-05
-3.48399e-06
-3.89916e-05
3.00199e-06
-4.09722e-05
2.92295e-06
-4.28283e-05
-7.18645e-06
-4.33224e-05
-1.6041e-05
-4.36382e-05
-1.63172e-05
-4.61278e-05
-6.48438e-06
-5.22547e-05
8.85337e-06
-5.76925e-05
1.88624e-05
-5.87589e-05
1.27184e-05
-5.78791e-05
-1.56649e-05
-5.81867e-05
-2.74918e-05
-2.34696e-05
-5.79125e-05
-6.88433e-06
6.14203e-05
-1.4248e-05
3.71745e-05
-1.87942e-05
2.89939e-05
-2.46188e-05
1.91826e-05
-3.06863e-05
1.19438e-05
-3.55438e-05
6.14895e-06
-4.02943e-05
-7.13761e-07
-4.24685e-05
-5.4873e-06
-4.23702e-05
-9.00417e-06
-4.21119e-05
-8.45905e-06
-4.22282e-05
-3.36766e-06
-4.01442e-05
9.18008e-07
-3.77531e-05
5.31853e-07
-3.88364e-05
-6.10319e-06
-4.36873e-05
-1.11901e-05
-4.96704e-05
-1.03341e-05
-5.36011e-05
-2.55363e-06
-5.39762e-05
9.22853e-06
-5.14369e-05
1.63231e-05
-4.84171e-05
9.69863e-06
-5.29685e-05
-1.11134e-05
-5.68584e-05
-2.36019e-05
-1.94724e-05
-6.08556e-05
-1.87692e-06
6.32972e-05
-6.72344e-06
4.2021e-05
-1.05165e-05
3.27869e-05
-1.54506e-05
2.41167e-05
-2.04691e-05
1.69622e-05
-2.50407e-05
1.07206e-05
-2.99023e-05
4.14782e-06
-3.40043e-05
-1.38534e-06
-3.78012e-05
-5.20722e-06
-4.0464e-05
-5.79625e-06
-4.05157e-05
-3.3159e-06
-3.87524e-05
-8.45256e-07
-3.70013e-05
-1.21929e-06
-3.84094e-05
-4.69504e-06
-4.23325e-05
-7.2669e-06
-4.66942e-05
-5.97228e-06
-4.90028e-05
-2.44969e-07
-4.71743e-05
7.4001e-06
-4.22425e-05
1.13915e-05
-3.89975e-05
6.45368e-06
-4.37933e-05
-6.31749e-06
-5.20189e-05
-1.53764e-05
-1.43893e-05
-5.7102e-05
2.14275e-06
6.11545e-05
-1.2171e-06
4.53808e-05
-4.36271e-06
3.59325e-05
-8.26005e-06
2.8014e-05
-1.24126e-05
2.11147e-05
-1.65211e-05
1.48291e-05
-2.0999e-05
8.62567e-06
-2.55707e-05
3.18642e-06
-3.00259e-05
-7.52039e-07
-3.3501e-05
-2.32109e-06
-3.50183e-05
-1.79854e-06
-3.48713e-05
-9.92245e-07
-3.45869e-05
-1.50369e-06
-3.59421e-05
-3.33984e-06
-3.86993e-05
-4.50958e-06
-4.13537e-05
-3.31792e-06
-4.19946e-05
3.95841e-07
-3.95616e-05
4.96704e-06
-3.51197e-05
6.94963e-06
-3.22962e-05
3.63026e-06
-3.45876e-05
-4.02603e-06
-3.99746e-05
-9.9894e-06
-1.00981e-05
-4.42659e-05
3.88914e-06
5.72653e-05
2.15532e-06
4.71146e-05
-1.37754e-07
3.82255e-05
-3.03351e-06
3.09097e-05
-6.36485e-06
2.4446e-05
-9.95377e-06
1.8418e-05
-1.39644e-05
1.26363e-05
-1.82753e-05
7.49731e-06
-2.25689e-05
3.54161e-06
-2.61416e-05
1.25164e-06
-2.8355e-05
4.14868e-07
-2.93853e-05
3.81088e-08
-3.01282e-05
-7.60836e-07
-3.149e-05
-1.97806e-06
-3.336e-05
-2.63953e-06
-3.4792e-05
-1.88593e-06
-3.46551e-05
2.5897e-07
-3.24199e-05
2.73186e-06
-2.90193e-05
3.54899e-06
-2.6706e-05
1.31698e-06
-2.74612e-05
-3.27076e-06
-3.02824e-05
-7.16815e-06
-7.94292e-06
-3.24375e-05
3.99423e-06
5.32711e-05
3.87299e-06
4.72358e-05
2.60834e-06
3.94902e-05
5.63265e-07
3.29548e-05
-1.9841e-06
2.69934e-05
-4.93579e-06
2.13696e-05
-8.32714e-06
1.60277e-05
-1.20508e-05
1.12209e-05
-1.58173e-05
7.30816e-06
-1.91256e-05
4.55999e-06
-2.15619e-05
2.85128e-06
-2.31824e-05
1.65855e-06
-2.44483e-05
5.05086e-07
-2.5793e-05
-6.33382e-07
-2.71304e-05
-1.30208e-06
-2.79123e-05
-1.10394e-06
-2.75326e-05
-1.20574e-07
-2.57682e-05
9.67567e-07
-2.32925e-05
1.07336e-06
-2.14472e-05
-5.28435e-07
-2.12982e-05
-3.41983e-06
-2.24289e-05
-6.03755e-06
-6.99574e-06
-2.3376e-05
3.46754e-06
4.98035e-05
4.39637e-06
4.6307e-05
4.02233e-06
3.98642e-05
2.84011e-06
3.4137e-05
1.07582e-06
2.87576e-05
-1.16364e-06
2.36091e-05
-3.84352e-06
1.87075e-05
-6.85331e-06
1.42307e-05
-9.95735e-06
1.04122e-05
-1.28125e-05
7.41516e-06
-1.51418e-05
5.18064e-06
-1.6924e-05
3.44079e-06
-1.83585e-05
1.9396e-06
-1.96337e-05
6.41835e-07
-2.06768e-05
-2.58872e-07
-2.11818e-05
-5.98978e-07
-2.08296e-05
-4.72686e-07
-1.95657e-05
-2.96283e-07
-1.78263e-05
-6.65999e-07
-1.63974e-05
-1.95714e-06
-1.58795e-05
-3.9377e-06
-1.61253e-05
-5.79169e-06
-6.7229e-06
-1.63981e-05
2.84574e-06
4.69578e-05
4.31449e-06
4.48382e-05
4.62492e-06
3.95537e-05
4.17014e-06
3.45917e-05
3.13115e-06
2.97966e-05
1.60488e-06
2.51353e-05
-3.47809e-07
2.06602e-05
-2.62049e-06
1.65034e-05
-5.03287e-06
1.28246e-05
-7.34857e-06
9.7309e-06
-9.37253e-06
7.20464e-06
-1.1046e-05
5.11423e-06
-1.24301e-05
3.32366e-06
-1.35868e-05
1.79865e-06
-1.44557e-05
6.10031e-07
-1.48658e-05
-1.88875e-07
-1.46569e-05
-6.81433e-07
-1.38364e-05
-1.11683e-06
-1.26807e-05
-1.8217e-06
-1.16472e-05
-2.99049e-06
-1.10892e-05
-4.49572e-06
-1.09745e-05
-5.90638e-06
-6.77678e-06
-1.09207e-05
2.33784e-06
4.46199e-05
3.99301e-06
4.3183e-05
4.76069e-06
3.8786e-05
4.87599e-06
3.44764e-05
4.46019e-06
3.02124e-05
3.58775e-06
2.60078e-05
2.3193e-06
2.19286e-05
7.43258e-07
1.80795e-05
-1.00524e-06
1.45732e-05
-2.76137e-06
1.14871e-05
-4.38322e-06
8.82654e-06
-5.80052e-06
6.53155e-06
-7.00845e-06
4.53156e-06
-8.0087e-06
2.79887e-06
-8.75038e-06
1.35175e-06
-9.13595e-06
1.96695e-07
-9.08692e-06
-7.3042e-07
-8.6269e-06
-1.57681e-06
-7.92808e-06
-2.52057e-06
-7.25667e-06
-3.66192e-06
-6.82226e-06
-4.93013e-06
-6.6327e-06
-6.09591e-06
-6.91043e-06
-6.49902e-06
1.96564e-06
4.26543e-05
3.62432e-06
4.15244e-05
4.67148e-06
3.77389e-05
5.20736e-06
3.39406e-05
5.29647e-06
3.01233e-05
4.9846e-06
2.63196e-05
4.31792e-06
2.25953e-05
3.36346e-06
1.90339e-05
2.21781e-06
1.57189e-05
9.96115e-07
1.27088e-05
-1.9719e-07
1.00199e-05
-1.29477e-06
7.62921e-06
-2.26481e-06
5.50162e-06
-3.08389e-06
3.61795e-06
-3.70917e-06
1.97706e-06
-4.08222e-06
5.69777e-07
-4.16359e-06
-6.48987e-07
-3.97578e-06
-1.76458e-06
-3.62341e-06
-2.87294e-06
-3.26072e-06
-4.02465e-06
-3.01154e-06
-5.17937e-06
-2.89389e-06
-6.21359e-06
-6.98859e-06
-2.8157e-06
1.71054e-06
4.09437e-05
3.30593e-06
3.9929e-05
4.51242e-06
3.65324e-05
5.34754e-06
3.31055e-05
5.82827e-06
2.96426e-05
5.97322e-06
2.61746e-05
5.80983e-06
2.27586e-05
5.38332e-06
1.94605e-05
4.75965e-06
1.63426e-05
4.01807e-06
1.34505e-05
3.23454e-06
1.08036e-05
2.46703e-06
8.39683e-06
1.75388e-06
6.21486e-06
1.12608e-06
4.2458e-06
6.19338e-07
2.48382e-06
2.71446e-07
9.17694e-07
1.04252e-07
-4.81721e-07
1.02093e-07
-1.76237e-06
2.03664e-07
-2.97446e-06
3.21065e-07
-4.14203e-06
3.82547e-07
-5.24086e-06
3.72266e-07
-6.20333e-06
-6.95195e-06
3.35626e-07
1.55927e-06
3.93845e-05
3.08388e-06
3.84044e-05
4.38312e-06
3.52332e-05
5.42789e-06
3.20607e-05
6.20294e-06
2.88675e-05
6.70509e-06
2.56725e-05
6.94453e-06
2.25192e-05
6.94754e-06
1.94575e-05
6.75647e-06
1.65337e-05
6.42438e-06
1.37826e-05
6.00529e-06
1.12227e-05
5.54524e-06
8.85696e-06
5.08012e-06
6.68007e-06
4.64009e-06
4.68591e-06
4.25448e-06
2.86946e-06
3.94982e-06
1.22237e-06
3.74055e-06
-2.72413e-07
3.61847e-06
-1.64026e-06
3.54982e-06
-2.90577e-06
3.48649e-06
-4.07866e-06
3.38893e-06
-5.14327e-06
3.24733e-06
-6.0617e-06
-6.79051e-06
3.08592e-06
1.50835e-06
3.78761e-05
2.9853e-06
3.69274e-05
4.34629e-06
3.38722e-05
5.53953e-06
3.08675e-05
6.53074e-06
2.78763e-05
7.30211e-06
2.49011e-05
7.8508e-06
2.19705e-05
8.18862e-06
1.91196e-05
8.34061e-06
1.63817e-05
8.34098e-06
1.37822e-05
8.22703e-06
1.13367e-05
8.03346e-06
9.05055e-06
7.7901e-06
6.92348e-06
7.52298e-06
4.9531e-06
7.25583e-06
3.13667e-06
7.00861e-06
1.46961e-06
6.79281e-06
-5.65799e-08
6.60635e-06
-1.45378e-06
6.43285e-06
-2.73225e-06
6.24821e-06
-3.89401e-06
6.03296e-06
-4.92801e-06
5.78356e-06
-5.81228e-06
-6.52235e-06
5.51541e-06
1.55712e-06
3.6319e-05
3.02553e-06
3.54591e-05
4.43908e-06
3.24587e-05
5.74063e-06
2.9566e-05
6.88748e-06
2.67295e-05
7.85409e-06
2.39345e-05
8.62962e-06
2.11949e-05
9.21626e-06
1.8533e-05
9.62728e-06
1.59707e-05
9.88391e-06
1.35256e-05
1.00112e-05
1.12093e-05
1.00344e-05
9.02732e-06
9.97686e-06
6.98105e-06
9.85961e-06
5.07037e-06
9.70166e-06
3.29465e-06
9.51885e-06
1.65243e-06
9.32139e-06
1.4091e-07
9.11157e-06
-1.24395e-06
8.88376e-06
-2.50444e-06
8.62829e-06
-3.63855e-06
8.33809e-06
-4.63782e-06
8.01472e-06
-5.48894e-06
-6.178e-06
7.67035e-06
1.69852e-06
3.46205e-05
3.20637e-06
3.39513e-05
4.67551e-06
3.09896e-05
6.0593e-06
2.81822e-05
7.31548e-06
2.54733e-05
8.4169e-06
2.28331e-05
9.34946e-06
2.02624e-05
1.01102e-05
1.77723e-05
1.07053e-05
1.53756e-05
1.11477e-05
1.30833e-05
1.14541e-05
1.0903e-05
1.16427e-05
8.83876e-06
1.17311e-05
6.89261e-06
1.17361e-05
5.06543e-06
1.16727e-05
3.358e-06
1.1554e-05
1.77111e-06
1.13896e-05
3.05356e-07
1.11843e-05
-1.0387e-06
1.09391e-05
-2.25924e-06
1.06528e-05
-3.3522e-06
1.03256e-05
-4.31068e-06
9.96282e-06
-5.12616e-06
-5.79063e-06
9.57543e-06
1.91245e-06
3.27081e-05
3.51051e-06
3.23533e-05
5.04439e-06
2.94558e-05
6.49336e-06
2.67332e-05
7.82367e-06
2.4143e-05
9.01172e-06
2.1645e-05
1.00442e-05
1.92299e-05
1.09167e-05
1.68999e-05
1.16322e-05
1.46603e-05
1.21988e-05
1.25168e-05
1.26283e-05
1.04735e-05
1.29339e-05
8.53317e-06
1.31293e-05
6.69725e-06
1.32276e-05
4.96712e-06
1.32412e-05
3.34444e-06
1.3181e-05
1.83134e-06
1.30559e-05
4.30421e-07
1.28725e-05
-8.55296e-07
1.26352e-05
-2.02191e-06
1.23475e-05
-3.0645e-06
1.2014e-05
-3.97718e-06
1.16419e-05
-4.75411e-06
-5.39058e-06
1.12419e-05
2.161e-06
3.05471e-05
3.89583e-06
3.06185e-05
5.50614e-06
2.78455e-05
7.00967e-06
2.52297e-05
8.38825e-06
2.27644e-05
9.62607e-06
2.04072e-05
1.07139e-05
1.81421e-05
1.16488e-05
1.5965e-05
1.24333e-05
1.38759e-05
1.30737e-05
1.18764e-05
1.35792e-05
9.96812e-06
1.39602e-05
8.15219e-06
1.42278e-05
6.42975e-06
1.43927e-05
4.8023e-06
1.44651e-05
3.272e-06
1.44547e-05
1.8418e-06
1.43698e-05
5.1537e-07
1.42175e-05
-7.03007e-07
1.40041e-05
-1.80848e-06
1.37354e-05
-2.79585e-06
1.34182e-05
-3.65998e-06
1.30606e-05
-4.39653e-06
-5.0026e-06
1.26727e-05
2.38935e-06
2.81578e-05
4.29412e-06
2.87139e-05
5.99302e-06
2.61466e-05
7.54629e-06
2.36765e-05
8.95627e-06
2.13544e-05
1.02182e-05
1.91452e-05
1.13294e-05
1.70309e-05
1.22906e-05
1.50038e-05
1.31059e-05
1.30606e-05
1.37819e-05
1.12004e-05
1.43271e-05
9.423e-06
1.47507e-05
7.72864e-06
1.50623e-05
6.11825e-06
1.52712e-05
4.59344e-06
1.53864e-05
3.15676e-06
1.54165e-05
1.8117e-06
1.53694e-05
5.62553e-07
1.52522e-05
-5.85817e-07
1.50719e-05
-1.62817e-06
1.48354e-05
-2.5593e-06
1.455e-05
-3.37457e-06
1.4224e-05
-4.07049e-06
-4.64513e-06
1.38665e-05
2.5378e-06
2.56201e-05
4.62112e-06
2.66306e-05
6.41842e-06
2.43494e-05
8.02186e-06
2.2073e-05
9.45525e-06
1.99211e-05
1.07267e-05
1.78738e-05
1.18417e-05
1.5916e-05
1.28061e-05
1.40394e-05
1.36271e-05
1.22396e-05
1.43131e-05
1.05145e-05
1.48729e-05
8.86317e-06
1.53159e-05
7.28567e-06
1.56512e-05
5.78302e-06
1.58874e-05
4.35722e-06
1.6033e-05
3.01125e-06
1.60956e-05
1.74905e-06
1.60829e-05
5.75343e-07
1.60018e-05
-5.04679e-07
1.58592e-05
-1.48562e-06
1.56623e-05
-2.36235e-06
1.54183e-05
-3.13054e-06
1.51349e-05
-3.78712e-06
-4.33054e-06
1.48203e-05
2.56524e-06
2.30549e-05
4.80228e-06
2.43937e-05
6.69899e-06
2.24527e-05
8.35461e-06
2.04175e-05
9.80986e-06
1.84659e-05
1.10854e-05
1.65983e-05
1.21953e-05
1.48061e-05
1.31514e-05
1.30833e-05
1.39649e-05
1.14262e-05
1.46465e-05
9.83293e-06
1.52067e-05
8.303e-06
1.56554e-05
6.83697e-06
1.60019e-05
5.43651e-06
1.62549e-05
4.10423e-06
1.64224e-05
2.84377e-06
1.65119e-05
1.65959e-06
1.65304e-05
5.56807e-07
1.64849e-05
-4.59102e-07
1.63819e-05
-1.38263e-06
1.62282e-05
-2.20866e-06
1.60307e-05
-2.93298e-06
1.57962e-05
-3.55266e-06
-4.06614e-06
1.55318e-05
2.47291e-06
2.05821e-05
4.80492e-06
2.20618e-05
6.78379e-06
2.04739e-05
8.48706e-06
1.87143e-05
9.96288e-06
1.69901e-05
1.12413e-05
1.53199e-05
1.2344e-05
1.37034e-05
1.32886e-05
1.21388e-05
1.40902e-05
1.06247e-05
1.47622e-05
9.1609e-06
1.5317e-05
7.74825e-06
1.57655e-05
6.38853e-06
1.61175e-05
5.08447e-06
1.63821e-05
3.83973e-06
1.65671e-05
2.65877e-06
1.668e-05
1.54671e-06
1.67276e-05
5.09164e-07
1.67166e-05
-4.48055e-07
1.66532e-05
-1.31925e-06
1.65438e-05
-2.09924e-06
1.63945e-05
-2.78372e-06
1.62115e-05
-3.36966e-06
-3.85524e-06
1.60006e-05
2.30518e-06
1.8277e-05
4.65226e-06
1.97148e-05
6.67216e-06
1.84541e-05
8.40354e-06
1.69829e-05
9.89127e-06
1.55024e-05
1.11693e-05
1.40419e-05
1.22641e-05
1.26086e-05
1.31973e-05
1.12055e-05
1.39873e-05
9.83469e-06
1.46499e-05
8.49833e-06
1.51989e-05
7.19931e-06
1.56463e-05
5.94116e-06
1.60026e-05
4.72815e-06
1.62772e-05
3.56521e-06
1.64781e-05
2.45783e-06
1.66128e-05
1.41199e-06
1.66881e-05
4.3387e-07
1.67104e-05
-4.70284e-07
1.66856e-05
-1.29448e-06
1.66197e-05
-2.03331e-06
1.65183e-05
-2.68225e-06
1.63866e-05
-3.23795e-06
-3.69814e-06
1.62295e-05
2.11921e-06
1.61578e-05
4.40201e-06
1.7432e-05
6.40461e-06
1.64516e-05
8.12861e-06
1.5259e-05
9.60827e-06
1.40228e-05
1.08757e-05
1.27745e-05
1.19583e-05
1.15261e-05
1.28792e-05
1.02846e-05
1.36584e-05
9.05551e-06
1.4313e-05
7.84376e-06
1.48578e-05
6.65459e-06
1.53054e-05
5.49355e-06
1.56669e-05
4.36665e-06
1.59519e-05
3.28029e-06
1.61686e-05
2.24117e-06
1.63244e-05
1.25614e-06
1.64262e-05
3.32089e-07
1.64802e-05
-5.2424e-07
1.64922e-05
-1.30646e-06
1.64677e-05
-2.0088e-06
1.64119e-05
-2.62638e-06
1.63294e-05
-3.15537e-06
-3.59293e-06
1.62242e-05
1.95006e-06
1.42078e-05
4.10809e-06
1.52741e-05
6.03413e-06
1.45256e-05
7.70763e-06
1.35856e-05
9.15096e-06
1.25796e-05
1.03905e-05
1.1535e-05
1.14512e-05
1.04655e-05
1.23551e-05
9.3808e-06
1.31217e-05
8.28886e-06
1.37683e-05
7.19721e-06
1.43097e-05
6.11326e-06
1.47586e-05
5.04461e-06
1.51263e-05
3.99905e-06
1.54221e-05
2.98448e-06
1.56545e-05
2.00885e-06
1.58307e-05
1.07992e-06
1.59575e-05
2.05278e-07
1.60411e-05
-6.07812e-07
1.60872e-05
-1.3525e-06
1.6101e-05
-2.02257e-06
1.60873e-05
-2.61265e-06
1.60503e-05
-3.11833e-06
-3.53608e-06
1.59935e-05
1.80184e-06
1.2406e-05
3.79833e-06
1.32776e-05
5.60153e-06
1.27225e-05
7.18522e-06
1.20019e-05
8.56276e-06
1.12021e-05
9.75388e-06
1.03439e-05
1.07789e-05
9.44058e-06
1.1657e-05
8.5027e-06
1.2406e-05
7.53992e-06
1.30417e-05
6.56151e-06
1.35782e-05
5.57672e-06
1.40279e-05
4.59495e-06
1.44013e-05
3.62568e-06
1.47076e-05
2.67827e-06
1.49547e-05
1.76179e-06
1.51497e-05
8.84881e-07
1.52993e-05
5.56862e-08
1.54096e-05
-7.18049e-07
1.54861e-05
-1.42902e-06
1.5534e-05
-2.0705e-06
1.55579e-05
-2.63655e-06
1.55618e-05
-3.12211e-06
-3.52288e-06
1.55486e-05
1.66198e-06
1.0744e-05
3.47785e-06
1.14619e-05
5.12918e-06
1.10712e-05
6.59432e-06
1.05368e-05
7.88145e-06
9.91501e-06
9.00449e-06
9.22094e-06
9.97892e-06
8.4662e-06
1.08203e-05
7.66133e-06
1.15437e-05
6.81656e-06
1.2163e-05
5.94218e-06
1.2691e-05
5.0488e-06
1.31386e-05
4.14732e-06
1.35156e-05
3.24869e-06
1.38302e-05
2.36363e-06
1.40898e-05
1.50223e-06
1.4301e-05
6.73743e-07
1.447e-05
-1.13336e-07
1.46029e-05
-8.50959e-07
1.47053e-05
-1.53142e-06
1.47823e-05
-2.1475e-06
1.48384e-05
-2.69264e-06
1.48774e-05
-3.16106e-06
-3.54766e-06
1.49022e-05
1.51733e-06
9.22674e-06
3.14328e-06
9.836e-06
4.6277e-06
9.58679e-06
5.9567e-06
9.20788e-06
7.13593e-06
8.73583e-06
8.175e-06
8.18192e-06
9.08515e-06
7.55608e-06
9.87843e-06
6.86808e-06
1.0567e-05
6.128e-06
1.11626e-05
5.34658e-06
1.16761e-05
4.53534e-06
1.2117e-05
3.70637e-06
1.24937e-05
2.87197e-06
1.28132e-05
2.04412e-06
1.30817e-05
1.23379e-06
1.33049e-05
4.50553e-07
1.34887e-05
-2.97193e-07
1.36392e-05
-1.0014e-06
1.37619e-05
-1.65411e-06
1.3862e-05
-2.24759e-06
1.3944e-05
-2.77464e-06
1.40116e-05
-3.22873e-06
-3.60395e-06
1.4068e-05
1.36155e-06
7.86526e-06
2.79338e-06
8.40424e-06
4.10472e-06
8.2755e-06
5.28851e-06
8.02416e-06
6.34896e-06
7.67544e-06
7.29253e-06
7.23841e-06
8.12712e-06
6.72154e-06
8.86175e-06
6.13349e-06
9.50602e-06
5.48376e-06
1.00695e-05
4.78309e-06
1.05613e-05
4.04356e-06
1.09894e-05
3.27829e-06
1.13605e-05
2.50088e-06
1.168e-05
1.72463e-06
1.19524e-05
9.61417e-07
1.21822e-05
2.2068e-07
1.2375e-05
-4.89996e-07
1.25367e-05
-1.16306e-06
1.2673e-05
-1.79044e-06
1.27893e-05
-2.36389e-06
1.28902e-05
-2.87551e-06
1.29795e-05
-3.31798e-06
-3.68461e-06
1.30601e-05
1.19538e-06
6.66993e-06
2.43259e-06
7.16705e-06
3.57022e-06
7.13793e-06
4.60559e-06
6.98885e-06
5.54156e-06
6.73954e-06
6.38206e-06
6.39797e-06
7.13239e-06
5.97127e-06
7.79917e-06
5.46677e-06
8.38989e-06
4.89308e-06
8.91239e-06
4.26064e-06
9.37417e-06
3.58181e-06
9.78186e-06
2.87062e-06
1.01406e-05
2.1421e-06
1.0454e-05
1.41125e-06
1.07242e-05
6.91226e-07
1.09541e-05
-9.1964e-09
1.11486e-05
-6.84517e-07
1.1314e-05
-1.32838e-06
1.14563e-05
-1.93274e-06
1.15811e-05
-2.4887e-06
1.16931e-05
-2.98751e-06
1.17962e-05
-3.42105e-06
-3.78183e-06
1.18934e-05
1.02368e-06
5.64626e-06
2.07026e-06
6.12047e-06
3.03821e-06
6.17002e-06
3.92665e-06
6.10047e-06
4.73659e-06
5.92966e-06
5.46979e-06
5.66483e-06
6.12952e-06
5.3116e-06
6.72055e-06
4.87581e-06
7.24877e-06
4.36492e-06
7.7207e-06
3.78876e-06
8.14286e-06
3.1597e-06
8.521e-06
2.49251e-06
8.85927e-06
1.80386e-06
9.1593e-06
1.11125e-06
9.42007e-06
4.30465e-07
9.64189e-06
-2.30994e-07
9.82945e-06
-8.72065e-07
9.98967e-06
-1.4886e-06
1.01294e-05
-2.07242e-06
1.02543e-05
-2.61364e-06
1.03692e-05
-3.10241e-06
1.04779e-05
-3.5297e-06
-3.88732e-06
1.05834e-05
8.52845e-07
4.7934e-06
1.71911e-06
5.2542e-06
2.52692e-06
5.36223e-06
3.2745e-06
5.35293e-06
3.96065e-06
5.24355e-06
4.58535e-06
5.04018e-06
5.15035e-06
4.74666e-06
5.65901e-06
4.36721e-06
6.11601e-06
3.90798e-06
6.52701e-06
3.37782e-06
6.89814e-06
2.78863e-06
7.23521e-06
2.15549e-06
7.54249e-06
1.49663e-06
7.82034e-06
8.33434e-07
8.06316e-06
1.87681e-07
8.26706e-06
-4.34872e-07
8.43724e-06
-1.04223e-06
8.58233e-06
-1.63368e-06
8.71011e-06
-2.20019e-06
8.82648e-06
-2.73e-06
8.93585e-06
-3.21179e-06
9.0417e-06
-3.63556e-06
-3.99252e-06
9.14689e-06
6.90691e-07
4.1027e-06
1.39535e-06
4.54954e-06
2.05883e-06
4.69877e-06
2.6762e-06
4.73559e-06
3.24443e-06
4.67534e-06
3.7625e-06
4.52213e-06
4.23114e-06
4.27805e-06
4.65257e-06
3.94584e-06
5.03035e-06
3.53026e-06
5.36939e-06
3.03884e-06
5.67587e-06
2.48222e-06
5.95682e-06
1.87461e-06
6.21872e-06
1.23479e-06
6.46292e-06
5.89284e-07
6.67711e-06
-2.64667e-08
6.85064e-06
-6.08381e-07
6.99091e-06
-1.18248e-06
7.10982e-06
-1.75258e-06
7.21623e-06
-2.3066e-06
7.31561e-06
-2.82939e-06
7.41148e-06
-3.30768e-06
7.50651e-06
-3.73062e-06
-4.08907e-06
7.60302e-06
5.4982e-07
3.55287e-06
1.12093e-06
3.97844e-06
1.66112e-06
4.15859e-06
2.16232e-06
4.2344e-06
2.62165e-06
4.21602e-06
3.0383e-06
4.10549e-06
3.4124e-06
3.90397e-06
3.74484e-06
3.61343e-06
4.03762e-06
3.23753e-06
4.29433e-06
2.78218e-06
4.52084e-06
2.25577e-06
4.72603e-06
1.66948e-06
4.92145e-06
1.03943e-06
5.11476e-06
3.96014e-07
5.28507e-06
-1.96733e-07
5.41146e-06
-7.34749e-07
5.50671e-06
-1.27772e-06
5.58811e-06
-1.83397e-06
5.66474e-06
-2.38324e-06
5.74016e-06
-2.90484e-06
5.81596e-06
-3.38352e-06
5.89338e-06
-3.80809e-06
-4.16957e-06
5.97383e-06
4.55806e-07
3.09707e-06
9.27742e-07
3.50652e-06
1.36547e-06
3.72086e-06
1.76461e-06
3.83527e-06
2.12624e-06
3.85439e-06
2.45064e-06
3.78109e-06
2.73703e-06
3.6176e-06
2.98424e-06
3.36624e-06
3.19155e-06
3.03026e-06
3.35962e-06
2.61415e-06
3.49192e-06
2.12351e-06
3.59745e-06
1.564e-06
3.69468e-06
9.42255e-07
3.8059e-06
2.84834e-07
3.90713e-06
-2.9793e-07
3.96248e-06
-7.90078e-07
3.99495e-06
-1.31018e-06
4.0295e-06
-1.86853e-06
4.07129e-06
-2.42505e-06
4.11893e-06
-2.95251e-06
4.17069e-06
-3.43533e-06
4.22588e-06
-3.86333e-06
-4.22856e-06
4.2848e-06
4.52908e-07
2.64417e-06
8.49869e-07
3.10958e-06
1.19539e-06
3.37535e-06
1.50521e-06
3.52545e-06
1.78453e-06
3.57506e-06
2.03278e-06
3.53283e-06
2.24681e-06
3.40357e-06
2.42225e-06
3.19081e-06
2.55428e-06
2.89825e-06
2.63835e-06
2.5301e-06
2.67128e-06
2.09062e-06
2.65462e-06
1.58069e-06
2.60895e-06
9.87958e-07
2.56646e-06
3.27349e-07
2.54857e-06
-2.80021e-07
2.498e-06
-7.39492e-07
2.45294e-06
-1.26513e-06
2.44071e-06
-1.8563e-06
2.45008e-06
-2.43444e-06
2.47125e-06
-2.97372e-06
2.49869e-06
-3.4628e-06
2.52987e-06
-3.89456e-06
-4.26289e-06
2.56414e-06
4.82262e-07
8.29544e-07
1.11533e-06
1.37126e-06
1.60303e-06
1.80809e-06
1.98102e-06
2.1148e-06
2.20094e-06
2.22915e-06
2.18671e-06
2.05497e-06
1.80678e-06
1.49308e-06
1.15873e-06
9.43853e-07
8.54583e-07
8.23073e-07
8.15462e-07
8.18014e-07
8.24889e-07
8.33756e-07
8.43881e-07
2.97012e-05
-1.1086e-06
3.14102e-05
-1.70904e-06
3.2939e-05
-1.5288e-06
-8.83324e-07
3.38223e-05
3.14618e-05
-2.68725e-06
3.22543e-05
-2.5016e-06
3.18319e-05
-1.10636e-06
9.68659e-07
2.99799e-05
3.21626e-05
-4.08626e-06
3.26581e-05
-2.99717e-06
2.98951e-05
1.65664e-06
9.65607e-06
2.12078e-05
2.42995e-05
-2.18172e-06
2.00201e-05
1.28218e-06
1.26397e-05
9.03697e-06
1.76184e-05
4.67734e-06
-3.17584e-05
-4.30969e-06
-3.01566e-05
-3.19339e-07
-2.96014e-05
8.48175e-06
1.53615e-05
-2.73445e-05
-5.2379e-05
-4.88285e-06
-5.26374e-05
-6.0872e-08
-4.99719e-05
5.81621e-06
1.08943e-05
-4.55048e-05
-5.77478e-05
-5.04754e-06
-5.84061e-05
5.97412e-07
-5.75924e-05
5.00248e-06
7.64185e-06
-5.43398e-05
-6.27752e-05
-3.12789e-06
-6.25666e-05
3.88768e-07
-6.01449e-05
2.58074e-06
4.30842e-06
-5.68115e-05
-5.7273e-05
-2.95688e-06
-5.61382e-05
-7.45959e-07
-5.44833e-05
9.25982e-07
2.70803e-06
-5.28828e-05
-4.44264e-05
-2.79652e-06
-4.36409e-05
-1.53152e-06
-4.22834e-05
-4.31622e-07
4.21396e-07
-3.99967e-05
-3.2389e-05
-2.8449e-06
-3.18014e-05
-2.11893e-06
-3.0824e-05
-1.40898e-06
-7.80634e-07
-2.96219e-05
-2.32781e-05
-2.94275e-06
-2.28093e-05
-2.58778e-06
-2.20409e-05
-2.17746e-06
-1.76014e-06
-2.10614e-05
-1.62476e-05
-3.09316e-06
-1.58898e-05
-2.94554e-06
-1.53349e-05
-2.73236e-06
-2.48153e-06
-1.46135e-05
-1.07606e-05
-3.25325e-06
-1.04903e-05
-3.21588e-06
-1.01043e-05
-3.11836e-06
-2.97645e-06
-9.60936e-06
-6.37017e-06
-3.38209e-06
-6.18303e-06
-3.403e-06
-5.92908e-06
-3.3723e-06
-3.29857e-06
-5.60693e-06
-2.74595e-06
-3.45179e-06
-2.64431e-06
-3.50459e-06
-2.50311e-06
-3.51348e-06
-3.48329e-06
-2.31835e-06
3.35361e-07
-3.45151e-06
3.53264e-07
-3.52248e-06
3.95586e-07
-3.55578e-06
-3.55427e-06
4.66579e-07
3.01838e-06
-3.38396e-06
2.96144e-06
-3.46554e-06
2.92012e-06
-3.51446e-06
-3.53256e-06
2.89841e-06
5.39225e-06
-3.2608e-06
5.27513e-06
-3.34842e-06
5.16812e-06
-3.40747e-06
-3.43921e-06
5.07477e-06
7.50753e-06
-3.098e-06
7.34769e-06
-3.18859e-06
7.19423e-06
-3.25401e-06
-3.29519e-06
7.05021e-06
9.3896e-06
-2.91216e-06
9.20449e-06
-3.00348e-06
9.023e-06
-3.07252e-06
-3.11998e-06
8.84781e-06
1.1048e-05
-2.71829e-06
1.08532e-05
-2.80863e-06
1.06598e-05
-2.87918e-06
-2.93046e-06
1.04703e-05
1.2483e-05
-2.52864e-06
1.22911e-05
-2.61674e-06
1.20991e-05
-2.68714e-06
-2.74028e-06
1.19089e-05
1.36902e-05
-2.35241e-06
1.35108e-05
-2.43736e-06
1.33301e-05
-2.50637e-06
-2.5598e-06
1.31496e-05
1.46638e-05
-2.1959e-06
1.45035e-05
-2.27712e-06
1.4341e-05
-2.34385e-06
-2.39636e-06
1.41776e-05
1.53989e-05
-2.06299e-06
1.52619e-05
-2.14015e-06
1.5122e-05
-2.20399e-06
-2.25472e-06
1.49804e-05
1.58932e-05
-1.95554e-06
1.57816e-05
-2.02858e-06
1.56668e-05
-2.08917e-06
-2.13753e-06
1.55497e-05
1.61479e-05
-1.87396e-06
1.60623e-05
-1.94296e-06
1.59734e-05
-2.00019e-06
-2.04582e-06
1.58817e-05
1.61678e-05
-1.81753e-06
1.61075e-05
-1.88273e-06
1.6044e-05
-1.93664e-06
-1.97941e-06
1.59776e-05
1.59607e-05
-1.7847e-06
1.59244e-05
-1.84645e-06
1.5885e-05
-1.89726e-06
-1.93721e-06
1.58429e-05
1.55372e-05
-1.77334e-06
1.55229e-05
-1.83209e-06
1.55057e-05
-1.88011e-06
-1.91747e-06
1.5486e-05
1.49097e-05
-1.78083e-06
1.49147e-05
-1.83711e-06
1.49174e-05
-1.88279e-06
-1.91791e-06
1.49179e-05
1.40913e-05
-1.80419e-06
1.41128e-05
-1.85857e-06
1.41325e-05
-1.90245e-06
-1.93582e-06
1.41504e-05
1.3096e-05
-1.84006e-06
1.31307e-05
-1.89317e-06
1.31641e-05
-1.93586e-06
-1.96809e-06
1.31964e-05
1.19382e-05
-1.88477e-06
1.19823e-05
-1.93727e-06
1.20259e-05
-1.97943e-06
-2.01115e-06
1.20689e-05
1.0633e-05
-1.93435e-06
1.06826e-05
-1.98688e-06
1.07323e-05
-2.02915e-06
-2.06105e-06
1.07822e-05
9.19718e-06
-1.98466e-06
9.24806e-06
-2.03777e-06
9.29964e-06
-2.08073e-06
-2.11342e-06
9.35199e-06
7.64987e-06
-2.03155e-06
7.69775e-06
-2.08567e-06
7.74675e-06
-2.12976e-06
-2.16369e-06
7.797e-06
6.01342e-06
-2.0712e-06
6.05427e-06
-2.12655e-06
6.09646e-06
-2.17198e-06
-2.20737e-06
6.14012e-06
4.31407e-06
-2.10053e-06
4.34455e-06
-2.15706e-06
4.37631e-06
-2.20377e-06
-2.24058e-06
4.40949e-06
2.5816e-06
-2.11803e-06
2.59992e-06
-2.17541e-06
2.61917e-06
-2.22304e-06
-2.26086e-06
2.63943e-06
8.49287e-07
8.55019e-07
8.61089e-07
8.67519e-07
2.66657e-05
1.83604e-06
1.41455e-05
1.26002e-05
2.4087e-06
1.41374e-05
-6.56447e-06
1.19208e-05
-1.3619e-05
1.00331e-05
-1.9125e-05
7.64379e-06
-2.22491e-05
4.62982e-06
-2.31139e-05
4.42758e-06
-2.20514e-05
4.93909e-06
-1.99732e-05
4.50149e-06
-1.79221e-05
2.71728e-06
-1.61734e-05
7.40963e-07
-1.36092e-05
-1.53012e-06
-1.03473e-05
-3.51765e-06
-6.96384e-06
-6.64666e-06
-2.78303e-06
-1.32507e-05
3.36095e-06
-1.80468e-05
5.88577e-06
-8.47065e-06
5.15735e-06
1.91296e-05
1.26864e-05
4.32255e-06
2.74072e-05
-7.48809e-06
2.59481e-05
-1.6321e-05
2.07538e-05
-2.34878e-05
1.71999e-05
-2.77454e-05
1.19014e-05
-2.91044e-05
5.98885e-06
-2.84242e-05
3.74736e-06
-2.70963e-05
3.61118e-06
-2.53913e-05
2.79649e-06
-2.35893e-05
9.1528e-07
-2.10837e-05
-1.76467e-06
-1.73635e-05
-5.25028e-06
-1.27677e-05
-8.11353e-06
-8.7046e-06
-1.07097e-05
-4.34347e-06
-1.76118e-05
2.17138e-06
-2.45616e-05
5.40082e-06
-1.17001e-05
1.05582e-05
5.17321e-06
2.8721e-05
-1.1007e-05
4.35874e-05
-2.29613e-05
3.79024e-05
-2.95456e-05
2.73381e-05
-3.07511e-05
1.84054e-05
-3.00377e-05
1.11879e-05
-2.98084e-05
5.75953e-06
-2.978e-05
3.71891e-06
-2.9127e-05
2.95825e-06
-2.80876e-05
1.75705e-06
-2.6634e-05
-5.38316e-07
-2.45057e-05
-3.89295e-06
-2.12977e-05
-8.45828e-06
-1.73159e-05
-1.20953e-05
-1.40159e-05
-1.40097e-05
-1.05352e-05
-2.10926e-05
-4.26636e-06
-3.08304e-05
2.27845e-06
-1.82449e-05
1.28366e-05
-1.66964e-05
5.00947e-05
-3.59384e-05
6.28293e-05
-4.05375e-05
4.25014e-05
-3.43868e-05
2.11874e-05
-2.92234e-05
1.3242e-05
-2.8386e-05
1.03505e-05
-2.89758e-05
6.34934e-06
-2.97744e-05
4.51754e-06
-2.91587e-05
2.34252e-06
-2.78434e-05
4.41723e-07
-2.67126e-05
-1.66903e-06
-2.59576e-05
-4.64803e-06
-2.47196e-05
-9.6963e-06
-2.28874e-05
-1.39275e-05
-2.11185e-05
-1.57786e-05
-1.93452e-05
-2.28659e-05
-1.58133e-05
-3.43623e-05
-6.65103e-06
-2.74072e-05
6.1856e-06
-2.75817e-05
5.03318e-05
-3.06666e-05
6.59144e-05
-2.96302e-05
4.1465e-05
-2.4591e-05
1.61482e-05
-2.37045e-05
1.23556e-05
-2.75137e-05
1.41597e-05
-2.753e-05
6.36565e-06
-2.74744e-05
4.46191e-06
-2.61894e-05
1.05757e-06
-2.40206e-05
-1.72715e-06
-2.36034e-05
-2.08621e-06
-2.57009e-05
-2.55053e-06
-2.73275e-05
-8.06968e-06
-2.67326e-05
-1.45224e-05
-2.43611e-05
-1.81501e-05
-2.32252e-05
-2.40018e-05
-2.62666e-05
-3.13209e-05
-1.95772e-05
-3.40966e-05
-1.33916e-05
-3.11023e-05
3.59291e-05
-1.55165e-05
5.03284e-05
-1.22735e-05
3.82221e-05
-1.27748e-05
1.66496e-05
-1.91706e-05
1.87514e-05
-2.17225e-05
1.67117e-05
-2.2942e-05
7.58517e-06
-2.4785e-05
6.30486e-06
-2.4585e-05
8.57603e-07
-2.26353e-05
-3.67693e-06
-2.13862e-05
-3.33528e-06
-2.36051e-05
-3.31629e-07
-2.55501e-05
-6.12475e-06
-2.18338e-05
-1.82387e-05
-1.66896e-05
-2.32943e-05
-1.44163e-05
-2.62751e-05
-2.50471e-05
-2.06901e-05
-2.68544e-05
-3.22893e-05
-4.0246e-05
-4.48599e-05
2.64492e-05
-2.8159e-05
3.36275e-05
-1.54106e-05
2.54738e-05
-1.32912e-05
1.45302e-05
-1.27122e-05
1.81724e-05
-1.26848e-05
1.66841e-05
-1.58415e-05
1.07419e-05
-1.91519e-05
9.61526e-06
-2.40781e-05
5.78382e-06
-2.63118e-05
-1.44316e-06
-2.33014e-05
-6.34568e-06
-1.67727e-05
-6.86044e-06
-1.13924e-05
-1.1505e-05
-7.61961e-06
-2.20115e-05
-3.34286e-06
-2.7571e-05
-8.24844e-07
-2.87932e-05
4.48468e-06
-2.59996e-05
5.06538e-06
-3.287e-05
-3.51806e-05
-4.79221e-05
1.75598e-05
-3.6132e-05
2.18374e-05
-2.7077e-05
1.64187e-05
-2.28304e-05
1.02836e-05
-1.75825e-05
1.29246e-05
-1.31261e-05
1.22277e-05
-1.23712e-05
9.987e-06
-1.66225e-05
1.38666e-05
-2.19897e-05
1.1151e-05
-2.09946e-05
-2.43826e-06
-1.60596e-05
-1.12807e-05
-8.09938e-06
-1.48207e-05
-1.93045e-07
-1.94114e-05
4.80003e-06
-2.70046e-05
9.21879e-06
-3.19898e-05
8.94262e-06
-2.8517e-05
1.30108e-05
-3.00678e-05
1.38635e-05
-3.37227e-05
-2.13171e-05
-4.51763e-05
9.85327e-06
-3.53677e-05
1.20289e-05
-2.86569e-05
9.70792e-06
-2.50202e-05
6.64683e-06
-2.0236e-05
8.14037e-06
-1.611e-05
8.10167e-06
-1.43378e-05
8.21487e-06
-1.49298e-05
1.44586e-05
-1.55683e-05
1.17895e-05
-1.28846e-05
-5.12206e-06
-8.83941e-06
-1.53259e-05
-2.45697e-06
-2.12031e-05
4.00277e-06
-2.58712e-05
8.35405e-06
-3.13559e-05
1.32654e-05
-3.69011e-05
1.79155e-05
-3.31672e-05
1.72429e-05
-2.93951e-05
8.19016e-06
-2.467e-05
-1.3127e-05
-3.44054e-05
4.26202e-06
-2.91046e-05
6.72815e-06
-2.51239e-05
5.72718e-06
-2.29552e-05
4.47816e-06
-1.93456e-05
4.53082e-06
-1.63087e-05
5.06474e-06
-1.48645e-05
6.77072e-06
-1.12543e-05
1.08483e-05
-7.26607e-06
7.8013e-06
-5.24639e-06
-7.14176e-06
-2.46883e-06
-1.81035e-05
1.93136e-06
-2.56033e-05
6.42705e-06
-3.03669e-05
8.59179e-06
-3.35207e-05
9.79973e-06
-3.81091e-05
1.42738e-05
-3.76413e-05
1.41365e-05
-2.92579e-05
9.88197e-06
-2.04153e-05
-3.24505e-06
-2.5672e-05
3.12155e-07
-2.10163e-05
2.07238e-06
-1.76057e-05
2.31673e-06
-1.54572e-05
2.32969e-06
-1.37792e-05
2.85277e-06
-1.21005e-05
3.38611e-06
-9.80901e-06
4.47924e-06
-4.92629e-06
5.96559e-06
5.95058e-07
2.27994e-06
2.2856e-06
-8.83232e-06
3.26874e-06
-1.90866e-05
4.46735e-06
-2.68019e-05
5.95682e-06
-3.18564e-05
7.62871e-06
-3.51926e-05
7.79545e-06
-3.82759e-05
7.45069e-06
-3.72966e-05
9.03846e-06
-3.08457e-05
7.10063e-06
-1.84775e-05
3.85556e-06
-1.8087e-05
-2.66226e-06
-1.47495e-05
-1.26505e-06
-1.19492e-05
-4.83546e-07
-9.77117e-06
1.51688e-07
-7.72448e-06
8.06103e-07
-5.74475e-06
1.40642e-06
-3.23452e-06
1.96903e-06
8.69792e-07
1.86125e-06
5.0573e-06
-1.90756e-06
6.59427e-06
-1.03693e-05
7.12251e-06
-1.96148e-05
7.15772e-06
-2.68371e-05
6.80253e-06
-3.15012e-05
5.86918e-06
-3.42592e-05
4.54751e-06
-3.69542e-05
3.57399e-06
-3.63231e-05
3.37272e-06
-3.06445e-05
2.65897e-06
-1.77638e-05
6.51449e-06
-1.24369e-05
-4.83888e-06
-9.99454e-06
-3.70736e-06
-7.67644e-06
-2.80162e-06
-5.56342e-06
-1.96129e-06
-3.54742e-06
-1.20985e-06
-1.4573e-06
-6.83668e-07
1.07923e-06
-5.67489e-07
4.44637e-06
-1.50589e-06
7.59299e-06
-5.05419e-06
8.99046e-06
-1.17668e-05
8.95701e-06
-1.95814e-05
7.8713e-06
-2.57513e-05
6.10186e-06
-2.97317e-05
3.9863e-06
-3.21437e-05
1.31899e-06
-3.42869e-05
-8.93347e-07
-3.41107e-05
-2.34552e-06
-2.91923e-05
-2.79201e-06
-1.73174e-05
3.72247e-06
-8.09062e-06
-6.3576e-06
-6.31462e-06
-5.4833e-06
-4.47121e-06
-4.64499e-06
-2.61585e-06
-3.8166e-06
-7.5463e-07
-3.07103e-06
1.23458e-06
-2.67287e-06
3.53757e-06
-2.87047e-06
6.19945e-06
-4.16775e-06
8.53357e-06
-7.38828e-06
9.49284e-06
-1.2726e-05
8.79134e-06
-1.88798e-05
6.9553e-06
-2.39152e-05
4.46511e-06
-2.72415e-05
1.73872e-06
-2.94173e-05
-1.70686e-06
-3.08413e-05
-5.05466e-06
-3.07629e-05
-7.33959e-06
-2.69074e-05
-7.24011e-06
-1.74168e-05
-3.51761e-06
-4.608e-06
-7.35647e-06
-3.38155e-06
-6.70967e-06
-2.00923e-06
-6.01725e-06
-5.21903e-07
-5.30389e-06
1.06518e-06
-4.6581e-06
2.77794e-06
-4.38562e-06
4.66973e-06
-4.76224e-06
6.6319e-06
-6.12986e-06
8.16126e-06
-8.91756e-06
8.49474e-06
-1.30594e-05
7.33879e-06
-1.77238e-05
5.13624e-06
-2.17127e-05
2.42126e-06
-2.45264e-05
-6.41647e-07
-2.63543e-05
-4.0979e-06
-2.7385e-05
-7.74102e-06
-2.71198e-05
-1.00784e-05
-2.457e-05
-8.26695e-06
-1.92283e-05
-1.17845e-05
-1.71576e-06
-7.95899e-06
-9.38089e-07
-7.48727e-06
-6.76708e-09
-6.94853e-06
1.07216e-06
-6.38281e-06
2.29235e-06
-5.87829e-06
3.62435e-06
-5.71763e-06
5.02122e-06
-6.15909e-06
6.31595e-06
-7.42455e-06
7.10145e-06
-9.70301e-06
6.91616e-06
-1.28741e-05
5.56672e-06
-1.63743e-05
3.31147e-06
-1.94574e-05
5.26864e-07
-2.17418e-05
-2.58242e-06
-2.3245e-05
-5.90162e-06
-2.40658e-05
-8.93117e-06
-2.40901e-05
-1.02644e-05
-2.32367e-05
-7.3136e-06
-2.2179e-05
-1.90981e-05
7.5339e-07
-8.24576e-06
1.18276e-06
-7.91662e-06
1.73712e-06
-7.50289e-06
2.42729e-06
-7.07298e-06
3.25537e-06
-6.70638e-06
4.17543e-06
-6.63768e-06
5.0827e-06
-7.06633e-06
5.80189e-06
-8.14366e-06
6.04476e-06
-9.94581e-06
5.50981e-06
-1.23391e-05
4.07742e-06
-1.49418e-05
1.90673e-06
-1.72867e-05
-7.37071e-07
-1.90979e-05
-3.63445e-06
-2.03475e-05
-6.55691e-06
-2.11432e-05
-8.96779e-06
-2.16792e-05
-9.65263e-06
-2.25518e-05
-6.67924e-06
-2.51524e-05
-2.57774e-05
2.93314e-06
-8.28048e-06
3.0834e-06
-8.06687e-06
3.34096e-06
-7.76043e-06
3.70249e-06
-7.43447e-06
4.17938e-06
-7.18322e-06
4.71203e-06
-7.17026e-06
5.19386e-06
-7.54807e-06
5.46951e-06
-8.41922e-06
5.33248e-06
-9.80872e-06
4.59109e-06
-1.15976e-05
3.17739e-06
-1.35281e-05
1.19921e-06
-1.53085e-05
-1.1461e-06
-1.67526e-05
-3.65056e-06
-1.7843e-05
-6.07363e-06
-1.87201e-05
-8.00355e-06
-1.97493e-05
-8.64385e-06
-2.19115e-05
-6.35602e-06
-2.74403e-05
-3.21334e-05
4.91767e-06
-8.12335e-06
4.85188e-06
-8.00106e-06
4.87453e-06
-7.78303e-06
4.98337e-06
-7.54324e-06
5.17002e-06
-7.36979e-06
5.3835e-06
-7.38366e-06
5.53119e-06
-7.69567e-06
5.48776e-06
-8.37572e-06
5.10877e-06
-9.42969e-06
4.27662e-06
-1.07654e-05
2.96001e-06
-1.22114e-05
1.24243e-06
-1.35909e-05
-7.1951e-07
-1.47906e-05
-2.73892e-06
-1.58236e-05
-4.60431e-06
-1.68547e-05
-6.04693e-06
-1.83067e-05
-6.69142e-06
-2.1267e-05
-5.33422e-06
-2.87975e-05
-3.74677e-05
6.7569e-06
-7.83e-06
6.53491e-06
-7.77903e-06
6.384e-06
-7.63205e-06
6.29949e-06
-7.45866e-06
6.26629e-06
-7.33653e-06
6.23993e-06
-7.35725e-06
6.1465e-06
-7.60218e-06
5.89164e-06
-8.12081e-06
5.37688e-06
-8.91492e-06
4.53426e-06
-9.92278e-06
3.3592e-06
-1.10364e-05
1.9216e-06
-1.21533e-05
3.52818e-07
-1.32218e-05
-1.18217e-06
-1.42886e-05
-2.49956e-06
-1.55373e-05
-3.41261e-06
-1.73936e-05
-3.78958e-06
-2.08901e-05
-3.6636e-06
-2.89235e-05
-4.11312e-05
8.46803e-06
-7.45019e-06
8.14258e-06
-7.45353e-06
7.87217e-06
-7.36158e-06
7.6508e-06
-7.23724e-06
7.46175e-06
-7.14746e-06
7.26813e-06
-7.16359e-06
7.01358e-06
-7.3476e-06
6.63052e-06
-7.73774e-06
6.05393e-06
-8.33833e-06
5.24657e-06
-9.11542e-06
4.21969e-06
-1.00095e-05
3.03529e-06
-1.09688e-05
1.80207e-06
-1.19886e-05
6.60037e-07
-1.31466e-05
-2.41009e-07
-1.46363e-05
-7.78979e-07
-1.68556e-05
-1.01168e-06
-2.06574e-05
-1.70044e-06
-2.82347e-05
-4.28316e-05
1.00463e-05
-7.02616e-06
9.66194e-06
-7.06916e-06
9.31827e-06
-7.01787e-06
9.00911e-06
-6.92806e-06
8.71869e-06
-6.85703e-06
8.41755e-06
-6.86245e-06
8.06396e-06
-6.994e-06
7.61076e-06
-7.28453e-06
7.01673e-06
-7.74431e-06
6.26221e-06
-8.36089e-06
5.36339e-06
-9.11066e-06
4.37413e-06
-9.97957e-06
3.38003e-06
-1.09945e-05
2.48623e-06
-1.22528e-05
1.79801e-06
-1.3948e-05
1.37707e-06
-1.64347e-05
1.10909e-06
-2.03893e-05
3.61162e-07
-2.74867e-05
-4.24704e-05
1.14747e-05
-6.59198e-06
1.10675e-05
-6.66197e-06
1.06884e-05
-6.63874e-06
1.03315e-05
-6.5712e-06
9.98318e-06
-6.50872e-06
9.62033e-06
-6.49961e-06
9.21236e-06
-6.58604e-06
8.72661e-06
-6.79878e-06
8.13674e-06
-7.15446e-06
7.43304e-06
-7.65719e-06
6.63002e-06
-8.30763e-06
5.76905e-06
-9.11859e-06
4.91156e-06
-1.01369e-05
4.12493e-06
-1.14661e-05
3.46544e-06
-1.32885e-05
2.94315e-06
-1.59123e-05
2.45502e-06
-1.99011e-05
1.54451e-06
-2.65761e-05
-4.09259e-05
1.27312e-05
-6.17365e-06
1.2329e-05
-6.25982e-06
1.19439e-05
-6.25361e-06
1.15705e-05
-6.19786e-06
1.11973e-05
-6.13553e-06
1.08061e-05
-6.10845e-06
1.03742e-05
-6.15418e-06
9.87851e-06
-6.30306e-06
9.30122e-06
-6.57718e-06
8.63656e-06
-6.99253e-06
7.89498e-06
-7.56606e-06
7.10344e-06
-8.32703e-06
6.29887e-06
-9.33234e-06
5.51539e-06
-1.06826e-05
4.7668e-06
-1.25398e-05
4.01799e-06
-1.51634e-05
3.13157e-06
-1.90146e-05
1.78984e-06
-2.52344e-05
-3.9136e-05
1.37937e-05
-5.78985e-06
1.3417e-05
-5.8831e-06
1.30478e-05
-5.8844e-06
1.26812e-05
-5.83129e-06
1.23073e-05
-5.76161e-06
1.19114e-05
-5.71253e-06
1.14758e-05
-5.71867e-06
1.09833e-05
-5.81054e-06
1.04204e-05
-6.01431e-06
9.7819e-06
-6.35403e-06
9.0726e-06
-6.85677e-06
8.30637e-06
-7.56081e-06
7.50002e-06
-8.52599e-06
6.66247e-06
-9.84501e-06
5.77987e-06
-1.16572e-05
4.79432e-06
-1.41779e-05
3.57445e-06
-1.77948e-05
1.88365e-06
-2.35436e-05
-3.72524e-05
1.46436e-05
-5.45305e-06
1.43065e-05
-5.54595e-06
1.39687e-05
-5.54666e-06
1.36257e-05
-5.48819e-06
1.32682e-05
-5.40418e-06
1.2884e-05
-5.3283e-06
1.24584e-05
-5.2931e-06
1.19771e-05
-5.32925e-06
1.14285e-05
-5.46571e-06
1.0806e-05
-5.73155e-06
1.01089e-05
-6.15967e-06
9.34054e-06
-6.79246e-06
8.50336e-06
-7.68884e-06
7.59076e-06
-8.93244e-06
6.57689e-06
-1.06434e-05
5.40539e-06
-1.30064e-05
3.98086e-06
-1.63703e-05
2.18232e-06
-2.1745e-05
-3.50701e-05
1.52673e-05
-5.17066e-06
1.49787e-05
-5.25736e-06
1.46829e-05
-5.25084e-06
1.43749e-05
-5.18012e-06
1.40461e-05
-5.07536e-06
1.36852e-05
-4.96737e-06
1.32792e-05
-4.88706e-06
1.28149e-05
-4.86501e-06
1.22811e-05
-4.93184e-06
1.1669e-05
-5.11949e-06
1.09732e-05
-5.46388e-06
1.01893e-05
-6.00864e-06
9.3105e-06
-6.81005e-06
8.32151e-06
-7.94349e-06
7.19287e-06
-9.51476e-06
5.8765e-06
-1.16901e-05
4.30645e-06
-1.48003e-05
2.40165e-06
-1.98403e-05
-3.26685e-05
1.56572e-05
-4.94616e-06
1.54222e-05
-5.02236e-06
1.51748e-05
-5.0034e-06
1.49095e-05
-4.91481e-06
1.46179e-05
-4.78365e-06
1.42888e-05
-4.63826e-06
1.39098e-05
-4.50803e-06
1.34679e-05
-4.42315e-06
1.29511e-05
-4.41502e-06
1.23487e-05
-4.51707e-06
1.16513e-05
-4.76649e-06
1.08494e-05
-5.20674e-06
9.93038e-06
-5.89105e-06
8.87475e-06
-6.88789e-06
7.65259e-06
-8.29262e-06
6.2226e-06
-1.02601e-05
4.5392e-06
-1.31169e-05
2.55017e-06
-1.78512e-05
-3.01183e-05
1.58115e-05
-4.78005e-06
1.56321e-05
-4.84291e-06
1.54366e-05
-4.80785e-06
1.52189e-05
-4.69716e-06
1.49704e-05
-4.53505e-06
1.46797e-05
-4.34757e-06
1.43343e-05
-4.16252e-06
1.39206e-05
-4.00944e-06
1.34255e-05
-3.91985e-06
1.28362e-05
-3.92781e-06
1.21407e-05
-4.07096e-06
1.13261e-05
-4.39207e-06
1.03767e-05
-4.94166e-06
9.27165e-06
-5.78281e-06
7.982e-06
-7.00295e-06
6.47006e-06
-8.74814e-06
4.69499e-06
-1.13418e-05
2.66665e-06
-1.58229e-05
-2.74516e-05
1.57334e-05
-4.6706e-06
1.56092e-05
-4.71872e-06
1.54669e-05
-4.66545e-06
1.52998e-05
-4.53001e-06
1.50986e-05
-4.33387e-06
1.48519e-05
-4.10077e-06
1.45462e-05
-3.85681e-06
1.41674e-05
-3.63053e-06
1.37007e-05
-3.45315e-06
1.31318e-05
-3.35888e-06
1.24465e-05
-3.38551e-06
1.16298e-05
-3.57534e-06
1.06653e-05
-3.97711e-06
9.5329e-06
-4.65038e-06
8.20711e-06
-5.67712e-06
6.65463e-06
-7.19563e-06
4.83096e-06
-9.5181e-06
2.75219e-06
-1.37441e-05
-2.46994e-05
1.54298e-05
-4.61443e-06
1.53589e-05
-4.64779e-06
1.52693e-05
-4.57581e-06
1.51541e-05
-4.41472e-06
1.50035e-05
-4.18324e-06
1.48054e-05
-3.90269e-06
1.45459e-05
-3.59722e-06
1.42095e-05
-3.29406e-06
1.37802e-05
-3.02373e-06
1.32417e-05
-2.82031e-06
1.2578e-05
-2.72174e-06
1.17731e-05
-2.77044e-06
1.08108e-05
-3.01474e-06
9.6735e-06
-3.51302e-06
8.34153e-06
-4.34511e-06
6.79122e-06
-5.64529e-06
4.98626e-06
-7.71312e-06
2.81564e-06
-1.15735e-05
-2.18838e-05
1.49103e-05
-4.60688e-06
1.48893e-05
-4.62679e-06
1.48508e-05
-4.5372e-06
1.47875e-05
-4.35143e-06
1.46896e-05
-4.08534e-06
1.45446e-05
-3.75765e-06
1.43377e-05
-3.39027e-06
1.40524e-05
-3.00865e-06
1.36709e-05
-2.64221e-06
1.31752e-05
-2.32456e-06
1.25474e-05
-2.09383e-06
1.177e-05
-1.99304e-06
1.08267e-05
-2.07137e-06
9.70171e-06
-2.38801e-06
8.38024e-06
-3.02363e-06
6.8483e-06
-4.11334e-06
5.08485e-06
-5.94968e-06
2.91016e-06
-9.39881e-06
-1.89737e-05
1.41858e-05
-4.64221e-06
1.42102e-05
-4.65118e-06
1.42196e-05
-4.54666e-06
1.42073e-05
-4.33908e-06
1.41634e-05
-4.04138e-06
1.40752e-05
-3.66944e-06
1.39274e-05
-3.24252e-06
1.37026e-05
-2.78379e-06
1.33813e-05
-2.32092e-06
1.29433e-05
-1.88654e-06
1.23682e-05
-1.51867e-06
1.16362e-05
-1.26106e-06
1.0729e-05
-1.16414e-06
9.62934e-06
-1.28839e-06
8.32077e-06
-1.71508e-06
6.78641e-06
-2.57902e-06
5.00249e-06
-4.1658e-06
2.89342e-06
-7.2898e-06
-1.60803e-05
1.32678e-05
-4.71359e-06
1.33318e-05
-4.71518e-06
1.3385e-05
-4.59984e-06
1.34211e-05
-4.3752e-06
1.3431e-05
-4.05125e-06
1.34023e-05
-3.64083e-06
1.33199e-05
-3.16012e-06
1.31655e-05
-2.62941e-06
1.29184e-05
-2.07376e-06
1.25557e-05
-1.52392e-06
1.20541e-05
-1.01703e-06
1.139e-05
-5.97079e-07
1.05413e-05
-3.15456e-07
9.48571e-06
-2.32843e-07
8.19752e-06
-4.2695e-07
6.64068e-06
-1.02224e-06
4.76078e-06
-2.28597e-06
2.4884e-06
-5.0175e-06
-1.35919e-05
1.21684e-05
-4.81304e-06
1.22648e-05
-4.81159e-06
1.23557e-05
-4.69072e-06
1.24359e-05
-4.45543e-06
1.24975e-05
-4.11285e-06
1.25294e-05
-3.67271e-06
1.2517e-05
-3.14784e-06
1.24425e-05
-2.55494e-06
1.22842e-05
-1.91551e-06
1.20174e-05
-1.25712e-06
1.16149e-05
-6.14651e-07
1.1049e-05
-3.12402e-08
1.02924e-05
4.41132e-07
9.31764e-06
7.41825e-07
8.09118e-06
7.99439e-07
6.55917e-06
5.09691e-07
4.64381e-06
-3.70701e-07
2.2656e-06
-2.63936e-06
-1.13264e-05
1.09005e-05
-4.93133e-06
1.10205e-05
-4.93156e-06
1.11408e-05
-4.81111e-06
1.12581e-05
-4.57274e-06
1.13663e-05
-4.22101e-06
1.14563e-05
-3.76273e-06
1.15157e-05
-3.2073e-06
1.15281e-05
-2.56742e-06
1.14726e-05
-1.86007e-06
1.13234e-05
-1.10802e-06
1.10506e-05
-3.4192e-07
1.06213e-05
3.98039e-07
1.00028e-05
1.05954e-06
9.16454e-06
1.58005e-06
8.07253e-06
1.89137e-06
6.66712e-06
1.91504e-06
4.85513e-06
1.44122e-06
2.58421e-06
-3.68494e-07
-8.74217e-06
9.47865e-06
-5.05798e-06
9.61146e-06
-5.06439e-06
9.75062e-06
-4.95029e-06
9.89456e-06
-4.7167e-06
1.00397e-05
-4.36622e-06
1.01803e-05
-3.90328e-06
1.03072e-05
-3.33428e-06
1.04078e-05
-2.66806e-06
1.04642e-05
-1.91656e-06
1.04525e-05
-1.09628e-06
1.03414e-05
-2.30916e-07
1.00937e-05
6.45741e-07
9.66988e-06
1.48329e-06
9.03543e-06
2.21446e-06
8.1636e-06
2.76317e-06
6.99174e-06
3.08687e-06
5.38481e-06
3.04812e-06
3.17616e-06
1.84013e-06
-5.566e-06
7.92065e-06
-5.18166e-06
8.054e-06
-5.19776e-06
8.19856e-06
-5.09487e-06
8.35481e-06
-4.87296e-06
8.52204e-06
-4.53347e-06
8.69816e-06
-4.07941e-06
8.87917e-06
-3.5153e-06
9.05826e-06
-2.84717e-06
9.22431e-06
-2.08261e-06
9.35953e-06
-1.23151e-06
9.43663e-06
-3.08031e-07
9.41688e-06
6.65486e-07
9.25277e-06
1.6474e-06
8.89992e-06
2.56732e-06
8.34902e-06
3.31408e-06
7.54154e-06
3.89436e-06
6.24398e-06
4.34569e-06
4.0975e-06
3.98663e-06
-1.46849e-06
6.24931e-06
-5.29087e-06
6.36997e-06
-5.31846e-06
6.50458e-06
-5.22948e-06
6.65524e-06
-5.02362e-06
6.82382e-06
-4.70205e-06
7.01199e-06
-4.26759e-06
7.22122e-06
-3.72453e-06
7.45234e-06
-3.07827e-06
7.70444e-06
-2.33469e-06
7.9724e-06
-1.49945e-06
8.24211e-06
-5.77715e-07
8.48288e-06
4.24751e-07
8.64424e-06
1.48608e-06
8.65833e-06
2.55327e-06
8.55486e-06
3.41758e-06
8.3202e-06
4.12906e-06
7.57083e-06
5.0951e-06
5.5969e-06
5.9606e-06
4.12844e-06
4.494e-06
-5.3754e-06
4.58932e-06
-5.4138e-06
4.69828e-06
-5.33844e-06
4.82376e-06
-5.1491e-06
4.96909e-06
-4.84737e-06
5.13846e-06
-4.43695e-06
5.33753e-06
-3.92357e-06
5.57402e-06
-3.31473e-06
5.85814e-06
-2.61877e-06
6.20202e-06
-1.84329e-06
6.61741e-06
-9.93058e-07
7.09929e-06
-5.70803e-08
7.62147e-06
9.63953e-07
8.06066e-06
2.11413e-06
8.53674e-06
2.94156e-06
9.20429e-06
3.46155e-06
9.36462e-06
4.93483e-06
7.63932e-06
7.68595e-06
1.17678e-05
2.69138e-06
-5.42737e-06
2.7513e-06
-5.47373e-06
2.82133e-06
-5.40847e-06
2.90391e-06
-5.23167e-06
3.00211e-06
-4.94557e-06
3.12025e-06
-4.55506e-06
3.26472e-06
-4.06802e-06
3.44557e-06
-3.49555e-06
3.67861e-06
-2.85178e-06
3.98821e-06
-2.15285e-06
4.41017e-06
-1.41498e-06
5.00335e-06
-6.50214e-07
5.81237e-06
1.54973e-07
6.62086e-06
1.30568e-06
7.72191e-06
1.84056e-06
9.72661e-06
1.45689e-06
1.1727e-05
2.93446e-06
1.23215e-05
7.09145e-06
2.40893e-05
8.83998e-07
9.03576e-07
9.27075e-07
9.55471e-07
9.90061e-07
1.03275e-06
1.08661e-06
1.15698e-06
1.25365e-06
1.39513e-06
1.61718e-06
1.99513e-06
2.68741e-06
4.00501e-06
5.46002e-06
6.98259e-06
1.05929e-05
1.58616e-05
)
;

boundaryField
{
    leftWall
    {
        type            calculated;
        value           uniform 0;
    }
    rightWall
    {
        type            calculated;
        value           uniform 0;
    }
    lowerWall
    {
        type            calculated;
        value           uniform 0;
    }
    atmosphere
    {
        type            calculated;
        value           nonuniform List<scalar> 
46
(
2.16193e-06
2.7623e-06
3.08957e-06
3.26953e-06
3.34328e-06
3.32777e-06
3.23065e-06
3.05703e-06
2.81212e-06
2.50191e-06
2.13307e-06
1.71244e-06
1.23617e-06
6.41066e-07
5.43305e-08
-5.24606e-07
-1.17586e-06
-1.8248e-06
-2.42684e-06
-2.9763e-06
-3.4697e-06
-3.90345e-06
-4.27305e-06
-2.12345e-06
-2.18116e-06
-2.22912e-06
-2.26729e-06
-5.44386e-06
-5.49331e-06
-5.43197e-06
-5.26006e-06
-4.98015e-06
-4.59773e-06
-4.12186e-06
-3.5659e-06
-2.94843e-06
-2.2943e-06
-1.637e-06
-1.02814e-06
-5.37273e-07
-1.18992e-08
3.85569e-07
-6.56483e-08
-6.75818e-07
1.82278e-06
3.99509e-05
)
;
    }
    defaultFaces
    {
        type            empty;
        value           nonuniform List<scalar> 0();
    }
}


// ************************************************************************* //
