/*--------------------------------*- C++ -*----------------------------------*\
  =========                 |
  \\      /  F ield         | OpenFOAM: The Open Source CFD Toolbox
   \\    /   O peration     | Website:  https://openfoam.org
    \\  /    A nd           | Version:  9
     \\/     M anipulation  |
\*---------------------------------------------------------------------------*/
FoamFile
{
    format      ascii;
    class       volVectorField;
    location    "3.01";
    object      U;
}
// * * * * * * * * * * * * * * * * * * * * * * * * * * * * * * * * * * * * * //

dimensions      [0 1 -1 0 0 0 0];

internalField   nonuniform List<vector> 
2268
(
(-0.00310127 0.00111974 0)
(-0.00494227 -0.000165409 0)
(-0.00339163 -0.000694062 0)
(-0.00138454 -0.00083713 0)
(0.00126525 -0.000917332 0)
(0.00402613 -0.000914396 0)
(0.00674253 -0.000860695 0)
(0.0092957 -0.000782102 0)
(0.0116168 -0.000685164 0)
(0.013646 -0.000575192 0)
(0.0153593 -0.000470849 0)
(0.0168025 -0.000392065 0)
(0.0180542 -0.000354355 0)
(0.0192638 -0.000395355 0)
(0.0206779 -0.0005511 0)
(0.0224116 -0.000858307 0)
(0.0255011 -0.00122412 0)
(0.0256638 0.0014607 0)
(0.0173585 0.00429029 0)
(0.00510138 0.0033567 0)
(-0.000975651 0.000647942 0)
(-0.00180474 -0.000569561 0)
(0.000730228 -4.6645e-05 0)
(-0.00131484 0.00273253 0)
(-0.00246159 8.38714e-05 0)
(-0.00131579 -0.00112286 0)
(0.000364813 -0.00163788 0)
(0.00266015 -0.0019057 0)
(0.0051291 -0.00196345 0)
(0.0076113 -0.0018965 0)
(0.00999611 -0.00176256 0)
(0.0122123 -0.00157984 0)
(0.0141914 -0.0013625 0)
(0.015895 -0.00115007 0)
(0.0173432 -0.000982936 0)
(0.0185781 -0.000884837 0)
(0.0196552 -0.000900864 0)
(0.0206489 -0.00106497 0)
(0.0214627 -0.00136928 0)
(0.0220389 -0.00124386 0)
(0.0210511 0.00280732 0)
(0.0171058 0.00677605 0)
(0.0107849 0.00630801 0)
(0.00544263 0.00259511 0)
(0.00178224 -7.27609e-05 0)
(0.0010975 -0.000441364 0)
(-0.000207254 0.00308618 0)
(-0.000913955 -8.05603e-05 0)
(3.64988e-05 -0.00169053 0)
(0.0013863 -0.00247914 0)
(0.00329124 -0.002901 0)
(0.00540368 -0.00301531 0)
(0.00757388 -0.00294219 0)
(0.00971034 -0.00276377 0)
(0.011748 -0.00250444 0)
(0.0136136 -0.00218394 0)
(0.015258 -0.00185991 0)
(0.0166828 -0.00158852 0)
(0.0178952 -0.00139312 0)
(0.0188857 -0.00131373 0)
(0.0196269 -0.001359 0)
(0.0199094 -0.00142056 0)
(0.0193349 -0.000782198 0)
(0.0181025 0.00364267 0)
(0.0163786 0.00802437 0)
(0.013492 0.00826107 0)
(0.00973836 0.00463201 0)
(0.00536344 0.00166853 0)
(0.00212012 0.000904432 0)
(0.000297192 0.00318591 0)
(8.25488e-05 -0.000216175 0)
(0.000891873 -0.00214161 0)
(0.00196527 -0.00317917 0)
(0.0035036 -0.00374753 0)
(0.00526085 -0.00393183 0)
(0.00710945 -0.00387609 0)
(0.00898333 -0.0036829 0)
(0.0108294 -0.00337729 0)
(0.0125704 -0.00298022 0)
(0.0141473 -0.00256571 0)
(0.0155497 -0.00220145 0)
(0.0167556 -0.00190139 0)
(0.0177068 -0.00169356 0)
(0.0183186 -0.00155498 0)
(0.0183602 -0.00129489 0)
(0.017404 -0.000150726 0)
(0.0163114 0.00410346 0)
(0.0159365 0.00856029 0)
(0.015259 0.00929284 0)
(0.0128434 0.00645338 0)
(0.0084946 0.00389244 0)
(0.00359051 0.00308295 0)
(0.000522902 0.00299432 0)
(0.000667279 -0.00045708 0)
(0.00133274 -0.00250817 0)
(0.00214395 -0.00374026 0)
(0.00333985 -0.00444649 0)
(0.00475173 -0.00470696 0)
(0.00627879 -0.00468777 0)
(0.0078868 -0.00450878 0)
(0.00953971 -0.0041879 0)
(0.0111561 -0.00374148 0)
(0.0126675 -0.00325944 0)
(0.0140582 -0.00281807 0)
(0.0152845 -0.00241308 0)
(0.0162522 -0.00205854 0)
(0.0168536 -0.00170581 0)
(0.016899 -0.00111505 0)
(0.0160953 0.000411379 0)
(0.015365 0.00429303 0)
(0.0158075 0.00847435 0)
(0.0164069 0.00964773 0)
(0.0149602 0.00801452 0)
(0.011132 0.00640445 0)
(0.00506101 0.00624771 0)
(0.000637417 0.00269941 0)
(0.000925086 -0.000731606 0)
(0.00140649 -0.00279047 0)
(0.00194457 -0.00415872 0)
(0.00281118 -0.00498923 0)
(0.00388651 -0.00532744 0)
(0.00509461 -0.00536174 0)
(0.00643813 -0.00522723 0)
(0.00790188 -0.0049246 0)
(0.00939906 -0.00445845 0)
(0.0108524 -0.00393595 0)
(0.0122479 -0.00344081 0)
(0.0135272 -0.00294169 0)
(0.0145696 -0.00244173 0)
(0.015266 -0.0018822 0)
(0.0154887 -0.0010127 0)
(0.0151046 0.000739754 0)
(0.01491 0.00424844 0)
(0.0158811 0.0080091 0)
(0.0171344 0.00958822 0)
(0.0165091 0.00922691 0)
(0.0136793 0.00904159 0)
(0.00669201 0.0103073 0)
(0.000708909 0.00246257 0)
(0.000940095 -0.000982009 0)
(0.00117082 -0.00296368 0)
(0.00140878 -0.00442521 0)
(0.00194597 -0.00537002 0)
(0.00268825 -0.00578711 0)
(0.00357963 -0.00589213 0)
(0.00466209 -0.00583515 0)
(0.00594327 -0.00558739 0)
(0.00732927 -0.00513308 0)
(0.00873433 -0.00460076 0)
(0.0101524 -0.00408291 0)
(0.0115172 -0.00351017 0)
(0.0126871 -0.00288098 0)
(0.0135621 -0.00214491 0)
(0.0140737 -0.00106945 0)
(0.0142099 0.000787362 0)
(0.014614 0.0039603 0)
(0.0160216 0.00732855 0)
(0.0177554 0.00922324 0)
(0.0180337 0.00996267 0)
(0.0166664 0.0116127 0)
(0.00917262 0.0156605 0)
(0.000716106 0.0015008 0)
(0.00075609 -0.00112946 0)
(0.000716439 -0.00292995 0)
(0.000614097 -0.00448791 0)
(0.000806324 -0.00556183 0)
(0.0012124 -0.00607074 0)
(0.00178971 -0.00627239 0)
(0.002617 -0.00633387 0)
(0.00372355 -0.00618459 0)
(0.0050075 -0.00577849 0)
(0.00637465 -0.00527219 0)
(0.00783065 -0.00477349 0)
(0.00930727 -0.00415554 0)
(0.0106459 -0.00342344 0)
(0.0117588 -0.00255299 0)
(0.012624 -0.00134394 0)
(0.0133086 0.000532282 0)
(0.0143143 0.00340109 0)
(0.0161677 0.00642842 0)
(0.018424 0.00847076 0)
(0.0198461 0.00992516 0)
(0.0201188 0.0131726 0)
(0.0168444 0.0261345 0)
(0.00896284 -0.00427277 0)
(0.033893 -0.00731368 0)
(0.0535594 -0.00528314 0)
(0.0661814 -0.00299278 0)
(0.0724779 -0.00118174 0)
(0.0739702 0.000388555 0)
(0.0697201 0.00235672 0)
(0.0570084 0.00513559 0)
(0.0355248 0.00580225 0)
(0.0212576 0.00168575 0)
(0.0209732 0.000400434 0)
(0.0128721 0.00467401 0)
(-0.00437407 0.00331676 0)
(-0.00691217 -0.00248185 0)
(0.00998464 -0.00758436 0)
(0.0337482 -0.00554083 0)
(0.0437642 0.000780754 0)
(0.0278848 0.00614017 0)
(0.00472402 0.00381323 0)
(0.0168178 -0.0140634 0)
(0.0348283 -0.0140734 0)
(0.0474783 -0.00964038 0)
(0.0557654 -0.00559845 0)
(0.0599581 -0.00235254 0)
(0.0613776 0.000875758 0)
(0.0580975 0.00553855 0)
(0.0478689 0.0106835 0)
(0.0329581 0.0110825 0)
(0.0216961 0.00477129 0)
(0.016519 0.00269961 0)
(0.0107434 0.00789028 0)
(0.00280861 0.00552602 0)
(0.00201932 -0.00407786 0)
(0.0101767 -0.0127993 0)
(0.024301 -0.0102828 0)
(0.0328944 0.00236693 0)
(0.0251618 0.0123881 0)
(0.00774392 0.00990052 0)
(0.0167165 -0.0248894 0)
(0.0319093 -0.0198707 0)
(0.0414678 -0.0131893 0)
(0.0477311 -0.00763501 0)
(0.0508288 -0.00331127 0)
(0.0519437 0.00126272 0)
(0.0486774 0.0082591 0)
(0.0401736 0.0149843 0)
(0.0301431 0.0152318 0)
(0.0214176 0.00824117 0)
(0.0149061 0.00518106 0)
(0.0110339 0.00954737 0)
(0.00812412 0.00648148 0)
(0.00747048 -0.00489758 0)
(0.00942912 -0.0155686 0)
(0.0161002 -0.014486 0)
(0.0248598 0.00202386 0)
(0.0225891 0.016805 0)
(0.00810983 0.016168 0)
(0.0128092 -0.0344602 0)
(0.0271812 -0.0250802 0)
(0.0354545 -0.0163484 0)
(0.0406939 -0.00937512 0)
(0.0431903 -0.00413723 0)
(0.0443822 0.00161909 0)
(0.0417872 0.0106534 0)
(0.0351848 0.0182737 0)
(0.0285262 0.0183422 0)
(0.0216762 0.0114128 0)
(0.0151281 0.00744113 0)
(0.012772 0.0102032 0)
(0.0127718 0.00692332 0)
(0.0114198 -0.00457866 0)
(0.00829733 -0.0157894 0)
(0.00840734 -0.0172333 0)
(0.0167892 -0.000528982 0)
(0.0220867 0.0198834 0)
(0.0116254 0.0225589 0)
(0.00805294 -0.0414785 0)
(0.0224172 -0.0298782 0)
(0.0300053 -0.0192189 0)
(0.0344689 -0.0108512 0)
(0.0364956 -0.00490351 0)
(0.037985 0.00170266 0)
(0.0365172 0.0124745 0)
(0.0319079 0.0206013 0)
(0.0277745 0.020533 0)
(0.0226685 0.0141381 0)
(0.0170593 0.00935029 0)
(0.0157525 0.0101863 0)
(0.0168112 0.00707573 0)
(0.0143804 -0.00305791 0)
(0.00763502 -0.0139226 0)
(0.00211147 -0.018009 0)
(0.00687327 -0.00488642 0)
(0.019157 0.0196196 0)
(0.0191556 0.0301966 0)
(0.00485282 -0.0469758 0)
(0.0189978 -0.0345968 0)
(0.02567 -0.0218151 0)
(0.0291255 -0.0120283 0)
(0.0305515 -0.00561096 0)
(0.0323232 0.00139123 0)
(0.0322461 0.0135879 0)
(0.0298699 0.0220063 0)
(0.0279373 0.0219025 0)
(0.0245403 0.0162281 0)
(0.0204764 0.0107352 0)
(0.0198404 0.009959 0)
(0.0205668 0.00739502 0)
(0.0169721 -0.000603099 0)
(0.00801289 -0.0105102 0)
(-0.0013663 -0.0165983 0)
(-0.00267978 -0.00852167 0)
(0.00996179 0.014567 0)
(0.0236971 0.0389673 0)
(0.00765098 -0.0544041 0)
(0.0178575 -0.0388412 0)
(0.0227599 -0.0238524 0)
(0.0247152 -0.0127626 0)
(0.0252468 -0.00615002 0)
(0.0269445 0.000686671 0)
(0.0283203 0.0139021 0)
(0.0287395 0.0223664 0)
(0.0291218 0.0225507 0)
(0.0272819 0.0176386 0)
(0.0249276 0.0115235 0)
(0.0246614 0.00987675 0)
(0.0244159 0.00813733 0)
(0.0198285 0.00246069 0)
(0.00966856 -0.0060691 0)
(-0.00197171 -0.013318 0)
(-0.00884094 -0.00960296 0)
(-0.00369758 0.00779794 0)
(0.0137654 0.0453809 0)
(0.0232956 -0.0622625 0)
(0.0198092 -0.0404931 0)
(0.0212382 -0.0245953 0)
(0.0211683 -0.012851 0)
(0.0206591 -0.0063846 0)
(0.0217075 -0.000175223 0)
(0.0244342 0.0131105 0)
(0.0279525 0.0213517 0)
(0.030802 0.0223656 0)
(0.0309746 0.0182502 0)
(0.0301365 0.0118716 0)
(0.0296715 0.010147 0)
(0.0283276 0.00930522 0)
(0.0231661 0.00580968 0)
(0.0127382 -0.0010946 0)
(-4.82941e-05 -0.00861773 0)
(-0.0109713 -0.00742925 0)
(-0.0160649 0.00517059 0)
(-0.0092015 0.0439243 0)
(0.00152014 0.00375103 0)
(0.000819851 8.29004e-05 0)
(-5.48937e-05 -0.00211879 0)
(-0.000845252 -0.00412538 0)
(-0.00124889 -0.00552569 0)
(-0.00138027 -0.00624045 0)
(-0.00127769 -0.00665663 0)
(-0.000828272 -0.00697551 0)
(1.9493e-05 -0.00705402 0)
(0.00115944 -0.00678535 0)
(0.00248593 -0.00637968 0)
(0.00401639 -0.00598881 0)
(0.00568878 -0.00534977 0)
(0.00732823 -0.00450639 0)
(0.00886521 -0.00350318 0)
(0.0103289 -0.00219246 0)
(0.0118562 -0.000378964 0)
(0.0137707 0.00204687 0)
(0.0163613 0.00456037 0)
(0.0195582 0.00646258 0)
(0.0232059 0.00805625 0)
(0.0281302 0.0110568 0)
(0.0405802 0.0178588 0)
(0.00109369 -0.00266292 0)
(-0.00105687 -0.00188277 0)
(-0.0019628 -0.00302006 0)
(-0.00327818 -0.00485164 0)
(-0.0043926 -0.00625928 0)
(-0.00517293 -0.00697591 0)
(-0.00549166 -0.00748263 0)
(-0.00536645 -0.00798168 0)
(-0.0048128 -0.00824324 0)
(-0.00380147 -0.00808725 0)
(-0.00241581 -0.00780578 0)
(-0.000765351 -0.00756054 0)
(0.00111425 -0.00700528 0)
(0.00312901 -0.00618016 0)
(0.00522341 -0.00525268 0)
(0.00744325 -0.00411757 0)
(0.0099098 -0.00267849 0)
(0.0128208 -0.000912508 0)
(0.0163049 0.000778011 0)
(0.0204215 0.00186186 0)
(0.0252684 0.00205924 0)
(0.031337 0.00154648 0)
(0.0412322 -0.000743557 0)
(-0.00483765 0.00373043 0)
(-0.00506539 0.00314159 0)
(-0.00369776 0.000554154 0)
(-0.00604993 -0.00259229 0)
(-0.00988347 -0.00477668 0)
(-0.0119302 -0.00577787 0)
(-0.0116093 -0.00671858 0)
(-0.0109054 -0.007996 0)
(-0.0105395 -0.0088419 0)
(-0.00926401 -0.00888866 0)
(-0.00688345 -0.00878347 0)
(-0.00466789 -0.00873346 0)
(-0.00255013 -0.00832927 0)
(-0.000157949 -0.00752647 0)
(0.00243712 -0.00659953 0)
(0.00524484 -0.00555402 0)
(0.00843926 -0.00446104 0)
(0.0121351 -0.00313282 0)
(0.0165586 -0.00188097 0)
(0.0217776 -0.00128091 0)
(0.0274643 -0.00183646 0)
(0.0335753 -0.00317022 0)
(0.041093 -0.00542825 0)
(-0.0484336 0.013378 0)
(-0.008117 -0.00248063 0)
(0.00960026 0.000999564 0)
(0.00211299 9.58269e-05 0)
(-0.0169918 -0.00156137 0)
(-0.0236797 -0.00431344 0)
(-0.016589 -0.00599916 0)
(-0.01233 -0.0066936 0)
(-0.0154189 -0.00765219 0)
(-0.0147852 -0.00966564 0)
(-0.00845121 -0.00975798 0)
(-0.00583756 -0.00914801 0)
(-0.00464846 -0.00956373 0)
(-0.00245558 -0.00930229 0)
(0.000167186 -0.00874819 0)
(0.00357178 -0.00814458 0)
(0.00776958 -0.00792432 0)
(0.0119021 -0.00735179 0)
(0.0173729 -0.0070215 0)
(0.0254388 -0.00701983 0)
(0.0332344 -0.0075309 0)
(0.0379541 -0.00887499 0)
(0.0425602 -0.0118793 0)
(-0.03947 0.0682944 0)
(0.0143357 -0.0793175 0)
(0.0604836 -0.0253918 0)
(0.0355924 0.0502912 0)
(-0.066777 0.0480504 0)
(-0.083161 -0.0157725 0)
(-0.0612444 -0.0283652 0)
(-0.0411783 -0.0134984 0)
(-0.036342 -0.00084507 0)
(-0.0231348 -0.0282326 0)
(-0.00786526 -0.0264813 0)
(0.00582101 -0.0174046 0)
(0.0141901 -0.0182593 0)
(0.0190239 -0.0169188 0)
(0.0249254 -0.0177158 0)
(0.0340926 -0.0187759 0)
(0.0416657 -0.0164031 0)
(0.039237 -0.0111404 0)
(0.0390877 -0.0178401 0)
(0.0484839 -0.0236877 0)
(0.0580597 -0.0176999 0)
(0.0447704 -0.00883637 0)
(0.0249661 -0.0188817 0)
(0.0435962 0.0445598 0)
(0.0312534 -0.0832214 0)
(0.0226777 -0.0378455 0)
(0.0288818 0.105948 0)
(-0.000874112 0.110813 0)
(-0.0115846 -0.0110345 0)
(-0.0115683 -0.0455751 0)
(0.000396285 -0.0331436 0)
(0.0125572 -0.00961443 0)
(0.0137393 -0.0327139 0)
(0.0118757 -0.0335104 0)
(0.0162336 -0.0257159 0)
(0.0204741 -0.0218956 0)
(0.0251763 -0.020361 0)
(0.0345639 -0.0240855 0)
(0.0483008 -0.0280385 0)
(0.0640345 -0.0238532 0)
(0.0769269 -0.00216782 0)
(0.073572 -0.0151288 0)
(0.0706626 -0.0311413 0)
(0.068785 -0.014113 0)
(0.0436996 0.0343979 0)
(0.0251988 -0.0231935 0)
(0.0442788 -0.0105755 0)
(0.00767528 -0.0552243 0)
(-0.0319972 -0.0309334 0)
(-0.00478993 0.0836672 0)
(0.0552615 0.0965606 0)
(0.0725541 0.000923916 0)
(0.0518627 -0.0409089 0)
(0.0412082 -0.038956 0)
(0.0449575 -0.0188436 0)
(0.0406135 -0.0273843 0)
(0.024047 -0.0308656 0)
(0.0184014 -0.027538 0)
(0.0166698 -0.0225505 0)
(0.0176837 -0.0258421 0)
(0.0239269 -0.0338559 0)
(0.0329166 -0.0414915 0)
(0.0435056 -0.0420733 0)
(0.0660271 -0.0152669 0)
(0.0910238 -0.00926596 0)
(0.0853654 -0.0269508 0)
(0.0624136 0.00226746 0)
(0.0556063 0.0594137 0)
(0.0557971 -0.0171935 0)
(0.030523 -0.019595 0)
(-0.00564318 -0.000821557 0)
(-0.0365055 -0.0230751 0)
(0.00139262 0.0214934 0)
(0.0599836 0.0264613 0)
(0.0977735 0.000420238 0)
(0.095432 -0.0217518 0)
(0.0591685 -0.028241 0)
(0.0480727 -0.0137944 0)
(0.0428038 -0.00975959 0)
(0.0308734 -0.0190329 0)
(0.0196162 -0.0225948 0)
(0.0118559 -0.0186312 0)
(0.00893243 -0.0295541 0)
(0.00890634 -0.0420077 0)
(0.0103251 -0.0510719 0)
(0.0149626 -0.0584774 0)
(0.0282826 -0.0455009 0)
(0.0497804 -0.0290839 0)
(0.0706727 -0.0196876 0)
(0.0758277 0.0196638 0)
(0.0788541 0.0490924 0)
(0.0736953 -0.00299128 0)
(0.00202933 -0.0330466 0)
(0.0186095 0.0177972 0)
(0.00966721 -0.0214664 0)
(0.0201196 -0.0153435 0)
(0.0530764 -0.0147107 0)
(0.0732263 -0.0171268 0)
(0.0655679 0.00187839 0)
(0.0518258 -0.00181925 0)
(0.0414494 -0.00249863 0)
(0.034231 -0.00250816 0)
(0.026151 -0.00620273 0)
(0.018268 -0.00984129 0)
(0.0136238 -0.0126404 0)
(0.0114367 -0.0252512 0)
(0.00770179 -0.0386135 0)
(0.00394489 -0.0491905 0)
(0.00156902 -0.0613011 0)
(0.00293383 -0.0582287 0)
(0.0132947 -0.0496537 0)
(0.0272757 -0.034346 0)
(0.0402178 0.00772387 0)
(0.052618 0.0415253 0)
(0.0461472 0.0273225 0)
(0.00271567 -0.047251 0)
(0.0228851 -0.0130056 0)
(0.0312964 -0.0216892 0)
(0.0310531 -0.029608 0)
(0.0339708 -0.0304005 0)
(0.0317052 -0.0163188 0)
(0.0286001 0.000905316 0)
(0.0255201 0.00375011 0)
(0.0205934 0.00348378 0)
(0.0160407 0.00187775 0)
(0.0115904 -0.00150313 0)
(0.00766885 -0.00566636 0)
(0.00570577 -0.0114378 0)
(0.00448004 -0.0223268 0)
(0.00226543 -0.0334477 0)
(-0.000116837 -0.0450063 0)
(-0.00471386 -0.0566878 0)
(-0.0103766 -0.0591098 0)
(-0.0123159 -0.0583804 0)
(-0.0129327 -0.0440286 0)
(-0.00913674 -0.00402575 0)
(0.00151382 0.0342154 0)
(0.00438485 0.0374787 0)
(-0.00119653 -0.0532001 0)
(0.0100948 -0.0247949 0)
(0.0148494 -0.0230162 0)
(0.0120252 -0.0240263 0)
(0.00670164 -0.0208617 0)
(0.000840387 -0.00950163 0)
(-0.00175907 0.00227502 0)
(-0.0026613 0.00648929 0)
(-0.00447143 0.00685974 0)
(-0.00644089 0.0049668 0)
(-0.00833896 0.00123777 0)
(-0.00985885 -0.0039077 0)
(-0.0105224 -0.0109592 0)
(-0.0112393 -0.0208716 0)
(-0.0130042 -0.0313419 0)
(-0.0159808 -0.0414499 0)
(-0.0209554 -0.049586 0)
(-0.0268182 -0.0521319 0)
(-0.0336132 -0.0532308 0)
(-0.0433684 -0.0410458 0)
(-0.0469487 -0.00908807 0)
(-0.0394468 0.0243091 0)
(-0.0305294 0.033961 0)
(-0.00691789 -0.0512876 0)
(-0.00522655 -0.0287698 0)
(-0.00638141 -0.0216568 0)
(-0.01125 -0.0180607 0)
(-0.0178966 -0.0130433 0)
(-0.0237404 -0.00472219 0)
(-0.0265096 0.00340884 0)
(-0.0273077 0.00732012 0)
(-0.0278926 0.00790299 0)
(-0.028427 0.00598268 0)
(-0.0288873 0.00210711 0)
(-0.0291519 -0.00341713 0)
(-0.0292175 -0.0106915 0)
(-0.0297669 -0.0197198 0)
(-0.0315323 -0.0290766 0)
(-0.0348252 -0.0375182 0)
(-0.0399697 -0.0435141 0)
(-0.0465598 -0.0451853 0)
(-0.0547378 -0.0424842 0)
(-0.0637771 -0.0306726 0)
(-0.0681571 -0.00874729 0)
(-0.063459 0.0151053 0)
(-0.0547377 0.0261594 0)
(-0.0115609 -0.0410021 0)
(-0.0173394 -0.0246059 0)
(-0.0234898 -0.0167093 0)
(-0.0302897 -0.0116657 0)
(-0.0371837 -0.00654821 0)
(-0.0426734 -0.000414525 0)
(-0.0456651 0.00506094 0)
(-0.0467896 0.00789814 0)
(-0.047116 0.00809442 0)
(-0.0470787 0.00601127 0)
(-0.0468701 0.00204231 0)
(-0.0465898 -0.00352064 0)
(-0.0464621 -0.0105088 0)
(-0.0470403 -0.0185294 0)
(-0.0488509 -0.0265113 0)
(-0.0521591 -0.0333025 0)
(-0.0570633 -0.0376413 0)
(-0.0632547 -0.0382307 0)
(-0.0704012 -0.0342758 0)
(-0.0771802 -0.0240146 0)
(-0.0801155 -0.0080898 0)
(-0.0767983 0.0083755 0)
(-0.0697526 0.0184222 0)
(-0.0143127 -0.0247286 0)
(-0.0250242 -0.0146915 0)
(-0.0346943 -0.00866407 0)
(-0.0431336 -0.00429161 0)
(-0.0503644 -0.000226506 0)
(-0.0557987 0.00389731 0)
(-0.0590701 0.00721423 0)
(-0.0605976 0.00870616 0)
(-0.06107 0.00816775 0)
(-0.0609538 0.00572823 0)
(-0.0605647 0.00164334 0)
(-0.0601581 -0.00380361 0)
(-0.0600535 -0.010295 0)
(-0.0606903 -0.0173107 0)
(-0.0624413 -0.023983 0)
(-0.0654745 -0.029347 0)
(-0.0697405 -0.0324108 0)
(-0.0748795 -0.0322617 0)
(-0.0803103 -0.0282969 0)
(-0.0847939 -0.0199914 0)
(-0.0862708 -0.00833302 0)
(-0.0835403 0.0034935 0)
(-0.0779223 0.0119062 0)
(-0.0154229 -0.00513781 0)
(-0.028814 -0.00133386 0)
(-0.0405821 0.00156011 0)
(-0.0501663 0.00400151 0)
(-0.0577863 0.00629063 0)
(-0.0633639 0.00839181 0)
(-0.0669264 0.0097767 0)
(-0.0688325 0.00986034 0)
(-0.0695895 0.00842375 0)
(-0.0696387 0.00549516 0)
(-0.0693447 0.00125226 0)
(-0.0690312 -0.00403515 0)
(-0.0690326 -0.0100043 0)
(-0.0696956 -0.016135 0)
(-0.0712757 -0.0217176 0)
(-0.0738498 -0.0259826 0)
(-0.0772847 -0.0281857 0)
(-0.0811983 -0.0277166 0)
(-0.0849813 -0.0242439 0)
(-0.0876716 -0.0177549 0)
(-0.0880707 -0.00914927 0)
(-0.0855961 -0.000387903 0)
(-0.0810035 0.006522 0)
(-0.0152569 0.0157274 0)
(-0.0296257 0.0136951 0)
(-0.0423193 0.0130028 0)
(-0.0524659 0.0128993 0)
(-0.0603193 0.0130379 0)
(-0.0660305 0.0130971 0)
(-0.0698184 0.0126682 0)
(-0.0720293 0.0113544 0)
(-0.0730838 0.00896018 0)
(-0.073387 0.00547488 0)
(-0.0733053 0.00103211 0)
(-0.0731714 -0.00412332 0)
(-0.0732952 -0.00964358 0)
(-0.0739471 -0.0150645 0)
(-0.0752963 -0.0198178 0)
(-0.0773563 -0.0233122 0)
(-0.0799611 -0.0250124 0)
(-0.082754 -0.0245285 0)
(-0.0852093 -0.0217159 0)
(-0.0866384 -0.0167463 0)
(-0.0863436 -0.0103309 0)
(-0.0840495 -0.00368773 0)
(-0.0802098 0.00200306 0)
(-0.0141889 0.036192 0)
(-0.0283336 0.0290243 0)
(-0.0410388 0.0247943 0)
(-0.05117 0.0219876 0)
(-0.0589741 0.0198653 0)
(-0.0646723 0.0179223 0)
(-0.068558 0.0157806 0)
(-0.070966 0.0131229 0)
(-0.0722643 0.00977507 0)
(-0.0728183 0.00571044 0)
(-0.0729702 0.00103168 0)
(-0.073029 -0.00405077 0)
(-0.073264 -0.00923332 0)
(-0.0738837 -0.0141293 0)
(-0.0749971 -0.018296 0)
(-0.0765827 -0.0212941 0)
(-0.078475 -0.0227506 0)
(-0.0803706 -0.022427 0)
(-0.0818572 -0.0202849 0)
(-0.0824603 -0.0165346 0)
(-0.0817674 -0.0117054 0)
(-0.0796469 -0.00657126 0)
(-0.0763739 -0.00185675 0)
(-0.0125665 0.0550915 0)
(-0.0256377 0.0436538 0)
(-0.037656 0.0362257 0)
(-0.0472729 0.030842 0)
(-0.0547148 0.0265321 0)
(-0.0601991 0.0227035 0)
(-0.0640272 0.0189758 0)
(-0.0665081 0.0150657 0)
(-0.0679648 0.010812 0)
(-0.06872 0.00617801 0)
(-0.0690772 0.00123964 0)
(-0.0693076 -0.00383224 0)
(-0.0696357 -0.00878938 0)
(-0.0702206 -0.0133255 0)
(-0.0711317 -0.0171061 0)
(-0.072332 -0.0198136 0)
(-0.0736748 -0.0211959 0)
(-0.0749168 -0.0211137 0)
(-0.0757501 -0.0195817 0)
(-0.0758519 -0.016794 0)
(-0.0749714 -0.0131344 0)
(-0.0730413 -0.00910921 0)
(-0.0702279 -0.00518552 0)
(-0.0106636 0.0717306 0)
(-0.0220803 0.0569047 0)
(-0.0328887 0.0467583 0)
(-0.0415858 0.0390788 0)
(-0.0483816 0.0327853 0)
(-0.0534556 0.027258 0)
(-0.057074 0.0221088 0)
(-0.0595055 0.0170709 0)
(-0.0610276 0.0119911 0)
(-0.0619164 0.00682358 0)
(-0.0624315 0.00161887 0)
(-0.0628007 -0.00349251 0)
(-0.0632058 -0.00831849 0)
(-0.0637667 -0.0126269 0)
(-0.0645272 -0.016173 0)
(-0.0654467 -0.0187339 0)
(-0.0664029 -0.020144 0)
(-0.0672078 -0.0203278 0)
(-0.0676365 -0.0193237 0)
(-0.0674688 -0.017294 0)
(-0.0665458 -0.0145164 0)
(-0.0648282 -0.0113326 0)
(-0.0624149 -0.00805907 0)
(-0.00864092 0.0856758 0)
(-0.0180383 0.0683108 0)
(-0.0272741 0.0559824 0)
(-0.0347514 0.0463867 0)
(-0.0406795 0.0384058 0)
(-0.0451802 0.031421 0)
(-0.0484594 0.0250476 0)
(-0.0507356 0.0190332 0)
(-0.0522371 0.0132304 0)
(-0.0531924 0.00758561 0)
(-0.0538152 0.00212591 0)
(-0.0542903 -0.0030561 0)
(-0.0547607 -0.00782 0)
(-0.0553152 -0.0119975 0)
(-0.0559805 -0.015416 0)
(-0.0567176 -0.0179244 0)
(-0.0574282 -0.0194186 0)
(-0.0579694 -0.0198634 0)
(-0.0581779 -0.0193056 0)
(-0.0579009 -0.0178767 0)
(-0.0570329 -0.0157799 0)
(-0.0555465 -0.0132538 0)
(-0.0534988 -0.010523 0)
(-0.00657413 0.0966957 0)
(-0.013744 0.0775899 0)
(-0.0211968 0.0636217 0)
(-0.0272685 0.0525469 0)
(-0.0321821 0.0432296 0)
(-0.0359941 0.0350641 0)
(-0.0388385 0.0276868 0)
(-0.0408773 0.0208642 0)
(-0.0422885 0.0144577 0)
(-0.0432528 0.00840758 0)
(-0.0439394 0.0027208 0)
(-0.0444925 -0.00254342 0)
(-0.0450207 -0.00728907 0)
(-0.0455876 -0.0114006 0)
(-0.0462076 -0.0147619 0)
(-0.046845 -0.0172753 0)
(-0.0474216 -0.0188802 0)
(-0.047829 -0.0195667 0)
(-0.0479477 -0.0193835 0)
(-0.0476691 -0.0184365 0)
(-0.0469192 -0.0168773 0)
(-0.0456757 -0.014879 0)
(-0.0439696 -0.0126076 0)
(-0.00446302 0.104676 0)
(-0.00933093 0.0846115 0)
(-0.0149274 0.0695304 0)
(-0.0195116 0.0574377 0)
(-0.023344 0.0471588 0)
(-0.0264079 0.0381048 0)
(-0.0287606 0.0299533 0)
(-0.0305077 0.0224993 0)
(-0.0317784 0.0156168 0)
(-0.0327079 0.00924382 0)
(-0.0334235 0.00337106 0)
(-0.0340328 -0.0019699 0)
(-0.034614 -0.00671947 0)
(-0.0352098 -0.0108041 0)
(-0.0358247 -0.0141507 0)
(-0.0364262 -0.0167013 0)
(-0.0369513 -0.0184253 0)
(-0.037317 -0.0193292 0)
(-0.0374341 -0.0194604 0)
(-0.0372231 -0.0189052 0)
(-0.0366292 -0.0177799 0)
(-0.0356325 -0.0162146 0)
(-0.0342478 -0.0143369 0)
(-0.00214759 0.109599 0)
(-0.00479558 0.0893847 0)
(-0.00864513 0.0737048 0)
(-0.0117781 0.061033 0)
(-0.014537 0.0501632 0)
(-0.0168433 0.0405072 0)
(-0.0186827 0.0318073 0)
(-0.0201093 0.0238974 0)
(-0.0212076 0.0166689 0)
(-0.0220717 0.0100608 0)
(-0.0227909 0.00405221 0)
(-0.0234397 -0.00134704 0)
(-0.02407 -0.00610592 0)
(-0.0247065 -0.0101831 0)
(-0.0253453 -0.0135379 0)
(-0.025956 -0.0161406 0)
(-0.0264864 -0.0179817 0)
(-0.0268715 -0.0190778 0)
(-0.0270431 -0.0194739 0)
(-0.0269409 -0.019242 0)
(-0.0265222 -0.0184737 0)
(-0.0257686 -0.0172704 0)
(-0.024685 -0.0157333 0)
(0.000557913 0.111305 0)
(-0.000122108 0.0920532 0)
(-0.00248643 0.0763076 0)
(-0.00431097 0.0634146 0)
(-0.00607855 0.0522715 0)
(-0.00765502 0.0422742 0)
(-0.00898483 0.0332367 0)
(-0.0100811 0.0250382 0)
(-0.0109902 0.01759 0)
(-0.0117688 0.0108355 0)
(-0.0124728 0.00474612 0)
(-0.0131474 -0.000684297 0)
(-0.0138215 -0.00544596 0)
(-0.0145044 -0.0095215 0)
(-0.0151847 -0.0128936 0)
(-0.0158326 -0.0155525 0)
(-0.0164035 -0.0175028 0)
(-0.0168448 -0.018767 0)
(-0.0171027 -0.0193879 0)
(-0.0171299 -0.0194261 0)
(-0.0168917 -0.0189565 0)
(-0.0163707 -0.0180605 0)
(-0.0155659 -0.0168206 0)
(0.00318879 0.108954 0)
(0.0043422 0.0931412 0)
(0.00336711 0.0775909 0)
(0.00264438 0.0647428 0)
(0.00175362 0.0535546 0)
(0.000857279 0.0434346 0)
(1.83246e-05 0.034248 0)
(-0.000750023 0.0259149 0)
(-0.00146155 0.0183665 0)
(-0.00214103 0.0115517 0)
(-0.00281435 0.00543814 0)
(-0.0035013 8.77534e-06 0)
(-0.00421094 -0.00474157 0)
(-0.00493896 -0.0088122 0)
(-0.00566722 -0.0122018 0)
(-0.00636541 -0.0149142 0)
(-0.00699413 -0.0169626 0)
(-0.00750929 -0.018373 0)
(-0.00786715 -0.0191853 0)
(-0.00802916 -0.019452 0)
(-0.00796617 -0.0192354 0)
(-0.00766162 -0.0186032 0)
(-0.00711104 -0.0176244 0)
(0.00526126 0.103368 0)
(0.00806149 0.0924275 0)
(0.00851643 0.0776667 0)
(0.00878554 0.0651464 0)
(0.00870044 0.0540897 0)
(0.00843938 0.0440256 0)
(0.00806962 0.034856 0)
(0.00762335 0.0265281 0)
(0.00711445 0.0189896 0)
(0.00654633 0.012196 0)
(0.00591912 0.00611388 0)
(0.00523527 0.000719943 0)
(0.00450303 -0.00400047 0)
(0.00373854 -0.00805714 0)
(0.00296607 -0.0114589 0)
(0.00221691 -0.0142176 0)
(0.00152723 -0.0163516 0)
(0.00093513 -0.017888 0)
(0.000477358 -0.0188637 0)
(0.000186254 -0.0193249 0)
(8.7068e-05 -0.0193247 0)
(0.000195515 -0.0189208 0)
(0.000518302 -0.0181721 0)
(0.0062993 0.0956591 0)
(0.0105817 0.0898303 0)
(0.0125451 0.0765513 0)
(0.0138174 0.0646571 0)
(0.0145295 0.053915 0)
(0.0148837 0.0440734 0)
(0.0149692 0.0350723 0)
(0.0148426 0.0268773 0)
(0.0145435 0.0194501 0)
(0.0141008 0.0127538 0)
(0.0135375 0.00675631 0)
(0.0128758 0.00143253 0)
(0.0121389 -0.00323678 0)
(0.0113534 -0.00726683 0)
(0.0105489 -0.0106716 0)
(0.00975818 -0.013467 0)
(0.00901521 -0.015673 0)
(0.00835388 -0.0173164 0)
(0.00780588 -0.0184312 0)
(0.00739908 -0.0190581 0)
(0.00715589 -0.0192437 0)
(0.00709136 -0.0190378 0)
(0.00721379 -0.0184923 0)
(0.00627817 0.0869652 0)
(0.0118038 0.0855408 0)
(0.015241 0.0742071 0)
(0.0175606 0.0632328 0)
(0.0190857 0.0530291 0)
(0.02005 0.0435864 0)
(0.0205865 0.0348997 0)
(0.0207825 0.0269571 0)
(0.0207037 0.0197356 0)
(0.0204027 0.0132073 0)
(0.0199237 0.00734512 0)
(0.0193061 0.00212577 0)
(0.0185864 -0.00247007 0)
(0.0178001 -0.00645862 0)
(0.016982 -0.00985493 0)
(0.016166 -0.0126752 0)
(0.0153848 -0.0149391 0)
(0.0146691 -0.0166714 0)
(0.0140467 -0.0179028 0)
(0.0135423 -0.0186701 0)
(0.013176 -0.0190145 0)
(0.0129627 -0.0189803 0)
(0.0129119 -0.0186137 0)
(0.0056312 0.0782474 0)
(0.0120256 0.0799478 0)
(0.0167074 0.0706639 0)
(0.0200188 0.0608574 0)
(0.0223335 0.0514277 0)
(0.0238972 0.0425652 0)
(0.0248796 0.0343358 0)
(0.0253999 0.0267593 0)
(0.0255505 0.0198315 0)
(0.0254065 0.0135374 0)
(0.0250314 0.00785826 0)
(0.0244798 0.00277656 0)
(0.0237999 -0.0017231 0)
(0.0230351 -0.00565399 0)
(0.0222244 -0.00902868 0)
(0.021403 -0.0118609 0)
(0.0206025 -0.0141676 0)
(0.0198509 -0.0159706 0)
(0.0191731 -0.0172976 0)
(0.0185908 -0.0181817 0)
(0.0181231 -0.0186603 0)
(0.0177845 -0.0187738 0)
(0.017586 -0.0185639 0)
(0.0048538 0.0700411 0)
(0.0116835 0.0735057 0)
(0.0172508 0.0661111 0)
(0.0213836 0.0576171 0)
(0.0243948 0.0491494 0)
(0.0265065 0.0410297 0)
(0.0279062 0.0333888 0)
(0.0287381 0.0262821 0)
(0.0291169 0.0197283 0)
(0.0291377 0.0137284 0)
(0.0288801 0.00827621 0)
(0.0284119 0.00336333 0)
(0.0277912 -0.00101805 0)
(0.0270679 -0.00487486 0)
(0.0262846 -0.00821411 0)
(0.0254776 -0.0110445 0)
(0.0246771 -0.0133784 0)
(0.0239087 -0.0152339 0)
(0.0231943 -0.0166354 0)
(0.0225536 -0.0176136 0)
(0.0220044 -0.0182033 0)
(0.0215618 -0.018442 0)
(0.0212386 -0.0183685 0)
(0.0042417 0.0624533 0)
(0.0111575 0.0666353 0)
(0.0172376 0.060848 0)
(0.0219495 0.0536931 0)
(0.0254974 0.0462989 0)
(0.0280558 0.0390412 0)
(0.0298097 0.0320936 0)
(0.0309157 0.0255422 0)
(0.0315038 0.0194295 0)
(0.0316829 0.013775 0)
(0.0315452 0.00858749 0)
(0.0311685 0.00387087 0)
(0.0306186 -0.000372213 0)
(0.0299508 -0.00413958 0)
(0.0292105 -0.00743 0)
(0.0284341 -0.0102448 0)
(0.0276505 -0.0125902 0)
(0.026882 -0.0144796 0)
(0.0261475 -0.0159347 0)
(0.0254645 -0.0169845 0)
(0.0248506 -0.0176628 0)
(0.0243219 -0.0180057 0)
(0.0238933 -0.0180495 0)
(0.00388118 0.0553622 0)
(0.0106864 0.0596472 0)
(0.016976 0.0551853 0)
(0.0220139 0.0493151 0)
(0.0259048 0.0430326 0)
(0.028772 0.0367031 0)
(0.0307856 0.0305164 0)
(0.0321032 0.0245801 0)
(0.0328606 0.0189574 0)
(0.0331743 0.0136869 0)
(0.0331439 0.00879332 0)
(0.032854 0.00429467 0)
(0.0323757 0.000205966 0)
(0.031768 -0.00345932 0)
(0.0310783 -0.00668944 0)
(0.0303428 -0.0094762 0)
(0.0295876 -0.0118179 0)
(0.0288313 -0.0137227 0)
(0.0280887 -0.0152101 0)
(0.0273754 -0.0163091 0)
(0.0267089 -0.0170542 0)
(0.0261073 -0.0174813 0)
(0.0255884 -0.0176255 0)
(0.00374231 0.0485797 0)
(0.0103725 0.0527183 0)
(0.0166704 0.0493766 0)
(0.0218191 0.0447096 0)
(0.0258623 0.0395268 0)
(0.0288871 0.0341448 0)
(0.0310472 0.0287486 0)
(0.0324942 0.0234583 0)
(0.0333626 0.0183539 0)
(0.0337702 0.0134909 0)
(0.0338191 0.00890994 0)
(0.0335969 0.00464343 0)
(0.0331781 0.00071959 0)
(0.0326239 -0.00283538 0)
(0.0319829 -0.00599735 0)
(0.0312903 -0.00874636 0)
(0.0305687 -0.0110708 0)
(0.0298309 -0.0129728 0)
(0.0290865 -0.0144708 0)
(0.0283486 -0.0155965 0)
(0.0276358 -0.0163875 0)
(0.0269694 -0.0168809 0)
(0.0263713 -0.0171106 0)
(0.00375901 0.0419282 0)
(0.0102347 0.0459152 0)
(0.0164387 0.0435927 0)
(0.0215422 0.0400643 0)
(0.0255733 0.0359494 0)
(0.0286098 0.0315021 0)
(0.0307977 0.026895 0)
(0.0322814 0.0222552 0)
(0.03319 0.0176765 0)
(0.0336374 0.0132292 0)
(0.0337241 0.00896832 0)
(0.0335376 0.00493963 0)
(0.0331532 0.00118443 0)
(0.0326338 -0.00225782 0)
(0.0320288 -0.00534903 0)
(0.031372 -0.00805493 0)
(0.0306814 -0.0103513 0)
(0.0299617 -0.0122328 0)
(0.0292149 -0.0137195 0)
(0.0284513 -0.0148497 0)
(0.0276923 -0.0156672 0)
(0.0269644 -0.0162116 0)
(0.0262943 -0.0165158 0)
(0.00387244 0.0352688 0)
(0.0102689 0.0392271 0)
(0.0163548 0.0379269 0)
(0.0213114 0.0355193 0)
(0.0251965 0.0324455 0)
(0.0281126 0.0289047 0)
(0.0302134 0.0250628 0)
(0.0316396 0.0210565 0)
(0.0325123 0.0169929 0)
(0.0329381 0.0129555 0)
(0.0330119 0.00901147 0)
(0.0328183 0.0052182 0)
(0.0324319 0.00162864 0)
(0.0319165 -0.00170492 0)
(0.031323 -0.00472933 0)
(0.030685 -0.00739296 0)
(0.030015 -0.00965442 0)
(0.029306 -0.0114989 0)
(0.0285485 -0.0129516 0)
(0.0277504 -0.0140647 0)
(0.0269391 -0.014892 0)
(0.0261488 -0.0154768 0)
(0.0254124 -0.0158495 0)
(0.0040548 0.0284914 0)
(0.0104867 0.0325866 0)
(0.0164806 0.0324157 0)
(0.0212238 0.031177 0)
(0.0248502 0.0291392 0)
(0.0275274 0.0264711 0)
(0.0294357 0.0233546 0)
(0.0307158 0.0199476 0)
(0.031479 0.0163737 0)
(0.0318211 0.0127289 0)
(0.031828 0.00909024 0)
(0.0315783 0.00552393 0)
(0.0311441 0.00209184 0)
(0.0305904 -0.00114287 0)
(0.0299717 -0.00411187 0)
(0.0293244 -0.00674237 0)
(0.0286563 -0.0089678 0)
(0.0279428 -0.0107591 0)
(0.0271574 -0.0121542 0)
(0.0263077 -0.0132301 0)
(0.0254324 -0.0140562 0)
(0.0245773 -0.014678 0)
(0.0237814 -0.0151204 0)
(0.00431187 0.0214844 0)
(0.0109139 0.0258922 0)
(0.0168603 0.0270707 0)
(0.0213405 0.0271236 0)
(0.0246053 0.0261412 0)
(0.026937 0.0243077 0)
(0.0285623 0.0218624 0)
(0.0296226 0.0190057 0)
(0.0302149 0.0158845 0)
(0.0304196 0.0126071 0)
(0.0303094 0.00925785 0)
(0.0299537 0.00590799 0)
(0.02942 0.00262383 0)
(0.0287747 -0.000524855 0)
(0.0280796 -0.00345683 0)
(0.0273816 -0.0060742 0)
(0.026687 -0.00827018 0)
(0.0259444 -0.00999158 0)
(0.0251027 -0.0113042 0)
(0.0241751 -0.0123278 0)
(0.0232213 -0.0131512 0)
(0.0223015 -0.013818 0)
(0.0214587 -0.0143409 0)
(0.00467159 0.0141448 0)
(0.0115784 0.0190637 0)
(0.0174873 0.0219179 0)
(0.0216504 0.0234538 0)
(0.0244552 0.0235582 0)
(0.0263564 0.0225055 0)
(0.0276385 0.0206583 0)
(0.0284349 0.0182891 0)
(0.02882 0.0155751 0)
(0.0288527 0.0126364 0)
(0.0285883 0.00956137 0)
(0.0280828 0.00642137 0)
(0.0273963 0.00328094 0)
(0.0265958 0.000208775 0)
(0.0257555 -0.00270845 0)
(0.0249475 -0.0053474 0)
(0.0241839 -0.007531 0)
(0.0233708 -0.00916184 0)
(0.0224274 -0.0103661 0)
(0.0213871 -0.0113334 0)
(0.0203435 -0.0121706 0)
(0.0193698 -0.0129065 0)
(0.0185056 -0.0135323 0)
(0.00531234 0.00641807 0)
(0.012637 0.0120234 0)
(0.0182468 0.0170464 0)
(0.0219727 0.0203109 0)
(0.024252 0.0214993 0)
(0.0257045 0.0211293 0)
(0.0266495 0.0197795 0)
(0.0271922 0.0178217 0)
(0.0273751 0.0154654 0)
(0.0272322 0.0128381 0)
(0.026799 0.0100279 0)
(0.026115 0.00710124 0)
(0.0252282 0.00411373 0)
(0.0242017 0.0011216 0)
(0.023124 -0.00180142 0)
(0.0221196 -0.0045207 0)
(0.0212172 -0.00672093 0)
(0.0202567 -0.00822221 0)
(0.0191394 -0.00929428 0)
(0.0179499 -0.0102252 0)
(0.0168232 -0.0111206 0)
(0.0158311 -0.0119702 0)
(0.0149927 -0.012731 0)
(0.00640324 -0.00306784 0)
(0.0136884 0.00472781 0)
(0.0184163 0.0127329 0)
(0.0216859 0.0178341 0)
(0.0236118 0.0199777 0)
(0.0247937 0.0201381 0)
(0.0255363 0.019178 0)
(0.0259165 0.0175663 0)
(0.0259558 0.0155324 0)
(0.0256725 0.0132044 0)
(0.0250861 0.0106663 0)
(0.0242189 0.00797668 0)
(0.0231009 0.00517638 0)
(0.0217778 0.00229349 0)
(0.020339 -0.00064787 0)
(0.0190082 -0.00354895 0)
(0.0178215 -0.00579846 0)
(0.0165675 -0.00708981 0)
(0.0151764 -0.00803914 0)
(0.0138294 -0.00900963 0)
(0.0126761 -0.0100464 0)
(0.0117454 -0.0110698 0)
(0.0110101 -0.011998 0)
(0.00527366 -0.0132045 0)
(0.0119277 -0.00112537 0)
(0.0163099 0.00928654 0)
(0.0197032 0.0155489 0)
(0.0220168 0.0184091 0)
(0.0234438 0.0190836 0)
(0.0242812 0.0185689 0)
(0.0246722 0.0173667 0)
(0.0246753 0.0157146 0)
(0.0243213 0.0137466 0)
(0.0236271 0.0115504 0)
(0.022601 0.0091832 0)
(0.0212457 0.00667183 0)
(0.0195607 0.00399875 0)
(0.017595 0.00107269 0)
(0.0157319 -0.00215197 0)
(0.0137653 -0.00444139 0)
(0.0120185 -0.00551944 0)
(0.0103241 -0.00655648 0)
(0.00894749 -0.00776573 0)
(0.0079364 -0.00906663 0)
(0.00721263 -0.0103181 0)
(0.00668833 -0.0114251 0)
(-0.00379453 -0.017234 0)
(0.00544717 -0.0107223 0)
(0.0106178 0.0017561 0)
(0.0155323 0.00957822 0)
(0.0194091 0.0144337 0)
(0.0218082 0.0167471 0)
(0.0231202 0.017371 0)
(0.023724 0.0169625 0)
(0.0238083 0.0159221 0)
(0.0234611 0.0144846 0)
(0.0227187 0.0127938 0)
(0.0215815 0.0109439 0)
(0.020008 0.00899695 0)
(0.0179022 0.00698345 0)
(0.0152542 0.00481299 0)
(0.0126211 0.00165377 0)
(0.00743707 -0.000793945 0)
(0.0055546 -0.00254646 0)
(0.00413371 -0.00460248 0)
(0.00325329 -0.00651437 0)
(0.00273474 -0.00826822 0)
(0.00241955 -0.0097964 0)
(0.00221608 -0.0110707 0)
(0.053968 0.00515553 0)
(0.0562226 -0.00343814 0)
(0.0601235 -0.00881443 0)
(0.0699053 -0.0163206 0)
(0.048107 -0.00731811 0)
(0.0508618 -0.0109251 0)
(0.0521371 -0.0144401 0)
(0.0517426 -0.0176902 0)
(0.0458636 -0.0084642 0)
(0.0478696 -0.00998485 0)
(0.0485211 -0.0113022 0)
(0.0473556 -0.0125406 0)
(0.0473477 -0.0145057 0)
(0.0511406 -0.0151418 0)
(0.0546917 -0.0135607 0)
(0.0548356 -0.0108049 0)
(0.0361042 -0.0326156 0)
(0.0493758 -0.0379143 0)
(0.0618083 -0.0277567 0)
(0.0708526 -0.0067536 0)
(0.0335652 -0.0541754 0)
(0.0370451 -0.0615744 0)
(0.038315 -0.0490054 0)
(0.0395014 -0.0181383 0)
(0.0467151 -0.0464162 0)
(0.0291921 -0.0520798 0)
(0.00419496 -0.0332972 0)
(-0.00260027 -0.011965 0)
(0.0457055 -0.00719349 0)
(0.0263947 0.005469 0)
(0.0091845 0.00906707 0)
(-8.80568e-05 -0.000250591 0)
(0.028179 0.0288103 0)
(0.0201127 0.0310239 0)
(0.014976 0.0266795 0)
(0.0100855 0.0131818 0)
(0.000881346 0.0368918 0)
(-0.000353698 0.0348918 0)
(-0.00117681 0.029973 0)
(-0.00289376 0.0222273 0)
(-0.027162 0.034551 0)
(-0.0253122 0.0330443 0)
(-0.0240451 0.029584 0)
(-0.0239012 0.0246893 0)
(-0.0494833 0.0282821 0)
(-0.0466163 0.0280671 0)
(-0.0444103 0.0264692 0)
(-0.043117 0.0239156 0)
(-0.0646595 0.021424 0)
(-0.0617221 0.0222083 0)
(-0.0592575 0.0220302 0)
(-0.0574252 0.0211863 0)
(-0.0734986 0.0151953 0)
(-0.0708408 0.016558 0)
(-0.0684563 0.0172843 0)
(-0.0664466 0.0175479 0)
(-0.0772391 0.0098229 0)
(-0.0749047 0.0114531 0)
(-0.0726998 0.0126554 0)
(-0.0706797 0.013525 0)
(-0.0769713 0.00515738 0)
(-0.0748954 0.00686289 0)
(-0.0728585 0.00827105 0)
(-0.070904 0.0094334 0)
(-0.0735629 0.00104554 0)
(-0.0717171 0.00270737 0)
(-0.0698584 0.00416812 0)
(-0.0680211 0.00545814 0)
(-0.0677833 -0.00257554 0)
(-0.0661518 -0.00102021 0)
(-0.0644792 0.000405836 0)
(-0.0627919 0.00171888 0)
(-0.0602989 -0.00574555 0)
(-0.0588704 -0.00432531 0)
(-0.0573868 -0.00298289 0)
(-0.055868 -0.00171076 0)
(-0.0516856 -0.00849336 0)
(-0.0504506 -0.00721795 0)
(-0.0491549 -0.00598396 0)
(-0.0478134 -0.0047891 0)
(-0.0424394 -0.0108419 0)
(-0.0413886 -0.00971086 0)
(-0.0402765 -0.00859558 0)
(-0.0391139 -0.00749695 0)
(-0.0329824 -0.012813 0)
(-0.032106 -0.0118204 0)
(-0.0311702 -0.0108255 0)
(-0.0301827 -0.00983111 0)
(-0.0236663 -0.0144294 0)
(-0.0229532 -0.0135667 0)
(-0.0221839 -0.012689 0)
(-0.0213641 -0.0118002 0)
(-0.0147746 -0.0157162 0)
(-0.0142125 -0.0149738 0)
(-0.0135981 -0.0142074 0)
(-0.0129357 -0.0134215 0)
(-0.00652674 -0.0167006 0)
(-0.00610238 -0.0160688 0)
(-0.00562983 -0.0154065 0)
(-0.00511217 -0.0147185 0)
(0.000916903 -0.0174117 0)
(0.00121754 -0.0168809 0)
(0.00156226 -0.0163149 0)
(0.0019488 -0.0157186 0)
(0.00744821 -0.0178794 0)
(0.00763932 -0.0174405 0)
(0.00787049 -0.0169629 0)
(0.00814009 -0.0164517 0)
(0.0130032 -0.0181336 0)
(0.0130986 -0.0177778 0)
(0.0132303 -0.017381 0)
(0.0133971 -0.0169481 0)
(0.0175542 -0.0182027 0)
(0.0175669 -0.017922 0)
(0.0176123 -0.0175987 0)
(0.0176898 -0.0172375 0)
(0.0211015 -0.0181133 0)
(0.0210433 -0.0179001 0)
(0.0210147 -0.0176435 0)
(0.0210153 -0.017348 0)
(0.0236664 -0.0178885 0)
(0.0235476 -0.017736 0)
(0.0234556 -0.0175401 0)
(0.0233905 -0.0173051 0)
(0.0252845 -0.0175482 0)
(0.0251138 -0.0174506 0)
(0.0249677 -0.0173102 0)
(0.0248466 -0.0171312 0)
(0.0260007 -0.0171085 0)
(0.0257854 -0.0170612 0)
(0.0255932 -0.0169727 0)
(0.0254247 -0.0168465 0)
(0.0258658 -0.0165829 0)
(0.0256124 -0.016583 0)
(0.0253814 -0.016544 0)
(0.0251736 -0.016469 0)
(0.0249342 -0.0159836 0)
(0.0246492 -0.01603 0)
(0.0243868 -0.0160401 0)
(0.0241479 -0.0160162 0)
(0.0232639 -0.0153233 0)
(0.0229549 -0.0154177 0)
(0.0226698 -0.0154784 0)
(0.0224094 -0.0155072 0)
(0.0209168 -0.0146196 0)
(0.0205947 -0.0147658 0)
(0.0202984 -0.0148805 0)
(0.0200285 -0.0149645 0)
(0.0179628 -0.0138981 0)
(0.0176429 -0.0141019 0)
(0.0173512 -0.0142748 0)
(0.0170871 -0.0144169 0)
(0.0144841 -0.0131975 0)
(0.0141882 -0.0134647 0)
(0.0139216 -0.0136991 0)
(0.0136828 -0.0139005 0)
(0.0105838 -0.0125729 0)
(0.0103399 -0.0129051 0)
(0.0101234 -0.0132 0)
(0.00993175 -0.0134576 0)
(0.00639949 -0.012101 0)
(0.00623677 -0.01249 0)
(0.0060947 -0.0128352 0)
(0.00597078 -0.0131375 0)
(0.00211119 -0.0118255 0)
(0.0020533 -0.0122551 0)
(0.00200373 -0.0126334 0)
(0.00196118 -0.0129633 0)
(0.055618 -0.0468738 0)
(0.0276349 -0.0350314 0)
(0.0200132 -0.022508 0)
(0.0164887 -0.0118499 0)
(0.0150278 -0.00632631 0)
(0.0154476 -0.00140098 0)
(0.0194949 0.00984667 0)
(0.026373 0.0176302 0)
(0.032658 0.0202648 0)
(0.0365264 0.0174385 0)
(0.037698 0.0121523 0)
(0.0366258 0.011195 0)
(0.0339996 0.0116111 0)
(0.028954 0.0109133 0)
(0.0200119 0.00672979 0)
(0.00702927 0.000483995 0)
(-0.00760093 0.000738374 0)
(-0.0203662 0.00814033 0)
(-0.0205975 0.0281859 0)
(0.0452296 -0.0241067 0)
(0.0275829 -0.0203149 0)
(0.0176375 -0.0149606 0)
(0.013177 -0.0090033 0)
(0.0120102 -0.00573744 0)
(0.0120213 -0.00260608 0)
(0.0151418 0.00404156 0)
(0.0224435 0.0102797 0)
(0.0313239 0.013781 0)
(0.0388235 0.0131131 0)
(0.0425529 0.0113434 0)
(0.0428293 0.0124286 0)
(0.0417084 0.0141368 0)
(0.0397506 0.0152134 0)
(0.0354822 0.0140435 0)
(0.0260865 0.0119125 0)
(0.0128889 0.0121901 0)
(0.000664359 0.0124364 0)
(-0.00310666 0.00968504 0)
(0.0412246 -0.0139977 0)
(0.026382 -0.0113182 0)
(0.017315 -0.0091896 0)
(0.0135286 -0.00698595 0)
(0.0125065 -0.00520004 0)
(0.0112751 -0.00309627 0)
(0.0120856 0.000430655 0)
(0.0178573 0.00457748 0)
(0.0271229 0.00743411 0)
(0.0361477 0.00825516 0)
(0.0414791 0.00925301 0)
(0.0438325 0.0117618 0)
(0.0459764 0.0141361 0)
(0.0483681 0.0159245 0)
(0.0487531 0.0171938 0)
(0.0436192 0.0194592 0)
(0.0332674 0.0209412 0)
(0.0212881 0.0216309 0)
(0.0149883 0.0242668 0)
(0.0470199 -0.00738704 0)
(0.028939 -0.00532078 0)
(0.0198779 -0.00630106 0)
(0.0164884 -0.00680381 0)
(0.0158526 -0.00484514 0)
(0.0137438 -0.00237935 0)
(0.011618 -0.000296311 0)
(0.0155504 0.0015885 0)
(0.0255261 0.00329263 0)
(0.035017 0.00533456 0)
(0.0385502 0.00853058 0)
(0.0390962 0.0116289 0)
(0.0418142 0.013838 0)
(0.045651 0.0159808 0)
(0.0474316 0.0188895 0)
(0.0445536 0.0237984 0)
(0.036229 0.0260804 0)
(0.0228104 0.0277448 0)
(0.0281732 0.0383706 0)
(0.0708611 0.0168202 0)
(0.0402918 0.0139586 0)
(0.0221902 0.00494317 0)
(0.0136534 -0.00269872 0)
(0.0172526 -0.00474405 0)
(0.0245341 -0.000417229 0)
(0.0261345 -0.00324064 0)
(0.0221305 -0.0177646 0)
(0.0189579 -0.0226144 0)
(0.0161541 -0.0122726 0)
(-0.000301004 0.00730339 0)
(-0.0189937 0.0067478 0)
(-0.0179219 0.00317027 0)
(-0.00786391 0.00564417 0)
(0.00704015 0.0167139 0)
(0.0247337 0.0361953 0)
(0.031542 0.0588563 0)
(0.0172558 0.0542638 0)
(0.0122541 0.0767498 0)
(0.0418899 0.0349757 0)
(0.03761 0.0425944 0)
(0.0304361 0.0203964 0)
(0.0313547 -0.00137471 0)
(0.0341438 -0.013081 0)
(0.0352691 -0.0046875 0)
(0.031769 0.00399643 0)
(0.0211855 0.00499843 0)
(0.00451589 0.00592207 0)
(-0.0117528 0.0146934 0)
(-0.0273431 0.0338413 0)
(-0.0414374 0.0203186 0)
(-0.0488436 0.00521805 0)
(-0.0510302 -0.00304255 0)
(-0.0473503 -0.00374423 0)
(-0.0392837 0.00719662 0)
(-0.0267073 0.0416096 0)
(-0.0203973 0.0446746 0)
(-0.00950224 0.0662722 0)
(0.00255022 0.0140343 0)
(0.0224457 0.028519 0)
(0.034983 0.0103265 0)
(0.0429939 -0.00608749 0)
(0.0412805 -0.0112233 0)
(0.0324835 -0.000812746 0)
(0.0231057 0.0107737 0)
(0.0102029 0.0155141 0)
(-0.00998624 0.0190644 0)
(-0.0304166 0.0240664 0)
(-0.0429693 0.0440969 0)
(-0.0525722 0.0291633 0)
(-0.0626036 0.0120912 0)
(-0.0695699 0.00201111 0)
(-0.0732017 -0.000125924 0)
(-0.0745006 0.00592924 0)
(-0.064149 0.0258412 0)
(-0.0472878 0.0283491 0)
(-0.0270135 0.0333146 0)
(-0.001196 0.00115647 0)
(0.014393 0.0131754 0)
(0.0279815 -8.36801e-05 0)
(0.0314133 -0.0084146 0)
(0.0241992 -0.00157898 0)
(0.00777829 0.0104544 0)
(-0.00515095 0.0218306 0)
(-0.0162289 0.0308271 0)
(-0.0305925 0.0382689 0)
(-0.0471953 0.0400112 0)
(-0.0570685 0.052894 0)
(-0.0619124 0.0393941 0)
(-0.0700258 0.0208363 0)
(-0.0751711 0.00624444 0)
(-0.0745644 0.00101152 0)
(-0.0692939 0.00468233 0)
(-0.0559287 0.0133076 0)
(-0.0377019 0.0157277 0)
(-0.0146287 0.00576745 0)
(0.00132095 -0.00204024 0)
(0.00272485 0.0037938 0)
(0.00597726 -0.00388796 0)
(-0.00222321 -0.004226 0)
(-0.0148333 0.0112713 0)
(-0.0249487 0.0240721 0)
(-0.0336295 0.0327471 0)
(-0.0417294 0.0415063 0)
(-0.0496106 0.0490153 0)
(-0.0581823 0.0526078 0)
(-0.0636044 0.0559738 0)
(-0.0659157 0.0444452 0)
(-0.0685598 0.0251031 0)
(-0.0682778 0.0052195 0)
(-0.063525 -0.00623752 0)
(-0.0530524 -0.00860742 0)
(-0.0365892 -0.0063543 0)
(-0.0171967 -0.00548254 0)
(0.00421871 -0.0106552 0)
(-0.00865469 0.00831672 0)
(-0.0157917 0.0049352 0)
(-0.0211823 0.00316296 0)
(-0.0305052 0.00784476 0)
(-0.0395176 0.0194256 0)
(-0.0458888 0.0301804 0)
(-0.0508336 0.0382112 0)
(-0.0546773 0.0456935 0)
(-0.0576098 0.0522414 0)
(-0.0604157 0.0563308 0)
(-0.0614807 0.056234 0)
(-0.0600583 0.0439439 0)
(-0.057905 0.0235311 0)
(-0.0558912 0.00198711 0)
(-0.053617 -0.0121325 0)
(-0.0476342 -0.0198326 0)
(-0.0352905 -0.0208902 0)
(-0.0173578 -0.0203247 0)
(9.62937e-05 -0.0106867 0)
(-0.026289 0.015926 0)
(-0.0325786 0.0113619 0)
(-0.0388933 0.0106479 0)
(-0.0463683 0.0152929 0)
(-0.0525123 0.0244123 0)
(-0.0561864 0.0335436 0)
(-0.0580791 0.0404157 0)
(-0.0586639 0.0467907 0)
(-0.0582222 0.0525189 0)
(-0.0570438 0.0561358 0)
(-0.0543642 0.0542221 0)
(-0.0501768 0.0407896 0)
(-0.0469969 0.0212252 0)
(-0.0468155 0.00158333 0)
(-0.0487896 -0.012934 0)
(-0.0486835 -0.0248833 0)
(-0.0418153 -0.0331788 0)
(-0.0269008 -0.0366364 0)
(-0.00867945 -0.022196 0)
(-0.0428849 0.0191078 0)
(-0.0461521 0.0159912 0)
(-0.0504906 0.0161134 0)
(-0.0551885 0.020233 0)
(-0.0585072 0.0274073 0)
(-0.0597051 0.0348254 0)
(-0.0593799 0.0404319 0)
(-0.0579883 0.045747 0)
(-0.0554462 0.050483 0)
(-0.051656 0.0531314 0)
(-0.0464118 0.0500183 0)
(-0.0414457 0.0374236 0)
(-0.039588 0.0205956 0)
(-0.0416481 0.00413449 0)
(-0.0456639 -0.010427 0)
(-0.0470487 -0.0265694 0)
(-0.0428513 -0.0420202 0)
(-0.0330653 -0.0522831 0)
(-0.0162466 -0.0411851 0)
(-0.0556548 0.0192304 0)
(-0.056102 0.0180584 0)
(-0.0578032 0.0189884 0)
(-0.0597247 0.0226423 0)
(-0.060569 0.0283106 0)
(-0.0597889 0.0342168 0)
(-0.057903 0.0389565 0)
(-0.0552087 0.0432831 0)
(-0.0513918 0.0468968 0)
(-0.0461505 0.0483129 0)
(-0.0399218 0.0447325 0)
(-0.0349369 0.0345276 0)
(-0.0333987 0.02107 0)
(-0.0351866 0.00719037 0)
(-0.0380305 -0.00787801 0)
(-0.0385623 -0.0277465 0)
(-0.0363486 -0.0467103 0)
(-0.0325895 -0.0634199 0)
(-0.0199525 -0.0651261 0)
(-0.0638616 0.0174593 0)
(-0.0622551 0.0178685 0)
(-0.0616952 0.0195136 0)
(-0.0613539 0.0228638 0)
(-0.0602994 0.0274682 0)
(-0.0581217 0.0322478 0)
(-0.0550675 0.0363388 0)
(-0.0512999 0.039826 0)
(-0.0465586 0.0423778 0)
(-0.0407062 0.0427811 0)
(-0.0343749 0.0393474 0)
(-0.0292404 0.0314288 0)
(-0.0266546 0.0207405 0)
(-0.0263535 0.00854731 0)
(-0.0267775 -0.00695078 0)
(-0.0266111 -0.0283358 0)
(-0.0264971 -0.047626 0)
(-0.0274535 -0.0686875 0)
(-0.0187831 -0.088493 0)
(-0.0677075 0.0145707 0)
(-0.064797 0.0160778 0)
(-0.0626649 0.0182701 0)
(-0.0607121 0.0214551 0)
(-0.0583092 0.025365 0)
(-0.0551385 0.0293478 0)
(-0.0512562 0.0328328 0)
(-0.0467227 0.0356313 0)
(-0.0414193 0.0373557 0)
(-0.0353667 0.0371488 0)
(-0.0291032 0.0340173 0)
(-0.0236951 0.0276252 0)
(-0.0198897 0.01871 0)
(-0.0174537 0.00761318 0)
(-0.0158774 -0.00745657 0)
(-0.0158341 -0.0276746 0)
(-0.0174798 -0.046304 0)
(-0.0202425 -0.0700008 0)
(-0.013776 -0.107447 0)
(-0.0678345 0.0110975 0)
(-0.0642396 0.0133102 0)
(-0.0611457 0.0158654 0)
(-0.0581596 0.0189522 0)
(-0.0548691 0.0224039 0)
(-0.0510373 0.0258062 0)
(-0.0466388 0.0287515 0)
(-0.0416863 0.0309825 0)
(-0.0361453 0.0321199 0)
(-0.0301106 0.0315629 0)
(-0.0239879 0.0286748 0)
(-0.0184294 0.0232042 0)
(-0.0138747 0.0153741 0)
(-0.0102838 0.00512292 0)
(-0.00781677 -0.00865487 0)
(-0.0077482 -0.0261889 0)
(-0.00965643 -0.0443164 0)
(-0.0130406 -0.07 0)
(-0.00885589 -0.120622 0)
(-0.0650228 0.00742326 0)
(-0.0611593 0.0100337 0)
(-0.0575649 0.0127882 0)
(-0.0539979 0.0157872 0)
(-0.0501966 0.0189117 0)
(-0.0459952 0.0218793 0)
(-0.0413501 0.0243811 0)
(-0.0362586 0.026161 0)
(-0.0307291 0.0268851 0)
(-0.024875 0.0261199 0)
(-0.018993 0.0234111 0)
(-0.0135042 0.0185328 0)
(-0.00872593 0.0114722 0)
(-0.00479314 0.00206533 0)
(-0.00203963 -0.0102102 0)
(-0.00128028 -0.0253407 0)
(-0.00194306 -0.0426954 0)
(-0.00507237 -0.0687864 0)
(-0.00326135 -0.128363 0)
(-0.0599688 0.00378828 0)
(-0.0561087 0.00657228 0)
(-0.0523436 0.0093951 0)
(-0.0485332 0.012291 0)
(-0.044518 0.0151591 0)
(-0.0401899 0.0177918 0)
(-0.0355132 0.0199444 0)
(-0.0304902 0.02138 0)
(-0.0251529 0.0218177 0)
(-0.0196071 0.020928 0)
(-0.014072 0.018366 0)
(-0.00884335 0.0139238 0)
(-0.004176 0.00749573 0)
(-0.000252848 -0.00108684 0)
(0.00265063 -0.0120989 0)
(0.00414333 -0.0256532 0)
(0.00463569 -0.0421474 0)
(0.00334256 -0.0672766 0)
(0.00403081 -0.128513 0)
(-0.0532833 0.0003409 0)
(-0.0496014 0.00314456 0)
(-0.045892 0.00593873 0)
(-0.0420796 0.0087095 0)
(-0.0380736 0.0113606 0)
(-0.0338097 0.0137264 0)
(-0.0292684 0.015606 0)
(-0.0244638 0.016788 0)
(-0.0194414 0.0170354 0)
(-0.0142984 0.016083 0)
(-0.00920562 0.0136603 0)
(-0.00438492 0.00957736 0)
(-4.56061e-05 0.00369138 0)
(0.00363555 -0.00417218 0)
(0.00646671 -0.0142422 0)
(0.00828116 -0.0267895 0)
(0.00927455 -0.042689 0)
(0.00948909 -0.0666655 0)
(0.00892385 -0.121811 0)
(-0.0455015 -0.00282866 0)
(-0.0421059 -0.000105968 0)
(-0.0386013 0.00259199 0)
(-0.0349526 0.00521808 0)
(-0.0311142 0.00767549 0)
(-0.0270556 0.00982241 0)
(-0.022774 0.0114885 0)
(-0.0182946 0.0124884 0)
(-0.0136716 0.0126185 0)
(-0.00899902 0.0116592 0)
(-0.00442125 0.00938953 0)
(-0.000116929 0.00563457 0)
(0.00373494 0.000237047 0)
(0.00696757 -0.00699017 0)
(0.00942185 -0.0162976 0)
(0.010979 -0.0280871 0)
(0.0116703 -0.0434015 0)
(0.0118953 -0.0659079 0)
(0.00976457 -0.112382 0)
(-0.0370901 -0.0056695 0)
(-0.0340423 -0.00308997 0)
(-0.030835 -0.000532066 0)
(-0.0274574 0.00193563 0)
(-0.0238934 0.00421497 0)
(-0.0201364 0.00617887 0)
(-0.0161994 0.00767892 0)
(-0.0121176 0.0085525 0)
(-0.00795167 0.00862403 0)
(-0.00379436 0.00770802 0)
(0.000224004 0.00561923 0)
(0.00394595 0.00219545 0)
(0.00720528 -0.00272 0)
(0.00983114 -0.00931792 0)
(0.0116431 -0.0178639 0)
(0.0124548 -0.0288125 0)
(0.0120993 -0.043192 0)
(0.0105097 -0.0639792 0)
(0.00656956 -0.103804 0)
(-0.0284486 -0.00815788 0)
(-0.0257782 -0.005757 0)
(-0.0229198 -0.0033648 0)
(-0.0198771 -0.00106256 0)
(-0.0166529 0.00105138 0)
(-0.0132578 0.00286042 0)
(-0.0097173 0.00423282 0)
(-0.00607518 0.00502561 0)
(-0.00239742 0.00508665 0)
(0.00122362 0.00425803 0)
(0.00466571 0.0023825 0)
(0.007782 -0.000686302 0)
(0.0104099 -0.00509438 0)
(0.0123683 -0.0110173 0)
(0.0134439 -0.0186999 0)
(0.0133752 -0.028565 0)
(0.0118572 -0.0415349 0)
(0.00822452 -0.0603169 0)
(0.00303127 -0.0982743 0)
(-0.0199116 -0.0102891 0)
(-0.0176253 -0.00808417 0)
(-0.0151381 -0.00587018 0)
(-0.0124618 -0.00373447 0)
(-0.00961114 -0.00177396 0)
(-0.0066088 -9.65524e-05 0)
(-0.00348946 0.00117973 0)
(-0.000303669 0.00192887 0)
(0.00287879 0.00201877 0)
(0.0059658 0.00131426 0)
(0.00884103 -0.000318369 0)
(0.0113661 -0.00300714 0)
(0.0133837 -0.00688079 0)
(0.0147127 -0.0120878 0)
(0.0151348 -0.0188315 0)
(0.0143799 -0.0274683 0)
(0.0121519 -0.0388265 0)
(0.00776073 -0.0556659 0)
(0.00265231 -0.0941302 0)
(-0.0117497 -0.0120722 0)
(-0.00983845 -0.0100682 0)
(-0.0077236 -0.00803562 0)
(-0.00542163 -0.00606304 0)
(-0.00295448 -0.00424401 0)
(-0.00035261 -0.00267837 0)
(0.00234261 -0.00147225 0)
(0.00507581 -0.000736901 0)
(0.00777495 -0.000587145 0)
(0.0103492 -0.00113908 0)
(0.012688 -0.00250706 0)
(0.0146622 -0.00480154 0)
(0.0161257 -0.00813285 0)
(0.0169122 -0.0126242 0)
(0.016828 -0.0184425 0)
(0.015645 -0.0258928 0)
(0.0131379 -0.0357604 0)
(0.00888793 -0.0509414 0)
(0.00414873 -0.0892361 0)
(-0.00417335 -0.0135253 0)
(-0.00261699 -0.0117196 0)
(-0.000861103 -0.00986545 0)
(0.00107562 -0.00804934 0)
(0.00316709 -0.00635993 0)
(0.00537795 -0.00488904 0)
(0.00766251 -0.00373191 0)
(0.00996243 -0.00298672 0)
(0.0122048 -0.00275356 0)
(0.0143009 -0.00313284 0)
(0.0161463 -0.00422344 0)
(0.0176219 -0.0061216 0)
(0.0185968 -0.00892384 0)
(0.0189285 -0.0127372 0)
(0.0184612 -0.017708 0)
(0.0170197 -0.0241132 0)
(0.0144236 -0.0327088 0)
(0.0104057 -0.0463923 0)
(0.00562013 -0.0830719 0)
(0.00266294 -0.0146731 0)
(0.00389145 -0.0130582 0)
(0.00531158 -0.0113756 0)
(0.00690369 -0.00970748 0)
(0.00863969 -0.00813625 0)
(0.0104815 -0.00674549 0)
(0.012381 -0.00562028 0)
(0.0142783 -0.0048471 0)
(0.0161005 -0.00451334 0)
(0.0177614 -0.00470656 0)
(0.019162 -0.0055138 0)
(0.0201929 -0.00702169 0)
(0.0207385 -0.00931976 0)
(0.0206811 -0.0125102 0)
(0.0199046 -0.0167347 0)
(0.0182884 -0.0222591 0)
(0.0156947 -0.0297905 0)
(0.0120205 -0.0419856 0)
(0.00717765 -0.0755295 0)
(0.00865329 -0.015544 0)
(0.00958509 -0.0141097 0)
(0.0106986 -0.0125898 0)
(0.0119742 -0.0110604 0)
(0.0133833 -0.00959667 0)
(0.0148866 -0.00827386 0)
(0.0164351 -0.00716721 0)
(0.0179681 -0.00635241 0)
(0.0194135 -0.00590563 0)
(0.0206868 -0.00590371 0)
(0.0216932 -0.00642473 0)
(0.0223302 -0.00754977 0)
(0.0224928 -0.00936769 0)
(0.0220815 -0.0119863 0)
(0.0210105 -0.0155594 0)
(0.0192069 -0.0203631 0)
(0.0165987 -0.0270552 0)
(0.0133694 -0.0378627 0)
(0.00872342 -0.0664438 0)
(0.0137331 -0.0161679 0)
(0.0144011 -0.0149031 0)
(0.0152403 -0.0135363 0)
(0.0162318 -0.0121364 0)
(0.0173476 -0.010771 0)
(0.0185485 -0.00950643 0)
(0.0197852 -0.00840839 0)
(0.0209975 -0.00754221 0)
(0.0221137 -0.00697366 0)
(0.0230506 -0.00676991 0)
(0.023715 -0.00700149 0)
(0.0240066 -0.00774582 0)
(0.0238231 -0.00909421 0)
(0.0230684 -0.0111658 0)
(0.0216621 -0.0141373 0)
(0.0195439 -0.0183147 0)
(0.016684 -0.0243315 0)
(0.0134233 -0.0339673 0)
(0.00887333 -0.0565423 0)
(0.0178716 -0.0165749 0)
(0.0183086 -0.0154684 0)
(0.0189067 -0.0142453 0)
(0.0196485 -0.0129669 0)
(0.0205071 -0.0116924 0)
(0.0214444 -0.0104792 0)
(0.0224119 -0.00938317 0)
(0.0233501 -0.00845956 0)
(0.0241882 -0.00776377 0)
(0.0248433 -0.00735326 0)
(0.0252218 -0.00729051 0)
(0.025221 -0.00764813 0)
(0.0247329 -0.00851766 0)
(0.0236486 -0.0100257 0)
(0.0218624 -0.012366 0)
(0.0192736 -0.0158674 0)
(0.0158147 -0.0211471 0)
(0.011556 -0.0296843 0)
(0.00636121 -0.0477354 0)
(0.0210641 -0.0167939 0)
(0.0213015 -0.0158352 0)
(0.0216912 -0.0147478 0)
(0.0222177 -0.0135844 0)
(0.022856 -0.0123956 0)
(0.0235694 -0.0112297 0)
(0.0243114 -0.0101329 0)
(0.025024 -0.00914986 0)
(0.0256373 -0.00832534 0)
(0.0260692 -0.00770615 0)
(0.0262248 -0.00734483 0)
(0.0259972 -0.0073056 0)
(0.0252686 -0.00767382 0)
(0.0239103 -0.0085722 0)
(0.0217799 -0.0101911 0)
(0.0187178 -0.0128497 0)
(0.0145912 -0.017136 0)
(0.00905121 -0.0244788 0)
(0.00293394 -0.0415704 0)
(0.0233256 -0.0168513 0)
(0.0233926 -0.0160319 0)
(0.0236052 -0.0150737 0)
(0.0239498 -0.0140208 0)
(0.0244036 -0.0129152 0)
(0.0249325 -0.011796 0)
(0.0254923 -0.0106995 0)
(0.0260275 -0.00965979 0)
(0.0264707 -0.00871043 0)
(0.0267412 -0.00788632 0)
(0.0267441 -0.00722789 0)
(0.0263698 -0.00678706 0)
(0.0254934 -0.0066367 0)
(0.0239725 -0.00688545 0)
(0.0216432 -0.00770413 0)
(0.0183204 -0.00938203 0)
(0.0138641 -0.012487 0)
(0.00779683 -0.0186408 0)
(0.00158392 -0.0374609 0)
(0.0246852 -0.0167717 0)
(0.0246088 -0.0160849 0)
(0.0246734 -0.0152513 0)
(0.0248676 -0.0143068 0)
(0.0251712 -0.0132846 0)
(0.0255529 -0.0122148 0)
(0.0259718 -0.0111239 0)
(0.0263763 -0.0100358 0)
(0.0267027 -0.00897213 0)
(0.0268739 -0.00795526 0)
(0.0267976 -0.00701179 0)
(0.0263652 -0.00617891 0)
(0.0254506 -0.00551388 0)
(0.0239092 -0.00510857 0)
(0.0215772 -0.00511453 0)
(0.0182824 -0.00580129 0)
(0.0139279 -0.00775506 0)
(0.00822187 -0.0128782 0)
(0.00259178 -0.033416 0)
(0.0251825 -0.0165768 0)
(0.0249875 -0.0160184 0)
(0.0249314 -0.0153074 0)
(0.0250048 -0.0144712 0)
(0.0251896 -0.0135351 0)
(0.0254584 -0.0125204 0)
(0.0257742 -0.0114448 0)
(0.0260906 -0.0103218 0)
(0.0263495 -0.00916174 0)
(0.0264797 -0.00797396 0)
(0.0263947 -0.00677048 0)
(0.0259907 -0.00557274 0)
(0.0251458 -0.00442203 0)
(0.0237202 -0.00339566 0)
(0.0215596 -0.0026349 0)
(0.0185098 -0.00241031 0)
(0.0144911 -0.00334958 0)
(0.00936306 -0.00754553 0)
(0.00413916 -0.0282981 0)
(0.024865 -0.016287 0)
(0.0245753 -0.0158553 0)
(0.0244244 -0.0152665 0)
(0.0244041 -0.0145405 0)
(0.024499 -0.013695 0)
(0.024685 -0.0127437 0)
(0.0249304 -0.0116962 0)
(0.0251949 -0.0105568 0)
(0.0254281 -0.00932514 0)
(0.0255672 -0.00799774 0)
(0.0255345 -0.00657187 0)
(0.0252345 -0.00505263 0)
(0.0245522 -0.00346505 0)
(0.023354 -0.00187346 0)
(0.0214919 -0.000414331 0)
(0.0188155 0.000632332 0)
(0.0152223 0.000612872 0)
(0.0106426 -0.00257917 0)
(0.00549608 -0.0220117 0)
(0.0237881 -0.0159222 0)
(0.0234276 -0.0156176 0)
(0.0232069 -0.0151521 0)
(0.0231185 -0.0145389 0)
(0.0231488 -0.0137891 0)
(0.0232775 -0.0129107 0)
(0.0234785 -0.0119063 0)
(0.023719 -0.0107725 0)
(0.0239579 -0.00949936 0)
(0.0241434 -0.00807157 0)
(0.0242093 -0.00647156 0)
(0.0240713 -0.00468706 0)
(0.0236232 -0.00272482 0)
(0.0227353 -0.0006338 0)
(0.0212578 0.0014563 0)
(0.0190284 0.00326085 0)
(0.0159034 0.00413491 0)
(0.0118523 0.00211622 0)
(0.00679564 -0.0145834 0)
(0.0220154 -0.0155034 0)
(0.0216096 -0.0153276 0)
(0.0213442 -0.0149865 0)
(0.0212113 -0.014488 0)
(0.0211989 -0.0138387 0)
(0.0212905 -0.013042 0)
(0.0214657 -0.0120957 0)
(0.0217 -0.0109908 0)
(0.0219633 -0.00970961 0)
(0.0222166 -0.0082262 0)
(0.0224086 -0.00650845 0)
(0.0224693 -0.00452501 0)
(0.0223031 -0.00225975 0)
(0.0217821 0.000261287 0)
(0.0207442 0.00292468 0)
(0.0189991 0.00545373 0)
(0.0163419 0.00725405 0)
(0.0127134 0.00662974 0)
(0.00766166 -0.00622819 0)
(0.0196208 -0.0150544 0)
(0.0191979 -0.0150086 0)
(0.0189134 -0.0147915 0)
(0.0187583 -0.0144075 0)
(0.0187216 -0.0138606 0)
(0.0187903 -0.0131519 0)
(0.0189502 -0.0122768 0)
(0.0191852 -0.0112227 0)
(0.0194768 -0.00996697 0)
(0.0198011 -0.00847521 0)
(0.0201245 -0.00670178 0)
(0.020396 -0.00459437 0)
(0.0205352 -0.00210727 0)
(0.0204175 0.000769384 0)
(0.0198608 0.00395516 0)
(0.0186412 0.00719642 0)
(0.0164868 0.0100046 0)
(0.0132343 0.0110767 0)
(0.00799732 0.00265302 0)
(0.016691 -0.0146032 0)
(0.0162823 -0.0146859 0)
(0.0160046 -0.0145885 0)
(0.0158477 -0.0143145 0)
(0.0158016 -0.0138676 0)
(0.0158564 -0.0132486 0)
(0.0160034 -0.0124528 0)
(0.0162348 -0.0114672 0)
(0.0165436 -0.0102669 0)
(0.0169218 -0.00881276 0)
(0.0173566 -0.00704839 0)
(0.0178221 -0.00490038 0)
(0.0182628 -0.00228655 0)
(0.0185668 0.000856492 0)
(0.0185323 0.00450362 0)
(0.0179206 0.00842289 0)
(0.0164363 0.0122872 0)
(0.013883 0.0153716 0)
(0.00869216 0.0119794 0)
(0.0133279 -0.0141821 0)
(0.0129664 -0.0143859 0)
(0.0127209 -0.0143981 0)
(0.0125803 -0.0142238 0)
(0.0125359 -0.0138683 0)
(0.0125806 -0.0133343 0)
(0.0127104 -0.0126191 0)
(0.0129242 -0.0117114 0)
(0.013225 -0.0105885 0)
(0.0136195 -0.00921116 0)
(0.0141171 -0.00751804 0)
(0.0147236 -0.00541901 0)
(0.0154238 -0.00279143 0)
(0.0161397 0.000504608 0)
(0.0166532 0.00453188 0)
(0.0167586 0.00902185 0)
(0.0162096 0.0138391 0)
(0.014996 0.0191922 0)
(0.0102714 0.0221256 0)
(0.00964999 -0.0138266 0)
(0.00936767 -0.0141353 0)
(0.00917687 -0.0142392 0)
(0.00906737 -0.0141471 0)
(0.00903213 -0.0138676 0)
(0.00906679 -0.0134061 0)
(0.00917033 -0.0127631 0)
(0.00934598 -0.0119317 0)
(0.00960284 -0.0108944 0)
(0.00995825 -0.00961785 0)
(0.0104404 -0.00804497 0)
(0.01109 -0.0060805 0)
(0.011952 -0.00356759 0)
(0.0130195 -0.000267022 0)
(0.0140517 0.00402801 0)
(0.0149952 0.00884352 0)
(0.0156277 0.0142379 0)
(0.0164801 0.0220512 0)
(0.0126304 0.0344198 0)
(0.00579105 -0.0135737 0)
(0.00561433 -0.0139587 0)
(0.00549532 -0.0141274 0)
(0.00542709 -0.0140928 0)
(0.00540528 -0.0138666 0)
(0.00542765 -0.013457 0)
(0.00549465 -0.012868 0)
(0.00561041 -0.0120973 0)
(0.00578475 -0.0111346 0)
(0.00603702 -0.0099576 0)
(0.00640288 -0.00852416 0)
(0.0069484 -0.00675555 0)
(0.00778835 -0.00449708 0)
(0.00903943 -0.0014453 0)
(0.0104238 0.00280196 0)
(0.0125693 0.00731546 0)
(0.0146639 0.0123651 0)
(0.0191282 0.021934 0)
(0.0164351 0.0445463 0)
(0.00190045 -0.0134381 0)
(0.0018419 -0.0138653 0)
(0.00180247 -0.0140691 0)
(0.00177989 -0.0140656 0)
(0.00177276 -0.0138684 0)
(0.00178049 -0.0134877 0)
(0.0018035 -0.0129297 0)
(0.00184377 -0.012196 0)
(0.00190607 -0.0112833 0)
(0.00200065 -0.0101829 0)
(0.00214948 -0.00888056 0)
(0.00240327 -0.00735224 0)
(0.00288427 -0.00554586 0)
(0.00382795 -0.00330496 0)
(0.00494387 -0.000226072 0)
(0.00997734 0.00316493 0)
(0.0136321 0.00644222 0)
(0.0204983 0.0165137 0)
(0.0227367 0.076326 0)
)
;

boundaryField
{
    leftWall
    {
        type            noSlip;
    }
    rightWall
    {
        type            noSlip;
    }
    lowerWall
    {
        type            noSlip;
    }
    atmosphere
    {
        type            pressureInletOutletVelocity;
        value           nonuniform List<vector> 
46
(
(0 -0.017234 0)
(0 -0.0107223 0)
(0.0106178 0.0017561 0)
(0.0155323 0.00957822 0)
(0.0194091 0.0144337 0)
(0.0218082 0.0167471 0)
(0.0231202 0.017371 0)
(0.023724 0.0169625 0)
(0.0238083 0.0159221 0)
(0.0234611 0.0144846 0)
(0.0227187 0.0127938 0)
(0.0215815 0.0109439 0)
(0.020008 0.00899695 0)
(0.0179022 0.00698345 0)
(0.0152542 0.00481299 0)
(0.0126211 0.00165377 0)
(0 -0.000793945 0)
(0 -0.00254646 0)
(0 -0.00460248 0)
(0 -0.00651437 0)
(0 -0.00826822 0)
(0 -0.0097964 0)
(0 -0.0110707 0)
(0 -0.0118255 0)
(0 -0.0122551 0)
(0 -0.0126334 0)
(0 -0.0129633 0)
(0 -0.0134381 0)
(0 -0.0138653 0)
(0 -0.0140691 0)
(0 -0.0140656 0)
(0 -0.0138684 0)
(0 -0.0134877 0)
(0 -0.0129297 0)
(0 -0.012196 0)
(0 -0.0112833 0)
(0 -0.0101829 0)
(0 -0.00888056 0)
(0 -0.00735224 0)
(0 -0.00554586 0)
(0 -0.00330496 0)
(0 -0.000226072 0)
(0.00997734 0.00316493 0)
(0.0136321 0.00644222 0)
(0.0204983 0.0165137 0)
(0.0227367 0.076326 0)
)
;
    }
    defaultFaces
    {
        type            empty;
    }
}


// ************************************************************************* //
