/*--------------------------------*- C++ -*----------------------------------*\
  =========                 |
  \\      /  F ield         | OpenFOAM: The Open Source CFD Toolbox
   \\    /   O peration     | Website:  https://openfoam.org
    \\  /    A nd           | Version:  9
     \\/     M anipulation  |
\*---------------------------------------------------------------------------*/
FoamFile
{
    format      ascii;
    class       volVectorField;
    location    "1.92";
    object      U;
}
// * * * * * * * * * * * * * * * * * * * * * * * * * * * * * * * * * * * * * //

dimensions      [0 1 -1 0 0 0 0];

internalField   nonuniform List<vector> 
2268
(
(-0.0121369 0.00428577 0)
(-0.0151254 0.000301875 0)
(-0.0126078 -0.00148745 0)
(-0.00850993 -0.00178493 0)
(-0.00392153 -0.00168802 0)
(0.000373902 -0.00148951 0)
(0.0043172 -0.00130859 0)
(0.00787164 -0.0011464 0)
(0.0110925 -0.00100714 0)
(0.0140077 -0.00087802 0)
(0.016601 -0.000744545 0)
(0.0188158 -0.00058944 0)
(0.0205336 -0.00037569 0)
(0.0214993 -4.01461e-05 0)
(0.0212539 0.000476647 0)
(0.0191986 0.00122803 0)
(0.0146559 0.00215534 0)
(0.00747553 0.00404767 0)
(-0.00797023 0.00789329 0)
(-0.0318108 0.00843109 0)
(-0.0495159 0.00313831 0)
(-0.0527843 -0.00530974 0)
(-0.0256191 -0.0131589 0)
(-0.00812107 0.00863773 0)
(-0.00828536 0.000571754 0)
(-0.0067398 -0.00216517 0)
(-0.00432771 -0.00293862 0)
(-0.00132936 -0.00300701 0)
(0.00177023 -0.0028336 0)
(0.00484197 -0.00261659 0)
(0.00780646 -0.00240196 0)
(0.0106562 -0.00220489 0)
(0.0133752 -0.00200478 0)
(0.0159141 -0.00177229 0)
(0.0181924 -0.00147175 0)
(0.020083 -0.00103124 0)
(0.0213572 -0.000333962 0)
(0.0216656 0.000737358 0)
(0.0205054 0.00227209 0)
(0.017178 0.00432751 0)
(0.0114877 0.0076867 0)
(0.00215699 0.0130854 0)
(-0.010954 0.0142357 0)
(-0.0222938 0.00714053 0)
(-0.0305585 -0.00618503 0)
(-0.0195847 -0.0272603 0)
(-0.00306184 0.0109975 0)
(-0.0039001 0.000471129 0)
(-0.00308483 -0.0028442 0)
(-0.00176509 -0.00390279 0)
(0.000204248 -0.00412787 0)
(0.00249292 -0.00403302 0)
(0.00495957 -0.00383781 0)
(0.00750856 -0.00362235 0)
(0.0101029 -0.00341012 0)
(0.0126994 -0.0031727 0)
(0.0152269 -0.00286931 0)
(0.017597 -0.0024505 0)
(0.0196897 -0.00181564 0)
(0.021305 -0.000805418 0)
(0.0221434 0.000752111 0)
(0.0218126 0.00298226 0)
(0.0197829 0.00599398 0)
(0.0159342 0.0103105 0)
(0.0107839 0.016312 0)
(0.00417877 0.0180461 0)
(-0.00313583 0.010999 0)
(-0.0124959 -0.00448472 0)
(-0.00976216 -0.0357444 0)
(0.000382505 0.0117468 0)
(-0.000760931 0.00063978 0)
(-0.000562091 -0.00313846 0)
(-9.47408e-06 -0.00449553 0)
(0.00120728 -0.00494815 0)
(0.00287797 -0.00500668 0)
(0.00487445 -0.00490687 0)
(0.00710042 -0.00475635 0)
(0.00950647 -0.00458599 0)
(0.0120323 -0.00435932 0)
(0.0145921 -0.00402778 0)
(0.0170981 -0.00353453 0)
(0.0194473 -0.00275586 0)
(0.0214724 -0.00149451 0)
(0.0229258 0.000456882 0)
(0.0235157 0.00324104 0)
(0.0229044 0.00695971 0)
(0.0210473 0.0119073 0)
(0.0189941 0.0179904 0)
(0.016703 0.020296 0)
(0.0126455 0.0142414 0)
(0.00420973 -0.00168217 0)
(0.00115814 -0.0379538 0)
(0.00224456 0.011243 0)
(0.00134838 0.000839208 0)
(0.00112821 -0.00315382 0)
(0.00115011 -0.00478382 0)
(0.0018061 -0.00550126 0)
(0.00299818 -0.00576924 0)
(0.00462025 -0.00582686 0)
(0.00658907 -0.00580178 0)
(0.00885596 -0.0057293 0)
(0.011352 -0.00556307 0)
(0.0139821 -0.00525052 0)
(0.0166661 -0.00473528 0)
(0.0193265 -0.00387702 0)
(0.0218325 -0.00244721 0)
(0.0239891 -0.000216048 0)
(0.0255965 0.00295531 0)
(0.0264897 0.00712548 0)
(0.0267346 0.0123878 0)
(0.0273007 0.0182872 0)
(0.0282065 0.0210133 0)
(0.0269425 0.0166027 0)
(0.0202909 0.00215135 0)
(0.0126038 -0.0330279 0)
(0.00305775 0.0101157 0)
(0.0026 0.000974016 0)
(0.00214652 -0.00298558 0)
(0.00181838 -0.00484872 0)
(0.00206788 -0.00583938 0)
(0.00289328 -0.0063506 0)
(0.00421916 -0.00661157 0)
(0.00598511 -0.00676309 0)
(0.00815348 -0.00684002 0)
(0.0106533 -0.00678224 0)
(0.0133843 -0.00653718 0)
(0.0162794 -0.00605819 0)
(0.0192935 -0.00519432 0)
(0.0223357 -0.00369074 0)
(0.0252615 -0.00130641 0)
(0.0279534 0.00207267 0)
(0.0303893 0.00644234 0)
(0.0327408 0.0117358 0)
(0.035768 0.017331 0)
(0.0393935 0.020384 0)
(0.040865 0.0179293 0)
(0.0368677 0.00698281 0)
(0.0255758 -0.0230793 0)
(0.00329651 0.00867531 0)
(0.00320598 0.00102439 0)
(0.00264189 -0.00271824 0)
(0.0020963 -0.00475924 0)
(0.00206044 -0.00601777 0)
(0.00260964 -0.00679078 0)
(0.00370425 -0.00728902 0)
(0.0053129 -0.00766083 0)
(0.00741592 -0.00793491 0)
(0.00994492 -0.00803152 0)
(0.0127972 -0.00790218 0)
(0.0159233 -0.00752047 0)
(0.0193152 -0.00672993 0)
(0.0229237 -0.00525176 0)
(0.0266522 -0.00284155 0)
(0.0304547 0.000572818 0)
(0.0344235 0.00491407 0)
(0.0388129 0.0100007 0)
(0.0442263 0.0151827 0)
(0.0505354 0.0184246 0)
(0.0551119 0.0178195 0)
(0.055583 0.0119692 0)
(0.0428137 -0.0100284 0)
(0.00327081 0.00705046 0)
(0.00336132 0.00102706 0)
(0.00277023 -0.00238034 0)
(0.00209693 -0.00455382 0)
(0.00186337 -0.00607401 0)
(0.00220634 -0.00712561 0)
(0.00312345 -0.00789377 0)
(0.00461322 -0.00852879 0)
(0.00667631 -0.00904963 0)
(0.00924987 -0.00935 0)
(0.0122314 -0.00938846 0)
(0.0155911 -0.00917019 0)
(0.0193601 -0.00854021 0)
(0.0235326 -0.00719971 0)
(0.0280586 -0.00490414 0)
(0.0329538 -0.00162919 0)
(0.0383977 0.00247365 0)
(0.04471 0.00711336 0)
(0.0524179 0.0116981 0)
(0.0614672 0.0147911 0)
(0.0697258 0.0153469 0)
(0.0746892 0.015058 0)
(0.0723046 0.0323778 0)
(-0.0781917 0.0235704 0)
(-0.107233 0.00303802 0)
(-0.0699732 -0.0191155 0)
(-0.0151464 -0.018555 0)
(0.0289009 -0.0147799 0)
(0.0660078 -0.0133267 0)
(0.0985261 -0.0109738 0)
(0.121823 -0.00427226 0)
(0.120214 0.00532285 0)
(0.0865956 0.0125417 0)
(0.0423074 0.0110218 0)
(0.0166596 0.00575222 0)
(0.00454784 0.00462704 0)
(-0.0137244 0.00761603 0)
(-0.0429682 0.00870257 0)
(-0.0621173 0.00471916 0)
(-0.0695339 0.000952533 0)
(-0.0734751 -0.00547119 0)
(-0.0371984 -0.0180172 0)
(-0.0768007 0.0523254 0)
(-0.0545738 0.00174161 0)
(-0.0269409 -0.030268 0)
(0.00884457 -0.0306083 0)
(0.0352637 -0.0243714 0)
(0.0555235 -0.020889 0)
(0.0726599 -0.0171188 0)
(0.0855073 -0.00585744 0)
(0.0858038 0.0120595 0)
(0.0661989 0.0238261 0)
(0.0371575 0.0208803 0)
(0.0188809 0.0112973 0)
(0.00817033 0.00966086 0)
(-0.00534735 0.0137781 0)
(-0.0235588 0.0154052 0)
(-0.0328132 0.00767095 0)
(-0.0312433 0.00157131 0)
(-0.0393318 -0.00538846 0)
(-0.0242529 -0.0345096 0)
(-0.0511035 0.0698701 0)
(-0.0150206 -0.00829102 0)
(0.00451939 -0.0414927 0)
(0.0249073 -0.0396197 0)
(0.0370052 -0.0305878 0)
(0.0448256 -0.02541 0)
(0.0512361 -0.0209083 0)
(0.0559234 -0.00766275 0)
(0.0541286 0.0157031 0)
(0.041466 0.0309227 0)
(0.0247865 0.0278526 0)
(0.0133816 0.0159283 0)
(0.00523826 0.014174 0)
(-0.00347339 0.0181737 0)
(-0.0119204 0.0187121 0)
(-0.0128213 0.00780889 0)
(-0.00557534 0.00126696 0)
(-0.0119468 -0.00443129 0)
(-0.00471583 -0.0437136 0)
(-0.0219503 0.0789056 0)
(0.0204886 -0.0184881 0)
(0.0316841 -0.048754 0)
(0.0372343 -0.0435651 0)
(0.0361416 -0.032386 0)
(0.0334449 -0.0263521 0)
(0.031583 -0.0215699 0)
(0.0299918 -0.00735533 0)
(0.0259992 0.0185172 0)
(0.0195232 0.0353202 0)
(0.0117258 0.0322838 0)
(0.00598733 0.0190469 0)
(0.000310022 0.0172303 0)
(-0.00456447 0.0204504 0)
(-0.0062927 0.0190246 0)
(-8.1235e-05 0.00528813 0)
(0.0120151 -0.000499415 0)
(0.00972808 -0.00344559 0)
(0.0128753 -0.0422375 0)
(0.00750616 0.0725241 0)
(0.0544735 -0.0273876 0)
(0.0558536 -0.0511434 0)
(0.0459988 -0.0416588 0)
(0.0325039 -0.0293843 0)
(0.0205832 -0.023726 0)
(0.0122882 -0.0195519 0)
(0.00586999 -0.00518344 0)
(0.000343326 0.0203228 0)
(-0.0015414 0.03706 0)
(-0.0021375 0.0338673 0)
(-0.00259052 0.020617 0)
(-0.00562983 0.0188944 0)
(-0.00716353 0.0209399 0)
(-0.00428458 0.016893 0)
(0.00650394 0.000486794 0)
(0.0223906 -0.0040134 0)
(0.0250654 -0.00233709 0)
(0.0255883 -0.0347128 0)
(0.039553 0.0527654 0)
(0.0886188 -0.0355621 0)
(0.0760556 -0.0474247 0)
(0.0504583 -0.0337582 0)
(0.025706 -0.0218637 0)
(0.00586196 -0.0179605 0)
(-0.00744942 -0.0155846 0)
(-0.0169065 -0.0017809 0)
(-0.0229305 0.0214709 0)
(-0.0218476 0.0363682 0)
(-0.0160979 0.0325615 0)
(-0.0122514 0.0208198 0)
(-0.012616 0.019222 0)
(-0.0107992 0.0199003 0)
(-0.00463325 0.0132649 0)
(0.00796614 -0.00564656 0)
(0.0268072 -0.00979598 0)
(0.0356442 -0.00165502 0)
(0.0359444 -0.0230347 0)
(0.0849252 0.0210545 0)
(0.122592 -0.0405725 0)
(0.0901306 -0.0358793 0)
(0.0497266 -0.020055 0)
(0.0154894 -0.0103866 0)
(-0.0108536 -0.00958651 0)
(-0.0280382 -0.0103086 0)
(-0.0388607 0.00201225 0)
(-0.0439093 0.0220237 0)
(-0.0398593 0.0337327 0)
(-0.0302332 0.0294345 0)
(-0.0236503 0.0198405 0)
(-0.0208261 0.0181015 0)
(-0.0153043 0.017498 0)
(-0.00639434 0.00881037 0)
(0.00681098 -0.0124477 0)
(0.0282272 -0.0181908 0)
(0.0438632 -0.00230251 0)
(0.0465651 -0.00696689 0)
(0.1531 -0.0502374 0)
(0.149905 -0.0391348 0)
(0.0953378 -0.0154346 0)
(0.0431539 -0.00126558 0)
(0.00181456 0.0042189 0)
(-0.0295012 0.000801706 0)
(-0.0497956 -0.00419503 0)
(-0.0611104 0.00569521 0)
(-0.0642992 0.0218746 0)
(-0.0569889 0.0301997 0)
(-0.045341 0.0254596 0)
(-0.0367064 0.0177963 0)
(-0.0302046 0.0157059 0)
(-0.0204906 0.0139421 0)
(-0.00831408 0.00388287 0)
(0.00609568 -0.0196158 0)
(0.0294398 -0.0281492 0)
(0.0492984 -0.00480088 0)
(0.055839 0.013103 0)
(0.00321836 0.0059712 0)
(0.00332358 0.0013035 0)
(0.0026647 -0.00169989 0)
(0.00185814 -0.00407905 0)
(0.00139897 -0.0060165 0)
(0.00149938 -0.00754068 0)
(0.0022133 -0.00878717 0)
(0.0035719 -0.00989943 0)
(0.00559842 -0.0108863 0)
(0.00824497 -0.011592 0)
(0.0114195 -0.011984 0)
(0.0151167 -0.0121327 0)
(0.0194197 -0.0119071 0)
(0.0243984 -0.011 0)
(0.0300938 -0.0091662 0)
(0.0366104 -0.00645072 0)
(0.0441952 -0.00310528 0)
(0.0532493 0.000465119 0)
(0.0642873 0.00371202 0)
(0.077534 0.00573627 0)
(0.0925329 0.00624735 0)
(0.109966 0.00794385 0)
(0.138286 0.0199279 0)
(0.00238561 0.000216254 0)
(0.00240973 0.000277863 0)
(0.00205671 -0.00149688 0)
(0.00129791 -0.0038392 0)
(0.000642916 -0.00611538 0)
(0.000584069 -0.00808603 0)
(0.00127578 -0.00984245 0)
(0.00264823 -0.0115072 0)
(0.00464447 -0.0130667 0)
(0.00730436 -0.0143027 0)
(0.0106509 -0.0151908 0)
(0.0146056 -0.0159155 0)
(0.0191753 -0.0164012 0)
(0.0246179 -0.0163728 0)
(0.0313011 -0.0155943 0)
(0.0394881 -0.014191 0)
(0.049356 -0.0124778 0)
(0.0611013 -0.0108756 0)
(0.0750264 -0.00999077 0)
(0.0914034 -0.0105911 0)
(0.110315 -0.01317 0)
(0.132343 -0.0176596 0)
(0.161614 -0.0257403 0)
(-0.000980011 0.00172638 0)
(0.000891252 0.0010632 0)
(0.0016297 -0.00062175 0)
(0.000315267 -0.00318678 0)
(-0.00135007 -0.00576523 0)
(-0.00154931 -0.00799346 0)
(-0.000224387 -0.0102082 0)
(0.00171641 -0.0124367 0)
(0.00360013 -0.0146098 0)
(0.00598142 -0.0163183 0)
(0.00959871 -0.0175973 0)
(0.0136799 -0.0189675 0)
(0.0174415 -0.0201921 0)
(0.0218779 -0.0208451 0)
(0.0287187 -0.0207804 0)
(0.038603 -0.0204395 0)
(0.0509624 -0.0202018 0)
(0.0649692 -0.0204079 0)
(0.0803262 -0.021567 0)
(0.097144 -0.024239 0)
(0.116123 -0.02848 0)
(0.139051 -0.0339787 0)
(0.168849 -0.0416271 0)
(-0.0129381 -0.00167196 0)
(-0.00137913 -0.00194448 0)
(0.00170196 -0.00163483 0)
(-0.00332701 -0.00281469 0)
(-0.00992144 -0.00445404 0)
(-0.0108626 -0.00635603 0)
(-0.00671886 -0.0111118 0)
(0.00019956 -0.0144979 0)
(0.00295326 -0.0158672 0)
(0.00325738 -0.0170769 0)
(0.00748194 -0.0189104 0)
(0.0118892 -0.0215808 0)
(0.0123002 -0.0231617 0)
(0.0120042 -0.0229136 0)
(0.0165773 -0.0226249 0)
(0.0291003 -0.0252197 0)
(0.0471741 -0.0283283 0)
(0.0657276 -0.030516 0)
(0.0819686 -0.0325564 0)
(0.0944452 -0.0361343 0)
(0.10612 -0.0404442 0)
(0.12422 -0.0457991 0)
(0.142546 -0.0584032 0)
(-0.107926 0.0383115 0)
(-0.128343 -0.0178287 0)
(-0.146119 0.00540708 0)
(-0.200061 0.0315647 0)
(-0.245763 0.00286242 0)
(-0.230219 -0.0241828 0)
(-0.212033 -0.0327496 0)
(-0.2022 -0.0238776 0)
(-0.201121 -0.0112829 0)
(-0.193789 -0.0286208 0)
(-0.182749 -0.0413146 0)
(-0.181268 -0.0284504 0)
(-0.208522 -0.00464402 0)
(-0.254617 -0.0292216 0)
(-0.222922 -0.0698337 0)
(-0.177764 -0.0867177 0)
(-0.141948 -0.0867201 0)
(-0.120618 -0.0761728 0)
(-0.126776 -0.0582997 0)
(-0.170158 -0.0436166 0)
(-0.249255 -0.048346 0)
(-0.321393 -0.100584 0)
(-0.286335 -0.128698 0)
(-0.102941 0.170709 0)
(-0.137233 0.0394871 0)
(-0.180402 0.0525327 0)
(-0.218585 0.0723745 0)
(-0.233307 0.0195574 0)
(-0.245501 -0.0150542 0)
(-0.258258 -0.0308541 0)
(-0.261389 -0.0357513 0)
(-0.250963 -0.0316392 0)
(-0.232562 -0.0352975 0)
(-0.221407 -0.0345178 0)
(-0.221071 -0.00788066 0)
(-0.237865 0.0234849 0)
(-0.24734 -0.0229224 0)
(-0.240473 -0.0741997 0)
(-0.222902 -0.0974209 0)
(-0.204125 -0.0893438 0)
(-0.197261 -0.0566604 0)
(-0.217 -0.00780123 0)
(-0.257921 0.0402627 0)
(-0.315252 0.0644448 0)
(-0.349301 -0.0596229 0)
(-0.323039 -0.118644 0)
(-0.0585839 0.27649 0)
(-0.092186 0.0941568 0)
(-0.150736 0.0985661 0)
(-0.173259 0.0913253 0)
(-0.189617 0.0326031 0)
(-0.222742 0.000553426 0)
(-0.255292 -0.016671 0)
(-0.262109 -0.0359957 0)
(-0.256382 -0.04202 0)
(-0.243993 -0.0473837 0)
(-0.235167 -0.0404341 0)
(-0.232877 -0.00689186 0)
(-0.228438 0.0358796 0)
(-0.227507 -0.021413 0)
(-0.232587 -0.0834011 0)
(-0.234654 -0.108062 0)
(-0.235108 -0.0954311 0)
(-0.239696 -0.0497262 0)
(-0.261154 0.0208617 0)
(-0.310229 0.0754003 0)
(-0.325753 0.0549932 0)
(-0.319907 -0.0594418 0)
(-0.309751 -0.128959 0)
(-0.0164077 0.327996 0)
(-0.042446 0.151006 0)
(-0.0926007 0.13641 0)
(-0.113803 0.109634 0)
(-0.136939 0.0655053 0)
(-0.169049 0.0418198 0)
(-0.19926 0.0125228 0)
(-0.228699 -0.0291979 0)
(-0.239206 -0.0455471 0)
(-0.239455 -0.0558771 0)
(-0.241266 -0.0479943 0)
(-0.245384 -0.0125169 0)
(-0.225842 0.026337 0)
(-0.205696 -0.0122563 0)
(-0.206504 -0.0790632 0)
(-0.23306 -0.104034 0)
(-0.261997 -0.0903034 0)
(-0.287973 -0.0354434 0)
(-0.297448 0.061361 0)
(-0.293287 0.122188 0)
(-0.277027 0.0806493 0)
(-0.270486 -0.0760415 0)
(-0.279494 -0.138013 0)
(0.0119055 0.330412 0)
(-0.00904222 0.193016 0)
(-0.0459875 0.162646 0)
(-0.0640458 0.131943 0)
(-0.0867687 0.0974833 0)
(-0.112676 0.0704823 0)
(-0.136727 0.0401096 0)
(-0.161558 0.00199782 0)
(-0.187576 -0.033117 0)
(-0.209903 -0.0503384 0)
(-0.227228 -0.0427125 0)
(-0.229563 -0.0174863 0)
(-0.216353 -0.00512588 0)
(-0.203498 -0.0258558 0)
(-0.208998 -0.0571539 0)
(-0.230072 -0.0676666 0)
(-0.253539 -0.0531308 0)
(-0.270995 -0.0122994 0)
(-0.269078 0.0455726 0)
(-0.244 0.0803389 0)
(-0.211842 0.0534031 0)
(-0.19953 -0.04825 0)
(-0.240978 -0.136308 0)
(0.0230614 0.311519 0)
(0.00962916 0.220134 0)
(-0.0145181 0.181907 0)
(-0.0292226 0.150712 0)
(-0.0478168 0.119407 0)
(-0.0680735 0.0909185 0)
(-0.0880056 0.0606292 0)
(-0.109944 0.0272701 0)
(-0.134993 -0.00291449 0)
(-0.160641 -0.0222802 0)
(-0.182285 -0.0256904 0)
(-0.192689 -0.0174626 0)
(-0.190879 -0.0140888 0)
(-0.18784 -0.0269001 0)
(-0.194949 -0.0444033 0)
(-0.210682 -0.0502493 0)
(-0.226844 -0.0391051 0)
(-0.235451 -0.0110744 0)
(-0.22731 0.0243892 0)
(-0.20097 0.0425893 0)
(-0.170818 0.022706 0)
(-0.16104 -0.0302153 0)
(-0.182937 -0.0741263 0)
(0.0224939 0.290437 0)
(0.0173789 0.234358 0)
(0.00445398 0.196114 0)
(-0.00620983 0.165693 0)
(-0.0199903 0.136585 0)
(-0.0353524 0.108577 0)
(-0.0517475 0.0794997 0)
(-0.0706792 0.0491747 0)
(-0.0928715 0.0216257 0)
(-0.116448 0.00173002 0)
(-0.137385 -0.00782897 0)
(-0.150949 -0.00976896 0)
(-0.156573 -0.0126615 0)
(-0.160315 -0.0222985 0)
(-0.168358 -0.0334196 0)
(-0.180093 -0.0373826 0)
(-0.190502 -0.0303031 0)
(-0.193792 -0.0129113 0)
(-0.184683 0.0074762 0)
(-0.163459 0.0163219 0)
(-0.140166 0.0022249 0)
(-0.130237 -0.0305621 0)
(-0.139638 -0.0589864 0)
(0.0171248 0.272081 0)
(0.018806 0.238478 0)
(0.0141649 0.204267 0)
(0.00791784 0.175913 0)
(-0.00112924 0.149032 0)
(-0.0121306 0.122551 0)
(-0.0249185 0.0954534 0)
(-0.0402921 0.0680024 0)
(-0.0585266 0.0427709 0)
(-0.0782126 0.0227787 0)
(-0.0965079 0.00951997 0)
(-0.110428 0.00144127 0)
(-0.119483 -0.00579752 0)
(-0.126637 -0.0150278 0)
(-0.134942 -0.0239121 0)
(-0.14406 -0.0280518 0)
(-0.15099 -0.0251905 0)
(-0.152032 -0.016205 0)
(-0.144367 -0.00605521 0)
(-0.128968 -0.00301467 0)
(-0.112282 -0.0129951 0)
(-0.103166 -0.0333279 0)
(-0.105303 -0.0520686 0)
(0.0117549 0.256787 0)
(0.0175012 0.235957 0)
(0.0181652 0.206981 0)
(0.015874 0.181567 0)
(0.0109638 0.157026 0)
(0.00390714 0.132545 0)
(-0.00522501 0.107706 0)
(-0.0167931 0.082911 0)
(-0.0307929 0.0597611 0)
(-0.0462053 0.0400923 0)
(-0.0611566 0.024833 0)
(-0.073771 0.0132219 0)
(-0.0835427 0.00312331 0)
(-0.0917291 -0.00682539 0)
(-0.0996833 -0.015586 0)
(-0.10711 -0.021008 0)
(-0.112219 -0.0219484 0)
(-0.112793 -0.0191806 0)
(-0.107416 -0.0158226 0)
(-0.0970676 -0.0164895 0)
(-0.085731 -0.0242325 0)
(-0.0784786 -0.0374877 0)
(-0.0776312 -0.0499159 0)
(0.00809173 0.244326 0)
(0.0154661 0.230195 0)
(0.0190997 0.205924 0)
(0.01987 0.183423 0)
(0.0183204 0.161212 0)
(0.0146879 0.138842 0)
(0.00900697 0.116223 0)
(0.00113542 0.0937621 0)
(-0.00881745 0.0724687 0)
(-0.020141 0.0534709 0)
(-0.0316273 0.0373843 0)
(-0.0420762 0.0239072 0)
(-0.0509998 0.0120452 0)
(-0.0587963 0.00115361 0)
(-0.0659532 -0.00830413 0)
(-0.0721729 -0.0153039 0)
(-0.0763721 -0.0193242 0)
(-0.0772698 -0.0209518 0)
(-0.0741809 -0.022063 0)
(-0.0678786 -0.0251987 0)
(-0.060778 -0.0319277 0)
(-0.0558084 -0.0413317 0)
(-0.054381 -0.0500135 0)
(0.00594343 0.23418 0)
(0.013508 0.223309 0)
(0.0186327 0.202517 0)
(0.0215662 0.182453 0)
(0.0225954 0.162321 0)
(0.0217909 0.14192 0)
(0.0191444 0.121318 0)
(0.0145941 0.10087 0)
(0.00825399 0.0812364 0)
(0.000596285 0.0631257 0)
(-0.0076091 0.0469631 0)
(-0.015581 0.032682 0)
(-0.0228919 0.0198568 0)
(-0.0295514 0.00820287 0)
(-0.0356357 -0.00206356 0)
(-0.04086 -0.01046 0)
(-0.0445528 -0.0167671 0)
(-0.0459792 -0.0213839 0)
(-0.0448156 -0.0253966 0)
(-0.0416018 -0.0301792 0)
(-0.0377738 -0.0365263 0)
(-0.0350097 -0.0438998 0)
(-0.034168 -0.0504833 0)
(0.00470064 0.225679 0)
(0.0119354 0.216263 0)
(0.0177403 0.197718 0)
(0.0221121 0.179481 0)
(0.0250469 0.161044 0)
(0.0264805 0.142331 0)
(0.0263535 0.123467 0)
(0.0246138 0.10474 0)
(0.0213368 0.0865898 0)
(0.0168183 0.0694726 0)
(0.0115388 0.0536865 0)
(0.00600613 0.0392689 0)
(0.000566474 0.0260664 0)
(-0.00464366 0.0139741 0)
(-0.00953073 0.00310703 0)
(-0.0138421 -0.00630043 0)
(-0.0171485 -0.0141556 0)
(-0.0190207 -0.020701 0)
(-0.0193003 -0.0265357 0)
(-0.0183305 -0.0323793 0)
(-0.0169423 -0.0386183 0)
(-0.0160843 -0.044935 0)
(-0.0162666 -0.050354 0)
(0.00398704 0.218234 0)
(0.0108739 0.209375 0)
(0.0169711 0.192115 0)
(0.0222916 0.175119 0)
(0.0266061 0.15797 0)
(0.0297513 0.140627 0)
(0.0316217 0.12321 0)
(0.0321478 0.105938 0)
(0.0313565 0.0891059 0)
(0.0294169 0.0730089 0)
(0.0266183 0.0578556 0)
(0.023285 0.0437158 0)
(0.019677 0.0305577 0)
(0.0159598 0.0183628 0)
(0.0122757 0.00720686 0)
(0.00883463 -0.00278306 0)
(0.00592035 -0.0115562 0)
(0.00379397 -0.0192375 0)
(0.00254591 -0.0261333 0)
(0.00197909 -0.0325982 0)
(0.00163197 -0.0388023 0)
(0.000985369 -0.044551 0)
(-0.000247279 -0.0493144 0)
(0.00368363 0.211352 0)
(0.0104043 0.202669 0)
(0.0166544 0.186012 0)
(0.0226332 0.169788 0)
(0.0279444 0.153574 0)
(0.0323641 0.137306 0)
(0.0357557 0.121073 0)
(0.03803 0.105026 0)
(0.0391727 0.0893583 0)
(0.0392659 0.074258 0)
(0.0384739 0.0598665 0)
(0.0369964 0.0462522 0)
(0.0350156 0.0334309 0)
(0.0326766 0.0214205 0)
(0.0301151 0.0102811 0)
(0.027496 9.57391e-05 0)
(0.0250126 -0.00909134 0)
(0.0228337 -0.0173249 0)
(0.0210245 -0.0247393 0)
(0.019489 -0.0314877 0)
(0.0179897 -0.0376257 0)
(0.016261 -0.043026 0)
(0.0141618 -0.0473944 0)
(0.00379045 0.204546 0)
(0.0105924 0.196035 0)
(0.0169979 0.179538 0)
(0.0234814 0.163756 0)
(0.0295223 0.148211 0)
(0.0348696 0.132789 0)
(0.0393748 0.117527 0)
(0.0429378 0.102519 0)
(0.0455178 0.0878806 0)
(0.0471418 0.0737273 0)
(0.0478947 0.0601486 0)
(0.0478932 0.0471978 0)
(0.0472569 0.0349025 0)
(0.0460956 0.0232926 0)
(0.0445185 0.0124194 0)
(0.0426493 0.00234771 0)
(0.0406225 -0.00687444 0)
(0.0385546 -0.0152413 0)
(0.0365029 -0.0227898 0)
(0.0344371 -0.0295646 0)
(0.0322533 -0.0355622 0)
(0.0298356 -0.0406924 0)
(0.027136 -0.0447873 0)
(0.00432222 0.19729 0)
(0.0114686 0.189283 0)
(0.018115 0.172717 0)
(0.0250318 0.157186 0)
(0.0316175 0.142147 0)
(0.0376223 0.127415 0)
(0.0429045 0.112974 0)
(0.0473661 0.0988641 0)
(0.0509552 0.0851457 0)
(0.0536686 0.071881 0)
(0.0555444 0.0591206 0)
(0.0566468 0.0468989 0)
(0.05705 0.0352407 0)
(0.0568301 0.0241753 0)
(0.0560672 0.013747 0)
(0.054851 0.00401131 0)
(0.0532766 -0.00498012 0)
(0.0514295 -0.013193 0)
(0.0493641 -0.0206121 0)
(0.0470902 -0.0272262 0)
(0.0445812 -0.0330034 0)
(0.0418082 -0.0378754 0)
(0.0387804 -0.041743 0)
(0.00525137 0.189068 0)
(0.0129905 0.182163 0)
(0.0200135 0.165514 0)
(0.0273353 0.150179 0)
(0.0343342 0.135578 0)
(0.0407865 0.121455 0)
(0.0465743 0.107743 0)
(0.051614 0.0944374 0)
(0.0558562 0.0815563 0)
(0.0592866 0.0691242 0)
(0.0619194 0.057163 0)
(0.0637889 0.0456899 0)
(0.06494 0.0347217 0)
(0.0654231 0.0242825 0)
(0.0652947 0.0144096 0)
(0.0646185 0.00515169 0)
(0.0634635 -0.00343894 0)
(0.0618952 -0.0113146 0)
(0.0599656 -0.018435 0)
(0.0577065 -0.0247627 0)
(0.0551345 -0.0302543 0)
(0.0522685 -0.0348561 0)
(0.04915 -0.0385071 0)
(0.006462 0.179447 0)
(0.0150022 0.174404 0)
(0.0225677 0.157873 0)
(0.0302864 0.142801 0)
(0.0376016 0.128653 0)
(0.0443398 0.115123 0)
(0.0504207 0.1021 0)
(0.0557849 0.0895438 0)
(0.0603967 0.0774426 0)
(0.0642437 0.0657947 0)
(0.0673328 0.0546018 0)
(0.0696846 0.0438679 0)
(0.0713279 0.0336016 0)
(0.0722972 0.0238209 0)
(0.0726327 0.0145566 0)
(0.0723804 0.00585137 0)
(0.0715918 -0.00224498 0)
(0.0703194 -0.0096807 0)
(0.0686119 -0.0164059 0)
(0.0665114 -0.0223735 0)
(0.0640557 -0.0275377 0)
(0.0612881 -0.0318553 0)
(0.0582654 -0.0352875 0)
(0.00772287 0.168179 0)
(0.0172086 0.165742 0)
(0.0254911 0.149724 0)
(0.0336121 0.13509 0)
(0.0411771 0.121483 0)
(0.0480848 0.108582 0)
(0.0543025 0.0962477 0)
(0.0598034 0.0844185 0)
(0.0645726 0.0730618 0)
(0.0686091 0.0621591 0)
(0.0719234 0.0516997 0)
(0.0745337 0.0416787 0)
(0.076463 0.0320987 0)
(0.0777384 0.0229729 0)
(0.0783906 0.0143269 0)
(0.0784554 0.00619767 0)
(0.0779729 -0.00136862 0)
(0.0769869 -0.0083215 0)
(0.0755422 -0.0146098 0)
(0.0736838 -0.0201852 0)
(0.0714582 -0.0250043 0)
(0.0689177 -0.029032 0)
(0.0661238 -0.032243 0)
(0.00871768 0.15532 0)
(0.0191973 0.155969 0)
(0.0283445 0.140998 0)
(0.0368886 0.127064 0)
(0.0446713 0.11414 0)
(0.0516799 0.101941 0)
(0.0579363 0.0903286 0)
(0.0634512 0.0792282 0)
(0.0682359 0.0685981 0)
(0.0723072 0.0584115 0)
(0.075686 0.0486514 0)
(0.0783955 0.0393085 0)
(0.0804605 0.0303829 0)
(0.0819067 0.0218849 0)
(0.0827616 0.0138366 0)
(0.0830556 0.00627105 0)
(0.0828227 -0.000769816 0)
(0.0821005 -0.00723887 0)
(0.0809302 -0.0130875 0)
(0.0793555 -0.01827 0)
(0.0774239 -0.0227472 0)
(0.0751888 -0.0264906 0)
(0.0727088 -0.0294828 0)
(0.00915182 0.141297 0)
(0.0205377 0.145005 0)
(0.030616 0.131628 0)
(0.0396124 0.118709 0)
(0.0476156 0.106647 0)
(0.0547048 0.0952575 0)
(0.0609578 0.0844215 0)
(0.0664263 0.0740712 0)
(0.0711513 0.0641648 0)
(0.0751704 0.0546747 0)
(0.0785195 0.0455835 0)
(0.0812315 0.0368822 0)
(0.0833374 0.0285713 0)
(0.0848661 0.0206611 0)
(0.0858459 0.0131725 0)
(0.0863059 0.00613611 0)
(0.0862773 -0.000409331 0)
(0.0857941 -0.0064203 0)
(0.0848937 -0.0118519 0)
(0.0836172 -0.0166621 0)
(0.0820091 -0.0208164 0)
(0.0801191 -0.0242908 0)
(0.0779999 -0.0270731 0)
(0.00890613 0.126858 0)
(0.0209489 0.132978 0)
(0.0318827 0.121594 0)
(0.0413354 0.109996 0)
(0.0495765 0.0989946 0)
(0.0567583 0.0885362 0)
(0.0630094 0.078549 0)
(0.0684217 0.0689848 0)
(0.0730663 0.0598113 0)
(0.0770035 0.0510075 0)
(0.0802853 0.0425609 0)
(0.0829571 0.0344673 0)
(0.0850582 0.0267307 0)
(0.0866237 0.0193641 0)
(0.0876851 0.0123895 0)
(0.088273 0.00583727 0)
(0.088418 -0.00025585 0)
(0.0881523 -0.00584892 0)
(0.0875107 -0.0109003 0)
(0.0865306 -0.0153715 0)
(0.0852527 -0.0192315 0)
(0.0837208 -0.0224597 0)
(0.0819802 -0.0250465 0)
(0.00813708 0.112822 0)
(0.0204461 0.120244 0)
(0.0319825 0.110975 0)
(0.0418159 0.100927 0)
(0.0502821 0.0911636 0)
(0.0575662 0.0817583 0)
(0.0638324 0.0726974 0)
(0.0692057 0.0639622 0)
(0.0737839 0.0555389 0)
(0.0776477 0.0474188 0)
(0.0808649 0.0395996 0)
(0.0834931 0.0320851 0)
(0.0855809 0.0248861 0)
(0.0871701 0.0180209 0)
(0.0882972 0.0115147 0)
(0.0889956 0.00539931 0)
(0.0892969 -0.000288427 0)
(0.089233 -0.00550892 0)
(0.0888369 -0.0102226 0)
(0.0881429 -0.0143934 0)
(0.0871874 -0.0179925 0)
(0.0860086 -0.0210011 0)
(0.0846441 -0.0234103 0)
(0.00719263 0.0997415 0)
(0.0193208 0.107297 0)
(0.031065 0.0999954 0)
(0.0410908 0.0915906 0)
(0.0496955 0.0831795 0)
(0.05705 0.074919 0)
(0.06333 0.0668478 0)
(0.0686794 0.0589802 0)
(0.0732135 0.0513245 0)
(0.0770277 0.043889 0)
(0.0802023 0.0366847 0)
(0.0828047 0.0297265 0)
(0.0848917 0.0230344 0)
(0.0865115 0.0166336 0)
(0.0877054 0.0105545 0)
(0.0885103 0.00483222 0)
(0.0889599 -0.000494902 0)
(0.0890864 -0.00538701 0)
(0.088922 -0.00980516 0)
(0.0884988 -0.0137144 0)
(0.0878493 -0.0170867 0)
(0.0870068 -0.0199033 0)
(0.0860022 -0.0221548 0)
(0.00637651 0.0877765 0)
(0.0179411 0.0946256 0)
(0.0294626 0.0889901 0)
(0.0394077 0.0821789 0)
(0.047986 0.0751408 0)
(0.0553205 0.0680596 0)
(0.0615731 0.0610076 0)
(0.0668883 0.0540266 0)
(0.0713861 0.0471464 0)
(0.0751683 0.0403929 0)
(0.0783214 0.0337919 0)
(0.080919 0.0273707 0)
(0.0830231 0.0211596 0)
(0.0846867 0.0151921 0)
(0.0859551 0.00950511 0)
(0.0868681 0.00413803 0)
(0.0874614 -0.000867905 0)
(0.0877684 -0.00547126 0)
(0.0878208 -0.00963236 0)
(0.0876493 -0.0133159 0)
(0.0872838 -0.0164933 0)
(0.0867534 -0.0191447 0)
(0.0860837 -0.0212586 0)
(0.0057911 0.0768334 0)
(0.0165504 0.0826011 0)
(0.027492 0.0783142 0)
(0.0370735 0.0729434 0)
(0.0454223 0.0672075 0)
(0.0526035 0.0612724 0)
(0.0587487 0.0552229 0)
(0.0639869 0.0491173 0)
(0.0684307 0.0430019 0)
(0.0721789 0.0369177 0)
(0.0753177 0.0309039 0)
(0.0779216 0.0249999 0)
(0.0800545 0.0192465 0)
(0.0817713 0.0136859 0)
(0.0831192 0.00836143 0)
(0.0841401 0.00331778 0)
(0.0848711 -0.00140022 0)
(0.0853466 -0.00574861 0)
(0.0855983 -0.00968591 0)
(0.0856563 -0.0131753 0)
(0.0855483 -0.0161865 0)
(0.0853007 -0.0186974 0)
(0.0849351 -0.0206933 0)
(0.00537587 0.0667676 0)
(0.0152165 0.0714462 0)
(0.0253434 0.068252 0)
(0.0343349 0.0641242 0)
(0.0422648 0.0595568 0)
(0.0491502 0.0546788 0)
(0.0550875 0.0495711 0)
(0.0601815 0.0442977 0)
(0.0645292 0.038914 0)
(0.0682195 0.0334714 0)
(0.0713324 0.0280199 0)
(0.0739386 0.0226093 0)
(0.0760996 0.0172896 0)
(0.0778691 0.0121112 0)
(0.079294 0.00712372 0)
(0.0804161 0.0023768 0)
(0.0812736 -0.00208096 0)
(0.0819012 -0.00620257 0)
(0.0823309 -0.00994404 0)
(0.082592 -0.0132662 0)
(0.0827116 -0.0161362 0)
(0.0827136 -0.0185289 0)
(0.0826175 -0.0204256 0)
(0.00502399 0.0574961 0)
(0.0139017 0.0612721 0)
(0.0230887 0.0589847 0)
(0.0313434 0.0559018 0)
(0.0387109 0.0523427 0)
(0.0451765 0.0483997 0)
(0.0508059 0.0441422 0)
(0.0556789 0.0396315 0)
(0.0598739 0.0349256 0)
(0.0634661 0.0300814 0)
(0.0665254 0.0251564 0)
(0.0691151 0.0202085 0)
(0.0712906 0.0152957 0)
(0.0731011 0.0104748 0)
(0.0745906 0.00580094 0)
(0.0757994 0.00132762 0)
(0.076765 -0.00289321 0)
(0.0775224 -0.00681156 0)
(0.0781036 -0.0103806 0)
(0.0785377 -0.0135584 0)
(0.078851 -0.0163089 0)
(0.0790664 -0.0186034 0)
(0.079202 -0.0204188 0)
(0.00465398 0.0490164 0)
(0.0125503 0.052129 0)
(0.0207443 0.0506072 0)
(0.0281827 0.0483895 0)
(0.0348937 0.045678 0)
(0.0408457 0.0425369 0)
(0.0460815 0.0390221 0)
(0.0506598 0.0351879 0)
(0.0546414 0.0310902 0)
(0.0580871 0.0267879 0)
(0.0610553 0.0223432 0)
(0.063599 0.0178202 0)
(0.0657651 0.0132831 0)
(0.0675952 0.00879397 0)
(0.0691279 0.00441134 0)
(0.0704001 0.000190924 0)
(0.0714483 -0.0038131 0)
(0.0723068 -0.00754818 0)
(0.0730077 -0.0109647 0)
(0.0735802 -0.0140177 0)
(0.0740499 -0.0166678 0)
(0.0744395 -0.0188822 0)
(0.0747664 -0.0206335 0)
(0.00422752 0.0413768 0)
(0.0111358 0.0440382 0)
(0.0183229 0.0431602 0)
(0.0249085 0.0416497 0)
(0.0309073 0.039637 0)
(0.0362807 0.0371674 0)
(0.0410563 0.0342838 0)
(0.0452763 0.0310319 0)
(0.0489871 0.0274633 0)
(0.0522366 0.0236367 0)
(0.0550713 0.0196175 0)
(0.0575336 0.015475 0)
(0.0596595 0.0112788 0)
(0.0614807 0.00709441 0)
(0.0630274 0.0029815 0)
(0.0643322 -0.00100476 0)
(0.0654298 -0.00480974 0)
(0.0663545 -0.0083791 0)
(0.0671382 -0.0116606 0)
(0.0678101 -0.0146061 0)
(0.0683956 -0.0171727 0)
(0.0689171 -0.0193239 0)
(0.0693921 -0.0210279 0)
(0.00374271 0.0346357 0)
(0.00966884 0.037005 0)
(0.015855 0.0366563 0)
(0.0215762 0.0357135 0)
(0.0268339 0.0342659 0)
(0.0315875 0.0323458 0)
(0.0358544 0.0299849 0)
(0.0396648 0.0272198 0)
(0.0430535 0.0240969 0)
(0.0460583 0.0206744 0)
(0.0487155 0.0170202 0)
(0.051057 0.0132087 0)
(0.0531077 0.0093151 0)
(0.0548861 0.00540817 0)
(0.0564114 0.00154517 0)
(0.0577108 -0.00222364 0)
(0.058818 -0.0058456 0)
(0.0597678 -0.00926526 0)
(0.0605926 -0.0124277 0)
(0.061321 -0.0152815 0)
(0.0619783 -0.0177804 0)
(0.0625866 -0.0198842 0)
(0.0631637 -0.0215569 0)
(0.00321708 0.0288325 0)
(0.00818298 0.0310201 0)
(0.0133913 0.0310909 0)
(0.0182566 0.0305914 0)
(0.0227656 0.0295893 0)
(0.0268783 0.028108 0)
(0.030604 0.0261685 0)
(0.033964 0.0237985 0)
(0.036985 0.0210393 0)
(0.0396969 0.0179476 0)
(0.0421293 0.0145944 0)
(0.0443064 0.0110604 0)
(0.0462424 0.00742855 0)
(0.0479401 0.00377236 0)
(0.049403 0.000142598 0)
(0.0506516 -0.00342297 0)
(0.0517219 -0.00687678 0)
(0.0526505 -0.0101624 0)
(0.0534702 -0.0132214 0)
(0.0542093 -0.0159987 0)
(0.0548921 -0.0184447 0)
(0.0555399 -0.0205157 0)
(0.0561706 -0.0221728 0)
(0.00266891 0.0239757 0)
(0.00672126 0.0260527 0)
(0.0110014 0.026439 0)
(0.0150436 0.0262723 0)
(0.0188192 0.0256118 0)
(0.0222886 0.0244727 0)
(0.0254551 0.0228654 0)
(0.0283329 0.0208085 0)
(0.0309428 0.0183371 0)
(0.0333106 0.0155062 0)
(0.0354632 0.0123892 0)
(0.0374229 0.00907525 0)
(0.039198 0.00566005 0)
(0.0407723 0.00222908 0)
(0.0421249 -0.00117881 0)
(0.0432696 -0.00455265 0)
(0.0442493 -0.00785342 0)
(0.0451059 -0.0110218 0)
(0.0458723 -0.013994 0)
(0.0465748 -0.0167102 0)
(0.0472357 -0.0191175 0)
(0.0478747 -0.0211695 0)
(0.0485089 -0.0228246 0)
(0.00211017 0.0200433 0)
(0.00533676 0.0220383 0)
(0.00877817 0.0226439 0)
(0.0120609 0.0227188 0)
(0.0151429 0.0223166 0)
(0.0179864 0.0214425 0)
(0.02059 0.0200958 0)
(0.0229624 0.0182854 0)
(0.0251197 0.0160392 0)
(0.0270854 0.0134076 0)
(0.0288888 0.0104649 0)
(0.0305599 0.00730878 0)
(0.0321135 0.0040561 0)
(0.0335128 0.000825573 0)
(0.0346979 -0.00236308 0)
(0.0356741 -0.00555459 0)
(0.0365034 -0.00872064 0)
(0.0372351 -0.0117927 0)
(0.0379002 -0.0146974 0)
(0.0385207 -0.0173689 0)
(0.0391143 -0.0197512 0)
(0.0396976 -0.021796 0)
(0.040286 -0.0234606 0)
(0.0015662 0.0169907 0)
(0.00411574 0.0188714 0)
(0.00684976 0.0196166 0)
(0.00946486 0.0198709 0)
(0.0119155 0.0196706 0)
(0.0141702 0.019008 0)
(0.0162249 0.0178718 0)
(0.0180824 0.0162619 0)
(0.0197522 0.0141975 0)
(0.0212537 0.0117205 0)
(0.0226199 0.00889885 0)
(0.0238994 0.00583223 0)
(0.0251418 0.00266609 0)
(0.0262913 -0.000391281 0)
(0.0272339 -0.00334456 0)
(0.0279613 -0.00636239 0)
(0.0285752 -0.00942093 0)
(0.029132 -0.0124259 0)
(0.029654 -0.015287 0)
(0.0301532 -0.0179316 0)
(0.0306402 -0.0203017 0)
(0.0311264 -0.0223488 0)
(0.0316239 -0.0240304 0)
(0.00112692 0.014732 0)
(0.00321894 0.0164044 0)
(0.00538725 0.0172419 0)
(0.00743489 0.0176461 0)
(0.00933045 0.0176165 0)
(0.0110544 0.0171335 0)
(0.0126 0.0161803 0)
(0.0139603 0.0147518 0)
(0.0151311 0.0128576 0)
(0.0161184 0.0105256 0)
(0.0169488 0.00780313 0)
(0.0176916 0.00476633 0)
(0.0184797 0.00157315 0)
(0.0192322 -0.00135147 0)
(0.0198248 -0.00402768 0)
(0.0201991 -0.00689551 0)
(0.0205339 -0.0098953 0)
(0.0208785 -0.0128757 0)
(0.0212295 -0.0157228 0)
(0.0215809 -0.0183595 0)
(0.0219328 -0.0207287 0)
(0.0222903 -0.0227847 0)
(0.0226613 -0.0244872 0)
(0.00099257 0.012936 0)
(0.0028514 0.0143536 0)
(0.00454327 0.0152961 0)
(0.00611334 0.0158481 0)
(0.00754785 0.0159764 0)
(0.0088347 0.0156648 0)
(0.00995783 0.0149021 0)
(0.010893 0.013684 0)
(0.0116131 0.0120157 0)
(0.0120934 0.00991017 0)
(0.012323 0.00738244 0)
(0.0123616 0.00443699 0)
(0.0124682 0.00112171 0)
(0.0123794 -0.00176588 0)
(0.0124709 -0.00419641 0)
(0.0123864 -0.00704358 0)
(0.012412 -0.0100866 0)
(0.0125408 -0.0131031 0)
(0.0127179 -0.0159699 0)
(0.0129136 -0.0186166 0)
(0.0131174 -0.0209939 0)
(0.0133281 -0.0230618 0)
(0.0135487 -0.0247837 0)
(0.00106529 0.0101324 0)
(0.00276704 0.0120504 0)
(0.00416686 0.0133532 0)
(0.00544606 0.0141334 0)
(0.00661077 0.0144537 0)
(0.00764713 0.0143462 0)
(0.00852707 0.0138234 0)
(0.00921058 0.012894 0)
(0.00964746 0.0115718 0)
(0.00977265 0.00987797 0)
(0.00950327 0.00784128 0)
(0.00880523 0.00544662 0)
(0.00795948 0.00227071 0)
(0.00520472 -0.00070144 0)
(0.0047668 -0.00344448 0)
(0.00434671 -0.00674421 0)
(0.00419089 -0.0100503 0)
(0.00417316 -0.0131894 0)
(0.00420819 -0.0161063 0)
(0.00426195 -0.0187711 0)
(0.00432268 -0.021155 0)
(0.00438681 -0.0232273 0)
(0.00445426 -0.0249553 0)
(0.17048 -0.00897013 0)
(0.189152 -0.0268637 0)
(0.205327 -0.0358122 0)
(0.226198 -0.044113 0)
(0.184544 -0.0420526 0)
(0.196792 -0.0489407 0)
(0.205068 -0.0503005 0)
(0.208522 -0.0464687 0)
(0.190166 -0.0542925 0)
(0.201175 -0.0567663 0)
(0.20806 -0.0481516 0)
(0.199283 -0.0395811 0)
(0.138179 -0.0750453 0)
(0.131356 -0.0708727 0)
(0.0965081 -0.0230117 0)
(0.0615219 0.0655803 0)
(-0.259238 -0.0767042 0)
(-0.250831 -0.0329556 0)
(-0.235614 -0.00418806 0)
(-0.212753 0.0445007 0)
(-0.309346 -0.0995742 0)
(-0.299484 -0.0731206 0)
(-0.291493 -0.037314 0)
(-0.285166 0.00718526 0)
(-0.299756 -0.113274 0)
(-0.293901 -0.0838066 0)
(-0.29074 -0.0437121 0)
(-0.28739 9.46222e-05 0)
(-0.281705 -0.131373 0)
(-0.285227 -0.104021 0)
(-0.300561 -0.0400135 0)
(-0.299309 0.00506933 0)
(-0.280702 -0.117206 0)
(-0.283975 -0.0602604 0)
(-0.279016 -0.031009 0)
(-0.272701 -0.0187864 0)
(-0.204992 -0.0747667 0)
(-0.213167 -0.0634989 0)
(-0.213973 -0.0489497 0)
(-0.210035 -0.0378491 0)
(-0.149623 -0.0616581 0)
(-0.153346 -0.0574303 0)
(-0.154103 -0.0497432 0)
(-0.152321 -0.0414597 0)
(-0.109532 -0.0555918 0)
(-0.11108 -0.0544593 0)
(-0.111168 -0.0511113 0)
(-0.109867 -0.0466265 0)
(-0.0789825 -0.053435 0)
(-0.0793905 -0.0537858 0)
(-0.0791699 -0.0525875 0)
(-0.0782153 -0.050192 0)
(-0.0546235 -0.053197 0)
(-0.0546447 -0.0540578 0)
(-0.0544201 -0.0537479 0)
(-0.0538371 -0.0524286 0)
(-0.034366 -0.0532791 0)
(-0.0344659 -0.0542441 0)
(-0.0344738 -0.0543175 0)
(-0.034303 -0.0535673 0)
(-0.0169058 -0.0528517 0)
(-0.017317 -0.053819 0)
(-0.0176898 -0.0540746 0)
(-0.0179594 -0.0536493 0)
(-0.001469 -0.0516132 0)
(-0.00225591 -0.0525683 0)
(-0.00302116 -0.0529315 0)
(-0.00371513 -0.0527188 0)
(0.0124079 -0.0495669 0)
(0.0112819 -0.0505148 0)
(0.0101723 -0.0509567 0)
(0.00911777 -0.0509031 0)
(0.0249905 -0.0468702 0)
(0.0236135 -0.0478143 0)
(0.0222491 -0.0483193 0)
(0.0209288 -0.0483933 0)
(0.036412 -0.0437477 0)
(0.0348891 -0.0446857 0)
(0.0333741 -0.0452394 0)
(0.0318935 -0.0454158 0)
(0.0467184 -0.0404304 0)
(0.0451503 -0.0413547 0)
(0.0435844 -0.0419418 0)
(0.0420435 -0.0421976 0)
(0.0559028 -0.0371209 0)
(0.0543741 -0.0380217 0)
(0.0528416 -0.0386261 0)
(0.051325 -0.0389392 0)
(0.0639289 -0.033978 0)
(0.0625034 -0.0348456 0)
(0.0610688 -0.0354521 0)
(0.0596417 -0.0358018 0)
(0.0707478 -0.031114 0)
(0.0694688 -0.0319405 0)
(0.0681766 -0.0325359 0)
(0.0668848 -0.0329036 0)
(0.0763107 -0.028599 0)
(0.0752039 -0.0293793 0)
(0.0740809 -0.029953 0)
(0.0729525 -0.030323 0)
(0.0805788 -0.0264691 0)
(0.0796558 -0.0272004 0)
(0.0787147 -0.0277448 0)
(0.077764 -0.028105 0)
(0.0835306 -0.0247346 0)
(0.0827925 -0.0254165 0)
(0.0820354 -0.025927 0)
(0.0812661 -0.0262683 0)
(0.0851659 -0.023388 0)
(0.0846064 -0.024022 0)
(0.0840283 -0.0244963 0)
(0.0834364 -0.0248128 0)
(0.0855064 -0.0224094 0)
(0.0851148 -0.0229986 0)
(0.0847056 -0.0234366 0)
(0.0842821 -0.023725 0)
(0.0845942 -0.0217714 0)
(0.0843566 -0.0223199 0)
(0.0841029 -0.0227233 0)
(0.0838356 -0.0229829 0)
(0.0824873 -0.0214414 0)
(0.0823877 -0.0219545 0)
(0.0822743 -0.0223266 0)
(0.0821486 -0.0225588 0)
(0.0792548 -0.0213836 0)
(0.0792759 -0.0218673 0)
(0.0792858 -0.0222129 0)
(0.0792856 -0.0224211 0)
(0.0749724 -0.0215592 0)
(0.0750954 -0.0220204 0)
(0.0752104 -0.0223456 0)
(0.0753182 -0.0225348 0)
(0.0697195 -0.0219267 0)
(0.0699242 -0.0223731 0)
(0.0701245 -0.022685 0)
(0.070321 -0.0228619 0)
(0.0635783 -0.0224416 0)
(0.0638429 -0.0228812 0)
(0.0641069 -0.0231878 0)
(0.0643708 -0.0233603 0)
(0.0566357 -0.0230555 0)
(0.0569366 -0.0234966 0)
(0.0572405 -0.0238061 0)
(0.0575482 -0.0239829 0)
(0.0489861 -0.0237167 0)
(0.0492979 -0.0241667 0)
(0.0496161 -0.0244872 0)
(0.0499415 -0.0246766 0)
(0.0407362 -0.0243707 0)
(0.0410329 -0.0248358 0)
(0.0413383 -0.0251737 0)
(0.0416535 -0.0253829 0)
(0.03201 -0.0249636 0)
(0.0322664 -0.0254471 0)
(0.0325324 -0.0258063 0)
(0.0328092 -0.0260398 0)
(0.0229523 -0.0254456 0)
(0.0231464 -0.0259483 0)
(0.0233492 -0.0263293 0)
(0.0235621 -0.026587 0)
(0.0137248 -0.0257639 0)
(0.0138434 -0.0262831 0)
(0.0139683 -0.0266825 0)
(0.0141 -0.026961 0)
(0.00450938 -0.0259421 0)
(0.00454726 -0.026468 0)
(0.00458747 -0.0268766 0)
(0.0046301 -0.0271669 0)
(0.232243 -0.0638932 0)
(0.168728 -0.0088746 0)
(0.0881495 0.0259463 0)
(0.0232914 0.033376 0)
(-0.025317 0.0303548 0)
(-0.0624077 0.0198811 0)
(-0.0871541 0.00846418 0)
(-0.100167 0.0114473 0)
(-0.0981548 0.0193468 0)
(-0.086309 0.0230137 0)
(-0.0723612 0.0178287 0)
(-0.0611041 0.0118691 0)
(-0.0484034 0.00857784 0)
(-0.0305695 0.00468553 0)
(-0.0104688 -0.00605073 0)
(0.00732329 -0.0311603 0)
(0.0313868 -0.0462136 0)
(0.0541971 -0.0100736 0)
(0.0660006 0.0476489 0)
(0.200952 -0.0260283 0)
(0.124616 0.0479092 0)
(0.0244214 0.0782069 0)
(-0.0424809 0.0781694 0)
(-0.0881406 0.0700827 0)
(-0.1208 0.0489728 0)
(-0.135771 0.0221752 0)
(-0.135775 0.00943031 0)
(-0.12769 0.00954198 0)
(-0.116125 0.00962413 0)
(-0.104228 0.00549274 0)
(-0.0921205 -0.00142111 0)
(-0.0751839 -0.0100979 0)
(-0.049705 -0.01987 0)
(-0.0215218 -0.0282294 0)
(7.9775e-05 -0.05073 0)
(0.0247059 -0.0742356 0)
(0.0468723 -0.0180601 0)
(0.0697368 0.0921744 0)
(0.14965 -0.0133064 0)
(0.0427819 0.0859355 0)
(-0.0651216 0.120925 0)
(-0.136553 0.118363 0)
(-0.158078 0.0891155 0)
(-0.149211 0.053482 0)
(-0.142793 0.0237013 0)
(-0.13958 0.00548828 0)
(-0.13588 0.00214091 0)
(-0.129263 0.00105435 0)
(-0.121364 -0.00373598 0)
(-0.112185 -0.0133953 0)
(-0.0982064 -0.0288796 0)
(-0.0764237 -0.0451675 0)
(-0.0522082 -0.0508866 0)
(-0.0332926 -0.0665014 0)
(-0.0160537 -0.100387 0)
(0.00624517 -0.0373198 0)
(0.0418487 0.148077 0)
(-0.00037838 0.197679 0)
(-0.178024 0.411006 0)
(-0.227407 0.307766 0)
(-0.181498 0.157509 0)
(-0.150118 0.0808082 0)
(-0.137036 0.0468062 0)
(-0.133685 0.0208241 0)
(-0.137543 0.00532157 0)
(-0.138849 0.000102682 0)
(-0.132935 -0.00328716 0)
(-0.12513 -0.0102093 0)
(-0.120097 -0.0215109 0)
(-0.114951 -0.0404318 0)
(-0.10603 -0.0589208 0)
(-0.0960683 -0.0620429 0)
(-0.0892436 -0.0736108 0)
(-0.085455 -0.115349 0)
(-0.071931 -0.0528937 0)
(-0.0180173 0.139928 0)
(-0.191918 0.229347 0)
(-0.159444 0.378854 0)
(-0.10675 0.272909 0)
(-0.0952099 0.112029 0)
(-0.0947406 0.0511018 0)
(-0.112565 0.0424926 0)
(-0.125303 0.0197947 0)
(-0.129253 0.00772939 0)
(-0.130391 -0.00258751 0)
(-0.122863 -0.0105665 0)
(-0.114306 -0.0138715 0)
(-0.11906 -0.0191144 0)
(-0.13129 -0.0412716 0)
(-0.137931 -0.0655592 0)
(-0.138475 -0.0675498 0)
(-0.13441 -0.0741208 0)
(-0.13421 -0.118871 0)
(-0.130022 -0.0801276 0)
(-0.066969 0.0601647 0)
(-0.266751 0.102553 0)
(-0.151463 0.18451 0)
(-0.0267418 0.210546 0)
(-0.019962 0.0980558 0)
(-0.0440963 0.0627996 0)
(-0.0802354 0.0777312 0)
(-0.0944769 0.025292 0)
(-0.110306 0.0135575 0)
(-0.122193 -0.00406077 0)
(-0.121996 -0.0216763 0)
(-0.116322 -0.0206224 0)
(-0.117942 0.000674218 0)
(-0.143721 -0.0255454 0)
(-0.15052 -0.0658511 0)
(-0.145896 -0.0719583 0)
(-0.126992 -0.0780523 0)
(-0.125588 -0.127291 0)
(-0.138882 -0.119941 0)
(-0.067242 -0.0260297 0)
(-0.265407 0.0636473 0)
(-0.206641 0.110352 0)
(-0.136803 0.136454 0)
(-0.0636454 0.0956678 0)
(-0.0588868 0.0888562 0)
(-0.0455235 0.0990646 0)
(-0.0541985 0.0400521 0)
(-0.0774138 0.0359688 0)
(-0.109047 0.0139942 0)
(-0.136247 -0.0164275 0)
(-0.150438 -0.0224517 0)
(-0.139501 0.0103473 0)
(-0.114918 0.00318957 0)
(-0.0990874 -0.0637241 0)
(-0.0895239 -0.0844388 0)
(-0.0659331 -0.0965666 0)
(-0.050944 -0.125188 0)
(-0.0756022 -0.144031 0)
(-0.00439648 -0.130664 0)
(-0.273826 0.0518726 0)
(-0.227805 0.083885 0)
(-0.178532 0.0863834 0)
(-0.138054 0.0644325 0)
(-0.112335 0.0633274 0)
(-0.0822794 0.0757963 0)
(-0.062116 0.0498337 0)
(-0.0732577 0.0609261 0)
(-0.109835 0.0604488 0)
(-0.141805 0.00517437 0)
(-0.130309 -0.0273977 0)
(-0.101082 -0.0352583 0)
(-0.0558063 -0.0429001 0)
(-0.0166701 -0.0873771 0)
(-0.00138871 -0.102924 0)
(0.0140641 -0.107507 0)
(0.0272695 -0.118441 0)
(0.0345198 -0.141045 0)
(0.0560763 -0.124271 0)
(-0.264738 0.00708688 0)
(-0.222881 0.0544305 0)
(-0.175837 0.0599647 0)
(-0.145357 0.0429736 0)
(-0.124868 0.0392892 0)
(-0.100927 0.0472253 0)
(-0.0839158 0.0453851 0)
(-0.0852237 0.0698724 0)
(-0.0985383 0.078026 0)
(-0.10161 0.000441755 0)
(-0.0886029 -0.0450529 0)
(-0.0623583 -0.0678431 0)
(-0.0206177 -0.0846511 0)
(0.0207619 -0.115102 0)
(0.0557363 -0.133872 0)
(0.0917717 -0.127848 0)
(0.094752 -0.132277 0)
(0.0593044 -0.140186 0)
(0.027598 -0.0640572 0)
(-0.199404 -0.0255286 0)
(-0.17155 -0.00654567 0)
(-0.144632 0.0162093 0)
(-0.125209 0.0211343 0)
(-0.11597 0.0267406 0)
(-0.099652 0.0366633 0)
(-0.091331 0.0385394 0)
(-0.0866785 0.0714751 0)
(-0.0654423 0.0802015 0)
(-0.0496744 -0.00657782 0)
(-0.0428507 -0.0585715 0)
(-0.0244804 -0.0907031 0)
(0.00417512 -0.113543 0)
(0.0346642 -0.139471 0)
(0.0570767 -0.158895 0)
(0.0831553 -0.141553 0)
(0.105862 -0.116745 0)
(0.0883204 -0.0934975 0)
(0.0519966 -0.0349913 0)
(-0.145949 -0.0283662 0)
(-0.129593 -0.0118351 0)
(-0.1103 -0.00180549 0)
(-0.0919018 0.00249462 0)
(-0.0799343 0.00778331 0)
(-0.070674 0.0175434 0)
(-0.0634418 0.0301038 0)
(-0.0522082 0.0543915 0)
(-0.0187112 0.0549871 0)
(0.0069099 -0.0158253 0)
(0.00809977 -0.0714757 0)
(0.0159172 -0.110378 0)
(0.0306349 -0.138683 0)
(0.0461992 -0.162113 0)
(0.0510184 -0.182438 0)
(0.0530577 -0.163301 0)
(0.0633076 -0.114945 0)
(0.0616558 -0.0683856 0)
(0.0391412 0.034461 0)
(-0.105599 -0.0380104 0)
(-0.0945108 -0.0252531 0)
(-0.08016 -0.0129313 0)
(-0.0658837 -0.00352785 0)
(-0.0543505 0.00431014 0)
(-0.0436943 0.0128558 0)
(-0.032603 0.0221002 0)
(-0.016161 0.0304836 0)
(0.0116472 0.0199744 0)
(0.0333065 -0.0278731 0)
(0.0402002 -0.0790515 0)
(0.044827 -0.121739 0)
(0.0477569 -0.151317 0)
(0.0468212 -0.169416 0)
(0.0394676 -0.18037 0)
(0.0313935 -0.165052 0)
(0.0298273 -0.120052 0)
(0.0235254 -0.0585096 0)
(0.0116359 0.0609429 0)
(-0.0753438 -0.0448323 0)
(-0.0678467 -0.0353435 0)
(-0.0576594 -0.0248478 0)
(-0.0465772 -0.0151822 0)
(-0.03599 -0.00591411 0)
(-0.0250818 0.00288573 0)
(-0.0125008 0.00979751 0)
(0.00455585 0.0118098 0)
(0.0271416 -0.00114096 0)
(0.0449645 -0.0373219 0)
(0.0514689 -0.0809337 0)
(0.0511538 -0.116629 0)
(0.0453753 -0.140628 0)
(0.0345826 -0.155368 0)
(0.0191505 -0.163472 0)
(0.00366397 -0.152339 0)
(-0.00555212 -0.113417 0)
(-0.0145592 -0.0477675 0)
(-0.015907 0.0589114 0)
(-0.0521317 -0.0489931 0)
(-0.0474627 -0.0419083 0)
(-0.0405956 -0.0333 0)
(-0.0322458 -0.024336 0)
(-0.0231514 -0.015506 0)
(-0.0129971 -0.00793637 0)
(-0.000876844 -0.00333963 0)
(0.0143963 -0.00465578 0)
(0.0321155 -0.0177873 0)
(0.0455348 -0.0463709 0)
(0.0492346 -0.0817314 0)
(0.0439132 -0.110824 0)
(0.0325955 -0.129818 0)
(0.0171997 -0.141116 0)
(-0.00174185 -0.146927 0)
(-0.0219729 -0.137857 0)
(-0.0363055 -0.104352 0)
(-0.0437899 -0.0446431 0)
(-0.0318808 0.0314894 0)
(-0.0336143 -0.0512462 0)
(-0.0312084 -0.0458814 0)
(-0.027025 -0.0389343 0)
(-0.0212138 -0.0312335 0)
(-0.0140439 -0.0235279 0)
(-0.00547376 -0.0174626 0)
(0.00483949 -0.0147996 0)
(0.0170689 -0.0178519 0)
(0.0297392 -0.0299374 0)
(0.0382657 -0.0522032 0)
(0.0382992 -0.0791833 0)
(0.0297857 -0.101887 0)
(0.0161616 -0.116644 0)
(-0.000106097 -0.125306 0)
(-0.0191491 -0.128662 0)
(-0.0399194 -0.121544 0)
(-0.0554926 -0.0960983 0)
(-0.0570161 -0.0523422 0)
(-0.0333719 -0.00873113 0)
(-0.0181561 -0.0520179 0)
(-0.0175122 -0.0478706 0)
(-0.0154991 -0.0423549 0)
(-0.0119871 -0.0360537 0)
(-0.00697658 -0.0296975 0)
(-0.000508662 -0.0250067 0)
(0.00729983 -0.02364 0)
(0.0159805 -0.0272303 0)
(0.0239107 -0.0375163 0)
(0.0278809 -0.0543636 0)
(0.0251262 -0.0739824 0)
(0.0156642 -0.0910594 0)
(0.00177804 -0.102854 0)
(-0.0145284 -0.109559 0)
(-0.032479 -0.111198 0)
(-0.050344 -0.105725 0)
(-0.0620723 -0.0902689 0)
(-0.0566599 -0.0679852 0)
(-0.0283716 -0.0502069 0)
(-0.00468697 -0.0515708 0)
(-0.00538691 -0.0483228 0)
(-0.00504824 -0.0439434 0)
(-0.00349149 -0.0389201 0)
(-0.000566201 -0.0338777 0)
(0.0036721 -0.0303341 0)
(0.00885024 -0.0296764 0)
(0.0142151 -0.0330164 0)
(0.0183309 -0.0411604 0)
(0.0190416 -0.0535676 0)
(0.0146169 -0.0677219 0)
(0.00506355 -0.0803525 0)
(-0.00810297 -0.0894643 0)
(-0.0232417 -0.094759 0)
(-0.0390776 -0.0963302 0)
(-0.0533713 -0.0939966 0)
(-0.0605731 -0.0888504 0)
(-0.0517041 -0.0870114 0)
(-0.0241016 -0.0849913 0)
(0.00750344 -0.0501262 0)
(0.00575948 -0.0475923 0)
(0.00485149 -0.0440993 0)
(0.0049003 -0.0401027 0)
(0.00606485 -0.0361912 0)
(0.00827673 -0.0335307 0)
(0.0110922 -0.0331762 0)
(0.0137434 -0.0358959 0)
(0.0150742 -0.0420361 0)
(0.013647 -0.0510104 0)
(0.00840962 -0.0611338 0)
(-0.000594678 -0.0703626 0)
(-0.0123162 -0.0773422 0)
(-0.0254178 -0.0817992 0)
(-0.0385425 -0.0841556 0)
(-0.049636 -0.0855941 0)
(-0.0547856 -0.0896583 0)
(-0.0476804 -0.104487 0)
(-0.0235451 -0.116719 0)
(0.0188432 -0.047915 0)
(0.0163302 -0.0459679 0)
(0.0145064 -0.0431822 0)
(0.0134611 -0.0399945 0)
(0.0132735 -0.0369595 0)
(0.0138454 -0.0349134 0)
(0.0147757 -0.0346354 0)
(0.0154053 -0.0366582 0)
(0.0148586 -0.0411242 0)
(0.0121938 -0.0475298 0)
(0.00680067 -0.0547561 0)
(-0.00122743 -0.0615462 0)
(-0.0111168 -0.0670436 0)
(-0.021787 -0.0711519 0)
(-0.0320376 -0.0745498 0)
(-0.0403373 -0.0791176 0)
(-0.0445582 -0.0897887 0)
(-0.0413261 -0.118234 0)
(-0.0225732 -0.147308 0)
(0.0295175 -0.0451804 0)
(0.0265121 -0.0437154 0)
(0.0240726 -0.041507 0)
(0.0222586 -0.038958 0)
(0.0210929 -0.036556 0)
(0.0204598 -0.0349156 0)
(0.020026 -0.0346044 0)
(0.0192739 -0.0359956 0)
(0.0175703 -0.0391559 0)
(0.0143152 -0.0437154 0)
(0.00918428 -0.0489521 0)
(0.00231737 -0.0541224 0)
(-0.00568527 -0.058749 0)
(-0.0139437 -0.0629233 0)
(-0.0214461 -0.0674566 0)
(-0.0270419 -0.0744266 0)
(-0.0295485 -0.0891471 0)
(-0.0294296 -0.125764 0)
(-0.0171074 -0.173066 0)
(0.0395454 -0.0421565 0)
(0.0362953 -0.0410821 0)
(0.0335018 -0.0393388 0)
(0.0312011 -0.0372869 0)
(0.0293838 -0.0353387 0)
(0.0279357 -0.0339611 0)
(0.0265931 -0.0335748 0)
(0.0249717 -0.0344534 0)
(0.0226307 -0.0366489 0)
(0.0191952 -0.0399339 0)
(0.0145165 -0.043876 0)
(0.00876397 -0.0480646 0)
(0.00242082 -0.0523143 0)
(-0.00379997 -0.0568849 0)
(-0.00906709 -0.0626557 0)
(-0.0125034 -0.0716475 0)
(-0.0130451 -0.0887999 0)
(-0.0150747 -0.12704 0)
(-0.00983894 -0.190388 0)
(0.0488473 -0.0390475 0)
(0.0455589 -0.0382813 0)
(0.0426284 -0.0369032 0)
(0.0400763 -0.0352296 0)
(0.0378782 -0.033606 0)
(0.0359323 -0.0323981 0)
(0.0340372 -0.0319302 0)
(0.0319162 -0.0324199 0)
(0.0292722 -0.033932 0)
(0.0258749 -0.0363624 0)
(0.0216666 -0.0394947 0)
(0.0168191 -0.0431479 0)
(0.0117222 -0.0473454 0)
(0.00692763 -0.0524823 0)
(0.00306185 -0.0594732 0)
(0.000613464 -0.0701687 0)
(0.000680799 -0.0884992 0)
(-0.00202301 -0.124726 0)
(-0.00194682 -0.1973 0)
(0.0572948 -0.0360173 0)
(0.0541293 -0.0354844 0)
(0.0512328 -0.0343833 0)
(0.048616 -0.0329892 0)
(0.0462492 -0.031593 0)
(0.044047 -0.0304908 0)
(0.0418577 -0.0299454 0)
(0.0394845 -0.0301458 0)
(0.0367289 -0.031181 0)
(0.0334502 -0.0330414 0)
(0.0296312 -0.0356663 0)
(0.0254152 -0.0390401 0)
(0.0210955 -0.0433251 0)
(0.0170593 -0.0489938 0)
(0.0137067 -0.0569524 0)
(0.0113218 -0.0688388 0)
(0.0101752 -0.0876677 0)
(0.00733777 -0.121598 0)
(0.004786 -0.194746 0)
(0.0647471 -0.0331881 0)
(0.0618218 -0.0328215 0)
(0.0590866 -0.0319197 0)
(0.0565454 -0.0307217 0)
(0.0541681 -0.0294752 0)
(0.0518838 -0.0284282 0)
(0.0495778 -0.0278048 0)
(0.0471087 -0.0277805 0)
(0.0443404 -0.0284694 0)
(0.0411824 -0.0299314 0)
(0.0376291 -0.032211 0)
(0.0337806 -0.0354054 0)
(0.0298285 -0.0397603 0)
(0.0260049 -0.0457683 0)
(0.0225043 -0.0542749 0)
(0.0193665 -0.0666968 0)
(0.0163984 -0.0856018 0)
(0.0119942 -0.117379 0)
(0.00662938 -0.187743 0)
(0.0710741 -0.0306435 0)
(0.0684676 -0.0303842 0)
(0.0659823 -0.0296139 0)
(0.0636169 -0.0285405 0)
(0.0613415 -0.0273779 0)
(0.0590964 -0.0263403 0)
(0.0567921 -0.0256269 0)
(0.0543226 -0.0254074 0)
(0.0515885 -0.0258168 0)
(0.0485236 -0.0269634 0)
(0.0451171 -0.0289595 0)
(0.0414222 -0.0319702 0)
(0.0375398 -0.0362797 0)
(0.0335728 -0.0423626 0)
(0.0295562 -0.0509696 0)
(0.0253528 -0.0633001 0)
(0.0205718 -0.0815168 0)
(0.0139544 -0.111155 0)
(0.0064406 -0.179545 0)
(0.0761715 -0.0284344 0)
(0.0739301 -0.0282323 0)
(0.0717515 -0.0275351 0)
(0.0696295 -0.0265245 0)
(0.0675333 -0.0253877 0)
(0.06541 -0.0243144 0)
(0.0631855 -0.0234871 0)
(0.0607749 -0.0230729 0)
(0.0580982 -0.0232215 0)
(0.0550975 -0.0240732 0)
(0.0517488 -0.025781 0)
(0.0480636 -0.0285452 0)
(0.0440719 -0.0326589 0)
(0.0397855 -0.038559 0)
(0.0351426 -0.0468952 0)
(0.0299359 -0.0586802 0)
(0.0237893 -0.075783 0)
(0.0159146 -0.103356 0)
(0.00746044 -0.170296 0)
(0.0799685 -0.0265855 0)
(0.0781137 -0.0263996 0)
(0.0762739 -0.0257266 0)
(0.0744374 -0.0247256 0)
(0.0725716 -0.0235627 0)
(0.0706262 -0.0224089 0)
(0.0685351 -0.0214349 0)
(0.0662239 -0.0208055 0)
(0.0636211 -0.0206799 0)
(0.0606684 -0.0212177 0)
(0.0573269 -0.0225942 0)
(0.0535749 -0.0250246 0)
(0.0493923 -0.0287948 0)
(0.0447338 -0.0343007 0)
(0.0394896 -0.0421083 0)
(0.033444 -0.0531023 0)
(0.0262993 -0.0689894 0)
(0.017704 -0.0947626 0)
(0.00859662 -0.15973 0)
(0.0824299 -0.0251028 0)
(0.0809649 -0.024901 0)
(0.0794775 -0.0242122 0)
(0.0779505 -0.0231763 0)
(0.076348 -0.0219417 0)
(0.0746194 -0.0206645 0)
(0.0727011 -0.0195058 0)
(0.0705222 -0.0186282 0)
(0.0680127 -0.0181958 0)
(0.0651101 -0.018379 0)
(0.0617616 -0.0193639 0)
(0.0579211 -0.0213688 0)
(0.0535366 -0.0246661 0)
(0.0485296 -0.0296146 0)
(0.0427691 -0.036719 0)
(0.0360483 -0.0467875 0)
(0.0281312 -0.061461 0)
(0.0189814 -0.0856825 0)
(0.00926623 -0.148074 0)
(0.0835543 -0.0239782 0)
(0.0824692 -0.0237371 0)
(0.0813348 -0.023002 0)
(0.0801285 -0.0218956 0)
(0.0788103 -0.0205508 0)
(0.0773269 -0.0191113 0)
(0.0756134 -0.0177295 0)
(0.0735984 -0.0165652 0)
(0.0712091 -0.0157845 0)
(0.0683767 -0.0155632 0)
(0.0650373 -0.0160919 0)
(0.0611287 -0.0175867 0)
(0.0565803 -0.020305 0)
(0.051298 -0.0245739 0)
(0.0451444 -0.0308524 0)
(0.0379209 -0.0399003 0)
(0.0294206 -0.0533453 0)
(0.0198616 -0.0762575 0)
(0.00978196 -0.135698 0)
(0.0833681 -0.0231946 0)
(0.0826443 -0.0228993 0)
(0.0818546 -0.0220966 0)
(0.0809714 -0.0208934 0)
(0.0799505 -0.0194085 0)
(0.0787348 -0.0177739 0)
(0.0772559 -0.016134 0)
(0.0754384 -0.0146448 0)
(0.0732047 -0.013473 0)
(0.0704788 -0.0127967 0)
(0.0671881 -0.0128087 0)
(0.0632607 -0.0137216 0)
(0.0586187 -0.0157798 0)
(0.0531658 -0.0192853 0)
(0.046772 -0.0246609 0)
(0.0392555 -0.0326276 0)
(0.0304264 -0.0448069 0)
(0.0205673 -0.0665439 0)
(0.0100569 -0.122854 0)
(0.0819192 -0.0227287 0)
(0.0815321 -0.0223722 0)
(0.0810724 -0.02149 0)
(0.0805089 -0.0201738 0)
(0.0797934 -0.0185285 0)
(0.0788648 -0.0166747 0)
(0.0776499 -0.0147485 0)
(0.0760675 -0.0129012 0)
(0.0740332 -0.0112988 0)
(0.0714634 -0.0101216 0)
(0.0682779 -0.00956407 0)
(0.0643998 -0.00983782 0)
(0.0597505 -0.0111793 0)
(0.0542417 -0.0138734 0)
(0.0477633 -0.0183182 0)
(0.0401704 -0.0252029 0)
(0.0313184 -0.0361109 0)
(0.0212773 -0.0564327 0)
(0.0101766 -0.109658 0)
(0.0792691 -0.0225527 0)
(0.0791895 -0.022136 0)
(0.0790404 -0.0211719 0)
(0.0787885 -0.0197368 0)
(0.0783831 -0.017922 0)
(0.0777593 -0.0158356 0)
(0.0768388 -0.0136045 0)
(0.0755339 -0.0113741 0)
(0.0737515 -0.00930905 0)
(0.071399 -0.00759158 0)
(0.0683881 -0.00642027 0)
(0.0646376 -0.00600949 0)
(0.0600713 -0.00659417 0)
(0.0546097 -0.00845159 0)
(0.0481612 -0.0119687 0)
(0.0406162 -0.0178199 0)
(0.031895 -0.0275234 0)
(0.0219211 -0.0459946 0)
(0.0105898 -0.0958905 0)
(0.0754865 -0.0226356 0)
(0.0756811 -0.022167 0)
(0.0758187 -0.0211278 0)
(0.0758659 -0.0195794 0)
(0.0757716 -0.017598 0)
(0.0754686 -0.0152785 0)
(0.0748745 -0.0127363 0)
(0.0738942 -0.0101095 0)
(0.072425 -0.00755957 0)
(0.0703626 -0.0052711 0)
(0.0676082 -0.0034489 0)
(0.064074 -0.00231479 0)
(0.0596837 -0.00210749 0)
(0.0543596 -0.00310026 0)
(0.0480048 -0.00567392 0)
(0.0404993 -0.0105007 0)
(0.0317875 -0.0190364 0)
(0.0219418 -0.0355625 0)
(0.0108056 -0.0817799 0)
(0.0706434 -0.0229427 0)
(0.0710738 -0.0224374 0)
(0.0714684 -0.0213393 0)
(0.0717964 -0.0196943 0)
(0.0720089 -0.017563 0)
(0.0720393 -0.0150248 0)
(0.0718031 -0.0121813 0)
(0.0711991 -0.0091597 0)
(0.0701138 -0.00611611 0)
(0.0684282 -0.00323628 0)
(0.0660284 -0.000733226 0)
(0.0628159 0.00115929 0)
(0.0587119 0.00219568 0)
(0.0536341 0.00211459 0)
(0.0474518 0.00056079 0)
(0.0399671 -0.00311488 0)
(0.0310162 -0.0103124 0)
(0.0205013 -0.0250074 0)
(0.0088486 -0.068768 0)
(0.0648125 -0.0234345 0)
(0.065434 -0.0229138 0)
(0.066048 -0.0217815 0)
(0.0666294 -0.0200682 0)
(0.0671354 -0.0178181 0)
(0.0675043 -0.0150931 0)
(0.0676533 -0.0119774 0)
(0.0674784 -0.00858304 0)
(0.066856 -0.00505556 0)
(0.0656503 -0.00157887 0)
(0.0637255 0.00162484 0)
(0.0609663 0.00430355 0)
(0.0572954 0.00619854 0)
(0.0526367 0.00707602 0)
(0.0468251 0.00665011 0)
(0.0395661 0.00434563 0)
(0.0305538 -0.00117548 0)
(0.0193874 -0.0139248 0)
(0.00716203 -0.0571678 0)
(0.0580699 -0.0240656 0)
(0.058829 -0.0235553 0)
(0.0596137 -0.0224206 0)
(0.0604077 -0.0206779 0)
(0.0611786 -0.0183547 0)
(0.0618754 -0.015494 0)
(0.0624242 -0.0121591 0)
(0.0627248 -0.00844064 0)
(0.0626483 -0.00446587 0)
(0.0620414 -0.000409751 0)
(0.0607385 0.0034979 0)
(0.0585958 0.00697602 0)
(0.0555452 0.00973088 0)
(0.0515528 0.0115665 0)
(0.0464504 0.0123215 0)
(0.0398647 0.0115436 0)
(0.0313761 0.0079568 0)
(0.0206167 -0.00263579 0)
(0.00867338 -0.0457235 0)
(0.0504988 -0.0247833 0)
(0.0513323 -0.0243106 0)
(0.0522247 -0.0232095 0)
(0.0531713 -0.0214837 0)
(0.054155 -0.019146 0)
(0.0551422 -0.0162205 0)
(0.0560779 -0.012747 0)
(0.0568778 -0.00878813 0)
(0.0574198 -0.00444164 0)
(0.0575392 0.000140088 0)
(0.0570332 0.00472865 0)
(0.0557028 0.00900122 0)
(0.0534907 0.0125751 0)
(0.0504612 0.015283 0)
(0.0464899 0.0171638 0)
(0.0411166 0.0179469 0)
(0.0337296 0.0164488 0)
(0.0239703 0.00837315 0)
(0.0119773 -0.0322007 0)
(0.0421983 -0.0255269 0)
(0.0430328 -0.0251171 0)
(0.043954 -0.0240843 0)
(0.04497 -0.022424 0)
(0.0460817 -0.0201377 0)
(0.04728 -0.017234 0)
(0.0485404 -0.0137304 0)
(0.0498122 -0.00965727 0)
(0.0510037 -0.00506969 0)
(0.0519617 -7.32166e-05 0)
(0.0524491 0.00512901 0)
(0.0521645 0.0101796 0)
(0.0510396 0.0144957 0)
(0.0493019 0.017882 0)
(0.0469458 0.0207075 0)
(0.0434019 0.0230007 0)
(0.0377527 0.0238066 0)
(0.0295502 0.0191234 0)
(0.0169428 -0.0145729 0)
(0.0332918 -0.0262299 0)
(0.034048 -0.0259003 0)
(0.0349058 -0.0249625 0)
(0.0358841 -0.0234088 0)
(0.0370017 -0.021236 0)
(0.0382765 -0.0184449 0)
(0.0397232 -0.0150385 0)
(0.0413454 -0.0110191 0)
(0.0431181 -0.00639221 0)
(0.0449487 -0.00118547 0)
(0.0466121 0.00449553 0)
(0.0476516 0.0103124 0)
(0.0479349 0.0152965 0)
(0.0478485 0.0190455 0)
(0.0476576 0.0224602 0)
(0.046699 0.0260866 0)
(0.0437232 0.0294306 0)
(0.0386574 0.0294095 0)
(0.0250581 0.00604562 0)
(0.023937 -0.026823 0)
(0.0245374 -0.0265771 0)
(0.0252348 -0.0257447 0)
(0.0260537 -0.0243191 0)
(0.0270238 -0.0223003 0)
(0.0281838 -0.0196931 0)
(0.0295849 -0.0165017 0)
(0.031293 -0.0127195 0)
(0.0333858 -0.00831655 0)
(0.0359217 -0.00322508 0)
(0.0388101 0.00264873 0)
(0.0414516 0.00916173 0)
(0.0436975 0.0147342 0)
(0.04569 0.0183991 0)
(0.0482285 0.0218389 0)
(0.0506821 0.0264162 0)
(0.051479 0.0324103 0)
(0.0515499 0.0398592 0)
(0.0359531 0.0453886 0)
(0.0143331 -0.0272363 0)
(0.0147124 -0.027063 0)
(0.0151634 -0.0263243 0)
(0.0157068 -0.0250182 0)
(0.0163703 -0.0231534 0)
(0.0171953 -0.0207493 0)
(0.018246 -0.0178314 0)
(0.0196255 -0.014419 0)
(0.0215054 -0.0104987 0)
(0.0241499 -0.00596719 0)
(0.0278044 -0.000520403 0)
(0.0319859 0.00613609 0)
(0.0374045 0.0117056 0)
(0.0424148 0.0144337 0)
(0.0482176 0.0173696 0)
(0.0549508 0.0220264 0)
(0.0614203 0.0289263 0)
(0.0759082 0.0425631 0)
(0.060696 0.0711216 0)
(0.00470538 -0.0274663 0)
(0.00483003 -0.0273339 0)
(0.00498268 -0.0266492 0)
(0.00517154 -0.025416 0)
(0.00540898 -0.0236534 0)
(0.00571544 -0.021401 0)
(0.00612745 -0.0187238 0)
(0.00671525 -0.0157171 0)
(0.00762649 -0.0125086 0)
(0.00917778 -0.00923735 0)
(0.0118942 -0.00587597 0)
(0.0156693 -0.0022787 0)
(0.0244702 0.00143211 0)
(0.0383583 0.00342222 0)
(0.0478954 0.00559493 0)
(0.0584081 0.00872999 0)
(0.0699638 0.0109594 0)
(0.0939727 0.0239994 0)
(0.0957281 0.210388 0)
)
;

boundaryField
{
    leftWall
    {
        type            noSlip;
    }
    rightWall
    {
        type            noSlip;
    }
    lowerWall
    {
        type            noSlip;
    }
    atmosphere
    {
        type            pressureInletOutletVelocity;
        value           nonuniform List<vector> 
46
(
(0.00106529 0.0101324 0)
(0.00276704 0.0120504 0)
(0.00416686 0.0133532 0)
(0.00544606 0.0141334 0)
(0.00661077 0.0144537 0)
(0.00764713 0.0143462 0)
(0.00852707 0.0138234 0)
(0.00921058 0.012894 0)
(0.00964746 0.0115718 0)
(0.00977265 0.00987797 0)
(0.00950327 0.00784128 0)
(0.00880523 0.00544662 0)
(0.00795948 0.00227071 0)
(0 -0.00070144 0)
(0 -0.00344448 0)
(0 -0.00674421 0)
(0 -0.0100503 0)
(0 -0.0131894 0)
(0 -0.0161063 0)
(0 -0.0187711 0)
(0 -0.021155 0)
(0 -0.0232273 0)
(0 -0.0249553 0)
(0 -0.0259421 0)
(0 -0.026468 0)
(0 -0.0268766 0)
(0 -0.0271669 0)
(0 -0.0274663 0)
(0 -0.0273339 0)
(0 -0.0266492 0)
(0 -0.025416 0)
(0 -0.0236534 0)
(0 -0.021401 0)
(0 -0.0187238 0)
(0 -0.0157171 0)
(0 -0.0125086 0)
(0 -0.00923735 0)
(0 -0.00587597 0)
(0 -0.0022787 0)
(0 0.00143211 0)
(0.0383583 0.00342222 0)
(0.0478954 0.00559493 0)
(0.0584081 0.00872999 0)
(0.0699638 0.0109594 0)
(0.0939727 0.0239994 0)
(0.0957281 0.210388 0)
)
;
    }
    defaultFaces
    {
        type            empty;
    }
}


// ************************************************************************* //
