/*--------------------------------*- C++ -*----------------------------------*\
  =========                 |
  \\      /  F ield         | OpenFOAM: The Open Source CFD Toolbox
   \\    /   O peration     | Website:  https://openfoam.org
    \\  /    A nd           | Version:  9
     \\/     M anipulation  |
\*---------------------------------------------------------------------------*/
FoamFile
{
    format      ascii;
    class       surfaceScalarField;
    location    "6.05";
    object      phi;
}
// * * * * * * * * * * * * * * * * * * * * * * * * * * * * * * * * * * * * * //

dimensions      [0 3 -1 0 0 0 0];

internalField   nonuniform List<scalar> 
4432
(
-1.4888e-07
1.4888e-07
-2.37714e-07
8.88303e-08
-3.05559e-07
6.78472e-08
-3.66906e-07
6.13441e-08
-4.23825e-07
5.69178e-08
-4.74266e-07
5.04398e-08
-5.11871e-07
3.76017e-08
-5.31039e-07
1.91659e-08
-5.27554e-07
-3.48704e-09
-5.00924e-07
-2.66325e-08
-4.48709e-07
-5.22161e-08
-3.6106e-07
-8.7651e-08
-2.2097e-07
-1.40091e-07
-1.08443e-08
-2.10126e-07
2.71684e-07
-2.8253e-07
5.71017e-07
-2.99332e-07
6.68624e-07
-9.76066e-08
2.10685e-07
4.57941e-07
-6.03759e-07
8.14447e-07
-1.41447e-06
8.10709e-07
-1.63656e-06
2.221e-07
-9.86382e-07
-6.50181e-07
-9.8638e-07
-1.21065e-07
2.69946e-07
-2.12731e-07
1.80491e-07
-2.88262e-07
1.43378e-07
-3.53165e-07
1.26244e-07
-4.10147e-07
1.13896e-07
-4.57542e-07
9.78313e-08
-4.91836e-07
7.18922e-08
-5.09161e-07
3.64875e-08
-5.07407e-07
-5.24342e-09
-4.86433e-07
-4.76096e-08
-4.44469e-07
-9.41823e-08
-3.75506e-07
-1.56616e-07
-2.69019e-07
-2.46579e-07
-1.15269e-07
-3.63876e-07
7.97394e-08
-4.77539e-07
2.71513e-07
-4.91103e-07
3.32832e-07
-1.58924e-07
4.36395e-08
7.47136e-07
-4.74029e-07
1.33212e-06
-9.46447e-07
1.28313e-06
-1.14765e-06
4.23304e-07
-8.59554e-07
-9.38279e-07
-1.84593e-06
-1.04398e-07
3.74346e-07
-1.96402e-07
2.72491e-07
-2.75726e-07
2.22701e-07
-3.43876e-07
1.94393e-07
-4.02718e-07
1.72737e-07
-4.51165e-07
1.46277e-07
-4.86896e-07
1.07622e-07
-5.06965e-07
5.65564e-08
-5.10275e-07
-1.93451e-09
-4.97224e-07
-6.06609e-08
-4.67078e-07
-1.24329e-07
-4.16532e-07
-2.07161e-07
-3.38639e-07
-3.24474e-07
-2.29833e-07
-4.72681e-07
-9.58061e-08
-6.11567e-07
3.77686e-08
-6.24678e-07
9.8008e-08
-2.19163e-07
-6.78579e-08
9.13003e-07
-3.59428e-07
1.62369e-06
-6.1773e-07
1.54143e-06
-7.75871e-07
5.81444e-07
-6.2164e-07
-1.09251e-06
-2.46758e-06
-9.48817e-08
4.69229e-07
-1.85901e-07
3.63506e-07
-2.67277e-07
3.04078e-07
-3.38897e-07
2.66013e-07
-4.01075e-07
2.34915e-07
-4.52789e-07
1.97993e-07
-4.92169e-07
1.47003e-07
-5.17425e-07
8.18136e-08
-5.27637e-07
8.27966e-09
-5.2371e-07
-6.45862e-08
-5.06552e-07
-1.41487e-07
-4.74453e-07
-2.39259e-07
-4.23909e-07
-3.7502e-07
-3.5356e-07
-5.4303e-07
-2.69121e-07
-6.96009e-07
-1.81747e-07
-7.12053e-07
-1.08509e-07
-2.92403e-07
-1.62777e-07
9.67269e-07
-2.81126e-07
1.74203e-06
-3.86632e-07
1.64693e-06
-4.63102e-07
6.57909e-07
-3.39274e-07
-1.21635e-06
-2.80685e-06
-8.9834e-08
5.59064e-07
-1.796e-07
4.5327e-07
-2.62958e-07
3.87437e-07
-3.38282e-07
3.41338e-07
-4.04937e-07
3.01573e-07
-4.61642e-07
2.54701e-07
-5.06859e-07
1.92224e-07
-5.38997e-07
1.13955e-07
-5.57473e-07
2.67587e-08
-5.64015e-07
-5.80424e-08
-5.6063e-07
-1.44871e-07
-5.47255e-07
-2.52633e-07
-5.21968e-07
-4.00309e-07
-4.85731e-07
-5.79269e-07
-4.45294e-07
-7.3645e-07
-4.07824e-07
-7.49526e-07
-3.40241e-07
-3.5999e-07
-2.64335e-07
8.91359e-07
-2.29618e-07
1.70731e-06
-2.05295e-07
1.62261e-06
-1.42032e-07
5.9464e-07
-3.42712e-08
-1.32411e-06
-2.84112e-06
-8.71467e-08
6.46212e-07
-1.76946e-07
5.43068e-07
-2.62984e-07
4.73477e-07
-3.4287e-07
4.21226e-07
-4.1514e-07
3.73845e-07
-4.7822e-07
3.17783e-07
-5.30794e-07
2.44801e-07
-5.71394e-07
1.54556e-07
-5.99406e-07
5.47721e-08
-6.17256e-07
-4.01912e-08
-6.27878e-07
-1.34249e-07
-6.32428e-07
-2.48083e-07
-6.29816e-07
-4.02923e-07
-6.22157e-07
-5.86928e-07
-6.17414e-07
-7.41196e-07
-6.21186e-07
-7.45755e-07
-5.93247e-07
-3.87932e-07
-4.01751e-07
6.9986e-07
-2.25939e-07
1.53149e-06
-5.348e-08
1.45014e-06
1.55913e-07
3.85245e-07
2.17906e-07
-1.38611e-06
-2.62322e-06
-8.48698e-08
7.31083e-07
-1.77529e-07
6.35727e-07
-2.67638e-07
5.63586e-07
-3.53121e-07
5.06709e-07
-4.31969e-07
4.52691e-07
-5.0251e-07
3.88323e-07
-5.63638e-07
3.05929e-07
-6.13919e-07
2.04835e-07
-6.52451e-07
9.33029e-08
-6.82176e-07
-1.04681e-08
-7.06524e-07
-1.09903e-07
-7.27476e-07
-2.27131e-07
-7.43985e-07
-3.86416e-07
-7.5805e-07
-5.72864e-07
-7.77442e-07
-7.21804e-07
-8.05777e-07
-7.1742e-07
-7.9688e-07
-3.96828e-07
-5.6838e-07
4.71361e-07
-2.67364e-07
1.23048e-06
4.4314e-08
1.13847e-06
3.38032e-07
9.15321e-08
3.56243e-07
-1.40432e-06
-2.26697e-06
-8.76964e-08
8.18781e-07
-1.82606e-07
7.30636e-07
-2.77073e-07
6.58052e-07
-3.68738e-07
5.98373e-07
-4.54825e-07
5.38776e-07
-5.33532e-07
4.67028e-07
-6.03997e-07
3.76392e-07
-6.64869e-07
2.65704e-07
-7.14616e-07
1.43047e-07
-7.56559e-07
3.14728e-08
-7.938e-07
-7.26637e-08
-8.29077e-07
-1.91855e-07
-8.6065e-07
-3.54844e-07
-8.89306e-07
-5.44208e-07
-9.20546e-07
-6.90565e-07
-9.54287e-07
-6.83677e-07
-9.37843e-07
-4.13271e-07
-7.18678e-07
2.52197e-07
-3.37448e-07
8.49252e-07
6.31365e-08
7.37883e-07
3.44409e-07
-1.89735e-07
3.30936e-07
-1.39084e-06
-1.93603e-06
-5.58608e-07
5.58608e-07
3.10948e-07
-8.69563e-07
1.05796e-06
-7.47003e-07
1.53832e-06
-4.80369e-07
1.85525e-06
-3.16928e-07
2.07118e-06
-2.15931e-07
2.32248e-06
-2.51297e-07
2.72806e-06
-4.05566e-07
3.28674e-06
-5.5868e-07
3.51192e-06
-2.25187e-07
2.87298e-06
6.38945e-07
1.74251e-06
1.13047e-06
-1.19811e-07
1.86232e-06
-1.57111e-06
1.45129e-06
-5.99611e-07
-9.71495e-07
7.09965e-07
-1.30958e-06
1.09435e-06
-3.84389e-07
1.10479e-06
-1.04404e-08
1.10479e-06
1.67419e-08
5.4187e-07
5.88164e-07
-1.441e-06
1.00201e-06
-1.16084e-06
1.29706e-06
-7.75429e-07
1.51679e-06
-5.36643e-07
1.71595e-06
-4.15092e-07
1.9382e-06
-4.73537e-07
2.25695e-06
-7.24316e-07
2.62494e-06
-9.26673e-07
2.74992e-06
-3.50171e-07
2.24617e-06
1.1427e-06
1.30745e-06
2.06918e-06
5.72075e-08
3.11256e-06
-7.77263e-07
2.28576e-06
-2.60338e-07
-1.48842e-06
3.98941e-07
-1.96886e-06
5.26696e-07
-5.12148e-07
7.08307e-07
-1.92053e-07
1.81309e-06
5.25211e-07
1.66639e-08
7.45342e-07
-1.66114e-06
9.5385e-07
-1.36934e-06
1.14471e-06
-9.66291e-07
1.30607e-06
-6.98008e-07
1.4526e-06
-5.61618e-07
1.61793e-06
-6.3887e-07
1.8388e-06
-9.45187e-07
2.07608e-06
-1.16395e-06
2.10528e-06
-3.79372e-07
1.64292e-06
1.60507e-06
9.22294e-07
2.7898e-06
2.04674e-07
3.83018e-06
-2.26827e-07
2.71726e-06
3.69976e-08
-1.75225e-06
2.86565e-07
-2.21842e-06
1.58184e-07
-3.83768e-07
2.74271e-07
-3.08139e-07
2.08737e-06
7.26435e-07
-7.09767e-07
7.90109e-07
-1.72483e-06
8.84856e-07
-1.46409e-06
1.00991e-06
-1.09135e-06
1.12466e-06
-8.12761e-07
1.22175e-06
-6.58715e-07
1.31594e-06
-7.33065e-07
1.43299e-06
-1.06223e-06
1.5705e-06
-1.30147e-06
1.56942e-06
-3.78288e-07
1.17562e-06
1.99886e-06
6.70619e-07
3.2948e-06
2.60256e-07
4.24055e-06
2.09693e-07
2.76783e-06
3.01008e-07
-1.84356e-06
2.59246e-07
-2.17666e-06
-1.23436e-07
-1.08446e-09
-1.46e-07
-2.85573e-07
1.94137e-06
6.84866e-07
-1.39463e-06
7.34233e-07
-1.7742e-06
7.89285e-07
-1.51914e-06
8.77017e-07
-1.17909e-06
9.55079e-07
-8.9083e-07
1.00342e-06
-7.07061e-07
1.02698e-06
-7.56625e-07
1.03864e-06
-1.0739e-06
1.05771e-06
-1.32054e-06
1.05074e-06
-3.71319e-07
8.09401e-07
2.24021e-06
4.73263e-07
3.63094e-06
3.41991e-07
4.37183e-06
6.1872e-07
2.4911e-06
5.39609e-07
-1.76445e-06
2.62109e-07
-1.89915e-06
-3.04775e-07
5.65802e-07
-4.73391e-07
-1.16955e-07
1.46798e-06
5.50762e-07
-1.94539e-06
6.23696e-07
-1.84714e-06
6.76871e-07
-1.57231e-06
7.44988e-07
-1.24721e-06
7.95451e-07
-9.41297e-07
8.01106e-07
-7.12718e-07
7.60406e-07
-7.15928e-07
6.72235e-07
-9.85726e-07
5.51899e-07
-1.2002e-06
5.19458e-07
-3.38879e-07
5.04891e-07
2.25478e-06
3.84379e-07
3.75145e-06
5.54797e-07
4.20141e-06
9.93212e-07
2.05269e-06
7.12518e-07
-1.48375e-06
2.64005e-07
-1.45064e-06
-3.27321e-07
1.15713e-06
-6.31866e-07
1.87592e-07
8.36113e-07
3.82792e-07
-2.32817e-06
4.99201e-07
-1.96355e-06
5.61797e-07
-1.6349e-06
6.17039e-07
-1.30244e-06
6.47113e-07
-9.7137e-07
6.21318e-07
-6.86922e-07
5.29664e-07
-6.24273e-07
3.59582e-07
-8.15642e-07
1.29944e-07
-9.70559e-07
5.16391e-08
-2.60574e-07
2.27396e-07
2.07903e-06
4.0535e-07
3.5735e-06
8.20796e-07
3.78597e-06
1.21403e-06
1.65946e-06
7.90906e-07
-1.06063e-06
2.57013e-07
-9.16748e-07
-1.93718e-07
1.60786e-06
-6.10107e-07
6.0398e-07
2.26005e-07
2.54691e-07
-2.58286e-06
4.01593e-07
-2.11045e-06
4.56859e-07
-1.69016e-06
4.95102e-07
-1.34068e-06
5.09425e-07
-9.8569e-07
4.65687e-07
-6.43181e-07
3.45597e-07
-5.04181e-07
1.27988e-07
-5.98031e-07
-1.51985e-07
-6.90584e-07
-2.93337e-07
-1.19221e-07
7.17727e-09
1.77851e-06
4.4725e-07
3.13342e-06
1.04674e-06
3.18647e-06
1.2773e-06
1.4289e-06
7.87373e-07
-5.70703e-07
2.42768e-07
-3.72146e-07
-2.38295e-08
1.87445e-06
-4.00088e-07
9.80237e-07
-1.74084e-07
-1.76408e-07
9.95189e-07
-3.99083e-07
9.5331e-07
-6.26223e-07
8.85191e-07
-8.47164e-07
8.19314e-07
-1.05657e-06
7.48178e-07
-1.25189e-06
6.62355e-07
-1.43405e-06
5.5855e-07
-1.60108e-06
4.32739e-07
-1.74598e-06
2.87953e-07
-1.87309e-06
1.58585e-07
-1.99229e-06
4.65387e-08
-2.10715e-06
-7.69949e-08
-2.2115e-06
-2.50497e-07
-2.30153e-06
-4.54182e-07
-2.37342e-06
-6.1867e-07
-2.41895e-06
-6.3815e-07
-2.32534e-06
-5.06883e-07
-1.85346e-06
-2.1969e-07
-1.0091e-06
4.89e-09
-1.43324e-07
-1.279e-07
3.50094e-07
-6.83156e-07
2.44972e-07
-1.28572e-06
-1.48088e-06
-2.10179e-07
-2.51797e-07
1.24698e-06
-4.98988e-07
1.2005e-06
-7.28858e-07
1.11506e-06
-9.50798e-07
1.04125e-06
-1.183e-06
9.8038e-07
-1.40797e-06
8.87311e-07
-1.61934e-06
7.69924e-07
-1.8247e-06
6.38095e-07
-2.02889e-06
4.9214e-07
-2.21453e-06
3.44224e-07
-2.36829e-06
2.00305e-07
-2.49133e-06
4.60447e-08
-2.60516e-06
-1.3667e-07
-2.71273e-06
-3.46606e-07
-2.79328e-06
-5.38117e-07
-2.78598e-06
-6.45444e-07
-2.60129e-06
-6.91573e-07
-2.10781e-06
-7.1317e-07
-1.34491e-06
-7.58012e-07
-5.92519e-07
-8.8029e-07
-1.36077e-07
-1.1396e-06
-9.30356e-09
-1.41249e-06
-1.55817e-06
6.79946e-08
-4.94338e-07
1.74132e-06
-7.91808e-07
1.49796e-06
-1.1693e-06
1.49254e-06
-1.51443e-06
1.38636e-06
-1.75894e-06
1.22489e-06
-1.95337e-06
1.08173e-06
-2.14723e-06
9.63771e-07
-2.33355e-06
8.24405e-07
-2.55244e-06
7.11019e-07
-2.75235e-06
5.44132e-07
-2.88701e-06
3.3496e-07
-2.95572e-06
1.14743e-07
-3.00974e-06
-8.26433e-08
-3.09703e-06
-2.59317e-07
-3.17329e-06
-4.61853e-07
-3.07867e-06
-7.40061e-07
-2.75708e-06
-1.01315e-06
-2.19893e-06
-1.2713e-06
-1.49399e-06
-1.46294e-06
-7.84335e-07
-1.58993e-06
-2.81458e-07
-1.64245e-06
3.83099e-09
-1.69776e-06
-1.86613e-06
3.11811e-07
4.29832e-07
1.3115e-06
3.19405e-07
1.60839e-06
-1.28812e-06
3.1001e-06
-3.01273e-06
3.111e-06
-2.7299e-06
9.42093e-07
-2.45362e-06
8.05474e-07
-2.59651e-06
1.10669e-06
-2.57258e-06
8.00493e-07
-2.551e-06
6.89458e-07
-2.6206e-06
6.13735e-07
-2.71251e-06
4.26866e-07
-2.76835e-06
1.70587e-07
-2.80392e-06
-4.70795e-08
-2.83959e-06
-2.23655e-07
-2.81045e-06
-4.91015e-07
-2.61788e-06
-9.32648e-07
-1.91176e-06
-1.7193e-06
-1.25991e-06
-1.92319e-06
-1.39536e-06
-1.32752e-06
-8.6004e-07
-2.1253e-06
-1.7962e-07
-2.3229e-06
3.30558e-07
-2.20793e-06
-2.33709e-06
8.01522e-07
-5.29018e-07
1.84054e-06
-6.34082e-07
1.71344e-06
-2.34203e-06
4.80804e-06
-4.12326e-06
4.89221e-06
-4.33536e-06
1.15419e-06
-4.5772e-06
1.04735e-06
-5.04838e-06
1.57789e-06
-4.69361e-06
4.45736e-07
-4.37418e-06
3.70034e-07
-3.86858e-06
1.08112e-07
-3.26104e-06
-1.80692e-07
-2.54878e-06
-5.41704e-07
-1.84928e-06
-7.46595e-07
-1.11581e-06
-9.5714e-07
-3.76054e-07
-1.2308e-06
3.57564e-07
-1.66632e-06
1.42308e-06
-2.7849e-06
2.43564e-06
-2.9358e-06
8.74652e-07
2.33513e-07
-2.82249e-07
-9.68358e-07
-7.5664e-07
-1.84851e-06
-3.80661e-07
-2.58373e-06
-3.2572e-06
5.39932e-07
-1.54331e-06
3.38386e-06
-1.98104e-06
2.15125e-06
1.29272e-06
1.53431e-06
4.88902e-06
1.2959e-06
2.74751e-06
3.29568e-06
-3.76542e-07
4.17138e-06
-2.20504e-06
3.40634e-06
-3.14099e-06
1.38164e-06
-3.80799e-06
1.037e-06
-3.55025e-06
-1.49653e-07
-3.01188e-06
-7.19078e-07
-2.4401e-06
-1.11348e-06
-1.98811e-06
-1.19855e-06
-1.74852e-06
-1.19668e-06
-1.75908e-06
-1.22018e-06
-2.01847e-06
-1.40688e-06
-2.62829e-06
-2.17504e-06
-2.61434e-06
-2.94973e-06
-2.2747e-06
-1.06123e-07
-3.46648e-06
2.2342e-07
-3.97783e-06
-1.33715e-06
-3.04116e-06
-3.52046e-06
-2.55756e-06
-3.74098e-06
4.06015e-07
2.97777e-06
-4.6838e-08
2.6041e-06
9.59458e-07
5.27998e-07
1.872e-06
3.83335e-07
1.58838e-06
3.57926e-06
1.22793e-06
4.53178e-06
7.7982e-07
3.85441e-06
-7.68633e-08
2.23828e-06
-4.32162e-07
1.39226e-06
-8.63105e-07
2.81293e-07
-1.16716e-06
-4.14988e-07
-1.57584e-06
-7.04733e-07
-2.16004e-06
-6.1427e-07
-2.96402e-06
-3.92616e-07
-3.82735e-06
-3.56748e-07
-4.02741e-06
-1.20666e-06
-3.73804e-06
-2.46426e-06
-4.37682e-06
-2.31083e-06
-4.01102e-06
-4.71878e-07
-4.24479e-06
4.57347e-07
-3.60238e-06
-1.97929e-06
-4.15092e-06
-2.97176e-06
-7.35684e-07
-5.97285e-06
6.04559e-07
2.37326e-06
1.06765e-06
2.14106e-06
6.73368e-07
9.22308e-07
-3.72018e-08
1.09392e-06
2.99102e-07
3.24296e-06
8.05062e-07
4.02582e-06
1.09787e-06
3.56158e-06
8.24035e-07
2.51208e-06
5.36105e-07
1.68013e-06
2.60388e-08
7.91296e-07
-5.78359e-07
1.89362e-07
-1.28936e-06
6.24768e-09
-2.0916e-06
1.87985e-07
-2.92279e-06
4.38571e-07
-3.56463e-06
2.85023e-07
-3.57247e-06
-1.19886e-06
-3.74015e-06
-2.2966e-06
-4.22958e-06
-1.82148e-06
-3.97736e-06
-7.24217e-07
-2.93293e-06
-5.87123e-07
-2.90441e-06
-2.0078e-06
-4.26153e-06
-1.61454e-06
-4.49062e-07
-4.54791e-06
4.68863e-07
1.90445e-06
6.79233e-07
1.93073e-06
1.25966e-07
1.47559e-06
-5.25774e-07
1.74569e-06
-2.44775e-07
2.96198e-06
3.05849e-07
3.4752e-06
6.61732e-07
3.20569e-06
6.3897e-07
2.53482e-06
4.3559e-07
1.88348e-06
-5.79555e-09
1.23264e-06
-5.79852e-07
7.63363e-07
-1.22348e-06
6.49817e-07
-1.82064e-06
7.85121e-07
-2.2721e-06
8.9005e-07
-2.48805e-06
5.0094e-07
-2.88028e-06
-8.06719e-07
-3.53801e-06
-1.63894e-06
-3.91808e-06
-1.4415e-06
-3.53256e-06
-1.10988e-06
-2.88609e-06
-1.23374e-06
-3.38654e-06
-1.50754e-06
-3.92349e-06
-1.07788e-06
-6.41398e-07
-3.73145e-06
2.4089e-07
1.66358e-06
2.35639e-07
1.93599e-06
-1.74241e-07
1.88549e-06
-5.98687e-07
2.17017e-06
-4.59513e-07
2.82284e-06
-9.88656e-08
3.11456e-06
1.53175e-07
2.95364e-06
1.78961e-07
2.50901e-06
3.52152e-08
2.0272e-06
-2.90798e-07
1.55861e-06
-7.47333e-07
1.21986e-06
-1.2286e-06
1.13102e-06
-1.60434e-06
1.16078e-06
-1.80436e-06
1.09005e-06
-1.92686e-06
6.23442e-07
-2.43958e-06
-2.94016e-07
-3.11311e-06
-9.65416e-07
-3.4158e-06
-1.13876e-06
-3.32335e-06
-1.20227e-06
-3.27697e-06
-1.28006e-06
-3.59889e-06
-1.18556e-06
-3.79709e-06
-8.79651e-07
-6.87926e-07
-3.75056e-06
6.27318e-08
1.60087e-06
-3.76899e-08
2.03641e-06
-3.29624e-07
2.17744e-06
-5.89712e-07
2.43028e-06
-5.51646e-07
2.7848e-06
-3.72399e-07
2.93533e-06
-2.33279e-07
2.81451e-06
-2.20425e-07
2.49614e-06
-3.28854e-07
2.1356e-06
-5.73452e-07
1.80318e-06
-9.21989e-07
1.56837e-06
-1.26285e-06
1.47186e-06
-1.5031e-06
1.401e-06
-1.63298e-06
1.21989e-06
-1.79363e-06
7.84082e-07
-2.19684e-06
1.0918e-07
-2.68546e-06
-4.76816e-07
-2.97415e-06
-8.50046e-07
-3.11097e-06
-1.06536e-06
-3.26764e-06
-1.12328e-06
-3.4756e-06
-9.77474e-07
-3.61837e-06
-7.36743e-07
-6.28402e-07
-3.67772e-06
-6.27917e-08
1.66366e-06
-1.90295e-07
2.1639e-06
-4.0217e-07
2.38932e-06
-5.73333e-07
2.60146e-06
-5.92057e-07
2.80354e-06
-5.27866e-07
2.87115e-06
-4.77415e-07
2.76406e-06
-4.89124e-07
2.50782e-06
-5.89468e-07
2.23591e-06
-7.84682e-07
1.99837e-06
-1.04299e-06
1.82667e-06
-1.27148e-06
1.70035e-06
-1.43132e-06
1.56084e-06
-1.53946e-06
1.32802e-06
-1.68904e-06
9.3367e-07
-1.98275e-06
4.02905e-07
-2.34327e-06
-1.16303e-07
-2.62043e-06
-5.72859e-07
-2.83001e-06
-8.55701e-07
-3.02051e-06
-9.3268e-07
-3.19908e-06
-7.988e-07
-3.32706e-06
-6.0866e-07
-5.41627e-07
-3.4137e-06
-1.35923e-07
1.79957e-06
-2.7314e-07
2.30112e-06
-4.3491e-07
2.5511e-06
-5.60877e-07
2.72744e-06
-6.05989e-07
2.84866e-06
-6.02856e-07
2.86802e-06
-6.03616e-07
2.76481e-06
-6.48157e-07
2.55234e-06
-7.51877e-07
2.3396e-06
-9.11319e-07
2.15779e-06
-1.08698e-06
2.00233e-06
-1.23579e-06
1.84918e-06
-1.34265e-06
1.66774e-06
-1.42684e-06
1.41225e-06
-1.54498e-06
1.05187e-06
-1.74825e-06
6.06228e-07
-2.00867e-06
1.44156e-07
-2.27441e-06
-3.07075e-07
-2.51566e-06
-6.14389e-07
-2.72303e-06
-7.25211e-07
-2.88466e-06
-6.37091e-07
-2.98291e-06
-5.10341e-07
-4.80551e-07
-3.04394e-06
-1.72819e-07
1.97237e-06
-3.15532e-07
2.44385e-06
-4.52083e-07
2.68767e-06
-5.56199e-07
2.83156e-06
-6.12224e-07
2.9047e-06
-6.38231e-07
2.89402e-06
-6.66599e-07
2.79316e-06
-7.34736e-07
2.62045e-06
-8.35545e-07
2.44037e-06
-9.55889e-07
2.27811e-06
-1.07011e-06
2.11655e-06
-1.16435e-06
1.94343e-06
-1.23338e-06
1.7368e-06
-1.29358e-06
1.47249e-06
-1.37885e-06
1.13717e-06
-1.51723e-06
7.44645e-07
-1.70552e-06
3.3247e-07
-1.94569e-06
-6.68934e-08
-2.18976e-06
-3.70306e-07
-2.40421e-06
-5.10723e-07
-2.55499e-06
-4.8629e-07
-2.62231e-06
-4.43024e-07
-4.51788e-07
-2.65112e-06
-1.89999e-07
2.16237e-06
-3.40214e-07
2.5941e-06
-4.67029e-07
2.81451e-06
-5.61909e-07
2.92646e-06
-6.23143e-07
2.96594e-06
-6.63985e-07
2.93485e-06
-7.07203e-07
2.83635e-06
-7.75142e-07
2.68835e-06
-8.59757e-07
2.52494e-06
-9.4309e-07
2.3614e-06
-1.01714e-06
2.19055e-06
-1.07486e-06
2.00112e-06
-1.11793e-06
1.77986e-06
-1.15935e-06
1.5139e-06
-1.22067e-06
1.19848e-06
-1.32056e-06
8.4452e-07
-1.46506e-06
4.76938e-07
-1.65943e-06
1.27428e-07
-1.88026e-06
-1.49527e-07
-2.08105e-06
-3.09985e-07
-2.20526e-06
-3.62151e-07
-2.26332e-06
-3.85068e-07
-4.3538e-07
-2.27987e-06
-1.99688e-07
2.36208e-06
-3.59461e-07
2.75392e-06
-4.83613e-07
2.9387e-06
-5.75456e-07
3.01834e-06
-6.39507e-07
3.03e-06
-6.87024e-07
2.98237e-06
-7.3319e-07
2.8825e-06
-7.88575e-07
2.74371e-06
-8.49177e-07
2.5855e-06
-9.05036e-07
2.4172e-06
-9.50375e-07
2.23584e-06
-9.83789e-07
2.03448e-06
-1.00922e-06
1.80525e-06
-1.03721e-06
1.54184e-06
-1.08267e-06
1.2439e-06
-1.15907e-06
9.20859e-07
-1.27381e-06
5.9161e-07
-1.42817e-06
2.81691e-07
-1.60382e-06
2.60211e-08
-1.76368e-06
-1.50232e-07
-1.87204e-06
-2.53924e-07
-1.92757e-06
-3.29683e-07
-4.16017e-07
-1.94711e-06
-2.09947e-07
2.57207e-06
-3.75775e-07
2.9198e-06
-5.00156e-07
3.06313e-06
-5.91246e-07
3.10946e-06
-6.56119e-07
3.0949e-06
-7.04227e-07
3.0305e-06
-7.45628e-07
2.92392e-06
-7.86903e-07
2.78498e-06
-8.26586e-07
2.62517e-06
-8.5991e-07
2.4505e-06
-8.84338e-07
2.26022e-06
-9.00655e-07
2.05074e-06
-9.13422e-07
1.81796e-06
-9.31109e-07
1.55947e-06
-9.64448e-07
1.27717e-06
-1.023e-06
9.79343e-07
-1.11199e-06
6.80512e-07
-1.23015e-06
3.99746e-07
-1.36332e-06
1.59078e-07
-1.48637e-06
-2.72934e-08
-1.57631e-06
-1.64098e-07
-1.62947e-06
-2.76652e-07
-3.89978e-07
-1.65564e-06
-2.21189e-07
2.79329e-06
-3.88917e-07
3.08758e-06
-5.13569e-07
3.18782e-06
-6.04164e-07
3.20009e-06
-6.68169e-07
3.15893e-06
-7.13637e-07
3.07599e-06
-7.48123e-07
2.95843e-06
-7.76548e-07
2.81343e-06
-7.99471e-07
2.6481e-06
-8.15503e-07
2.46652e-06
-8.24411e-07
2.2691e-06
-8.28126e-07
2.05442e-06
-8.31086e-07
1.82087e-06
-8.40005e-07
1.56833e-06
-8.62621e-07
1.29973e-06
-9.05493e-07
1.02215e-06
-9.71719e-07
7.46669e-07
-1.05901e-06
4.86966e-07
-1.15704e-06
2.57029e-07
-1.24954e-06
6.51316e-08
-1.32186e-06
-9.18407e-08
-1.37049e-06
-2.28077e-07
-3.59471e-07
-1.40105e-06
-2.29914e-07
3.02324e-06
-3.96772e-07
3.25447e-06
-5.21262e-07
3.31233e-06
-6.10724e-07
3.28957e-06
-6.72595e-07
3.22083e-06
-7.14117e-07
3.11754e-06
-7.41628e-07
2.98597e-06
-7.59524e-07
2.83135e-06
-7.69716e-07
2.65831e-06
-7.72914e-07
2.46973e-06
-7.70337e-07
2.26653e-06
-7.64506e-07
2.04857e-06
-7.59461e-07
1.81581e-06
-7.60472e-07
1.56932e-06
-7.73107e-07
1.31234e-06
-8.01768e-07
1.05079e-06
-8.48141e-07
7.93016e-07
-9.09903e-07
5.48703e-07
-9.79808e-07
3.26914e-07
-1.0474e-06
1.3272e-07
-1.10359e-06
-3.56479e-08
-1.14556e-06
-1.86085e-07
-3.28426e-07
-1.17658e-06
-2.34938e-07
3.25819e-06
-3.99569e-07
3.41911e-06
-5.2235e-07
3.43511e-06
-6.09134e-07
3.37637e-06
-6.67604e-07
3.27931e-06
-7.04577e-07
3.15453e-06
-7.25773e-07
3.00719e-06
-7.35442e-07
2.84105e-06
-7.36284e-07
2.65919e-06
-7.30195e-07
2.46367e-06
-7.19223e-07
2.25558e-06
-7.06111e-07
2.03548e-06
-6.94422e-07
1.80414e-06
-6.88288e-07
1.56321e-06
-6.91735e-07
1.31581e-06
-7.07718e-07
1.0668e-06
-7.3712e-07
8.22443e-07
-7.78008e-07
5.89619e-07
-8.25441e-07
3.74383e-07
-8.7275e-07
1.80077e-07
-9.1429e-07
5.95165e-09
-9.47969e-07
-1.52337e-07
-3.00592e-07
-9.75728e-07
-2.34564e-07
3.49276e-06
-3.98454e-07
3.58298e-06
-5.16557e-07
3.55322e-06
-5.98346e-07
3.45816e-06
-6.51994e-07
3.33297e-06
-6.83993e-07
3.18655e-06
-6.99618e-07
3.02284e-06
-7.0297e-07
2.84444e-06
-6.97101e-07
2.65336e-06
-6.84471e-07
2.45109e-06
-6.67503e-07
2.23866e-06
-6.48917e-07
2.01695e-06
-6.31803e-07
1.78708e-06
-6.19415e-07
1.55087e-06
-6.14707e-07
1.31116e-06
-6.19705e-07
1.07185e-06
-6.34893e-07
8.37694e-07
-6.58829e-07
6.13619e-07
-6.88216e-07
4.0384e-07
-7.18814e-07
2.10753e-07
-7.47052e-07
3.4276e-08
-7.71477e-07
-1.27822e-07
-2.78779e-07
-7.93198e-07
-2.29926e-07
3.72268e-06
-3.92701e-07
3.74574e-06
-5.02513e-07
3.66302e-06
-5.77024e-07
3.53267e-06
-6.24637e-07
3.38059e-06
-6.51414e-07
3.21334e-06
-6.62155e-07
3.0336e-06
-6.60705e-07
2.84302e-06
-6.50143e-07
2.64283e-06
-6.33089e-07
2.43408e-06
-6.12023e-07
2.21765e-06
-5.89494e-07
1.99448e-06
-5.68143e-07
1.76579e-06
-5.50554e-07
1.53335e-06
-5.38938e-07
1.29962e-06
-5.34739e-07
1.06773e-06
-5.38268e-07
8.41298e-07
-5.4853e-07
6.23957e-07
-5.63364e-07
4.18753e-07
-5.80064e-07
2.27538e-07
-5.96342e-07
5.06419e-08
-6.11179e-07
-1.12896e-07
-2.64725e-07
-6.25141e-07
-2.24709e-07
3.94737e-06
-3.78101e-07
3.89911e-06
-4.77375e-07
3.76227e-06
-5.43417e-07
3.59869e-06
-5.84468e-07
3.42163e-06
-6.06108e-07
3.23498e-06
-6.12666e-07
3.04017e-06
-6.0765e-07
2.83801e-06
-5.93968e-07
2.62917e-06
-5.74147e-07
2.41429e-06
-5.50533e-07
2.19408e-06
-5.2541e-07
1.9694e-06
-5.01007e-07
1.74144e-06
-4.79386e-07
1.51179e-06
-4.62239e-07
1.28253e-06
-4.50641e-07
1.0562e-06
-4.44841e-07
8.35566e-07
-4.44197e-07
6.23381e-07
-4.47315e-07
4.21942e-07
-4.52459e-07
2.3276e-07
-4.58134e-07
5.63962e-08
-4.63582e-07
-1.07368e-07
-2.592e-07
-4.69023e-07
-2.12073e-07
4.15943e-06
-3.49658e-07
4.03667e-06
-4.3867e-07
3.85126e-06
-4.96378e-07
3.65638e-06
-5.31015e-07
3.45625e-06
-5.47894e-07
3.25184e-06
-5.50983e-07
3.04325e-06
-5.43444e-07
2.83048e-06
-5.27908e-07
2.61364e-06
-5.06666e-07
2.39306e-06
-4.81811e-07
2.16924e-06
-4.55317e-07
1.94294e-06
-4.29032e-07
1.71519e-06
-4.04605e-07
1.4874e-06
-3.83351e-07
1.26132e-06
-3.66098e-07
1.03899e-06
-3.5308e-07
8.22602e-07
-3.43912e-07
6.14268e-07
-3.37706e-07
4.15796e-07
-3.33341e-07
2.2846e-07
-3.29811e-07
5.29348e-08
-3.26517e-07
-1.10592e-07
-2.62204e-07
-3.23437e-07
-1.87948e-07
4.34736e-06
-3.0923e-07
4.15792e-06
-3.87513e-07
3.92952e-06
-4.36731e-07
3.70557e-06
-4.64972e-07
3.48447e-06
-4.77391e-07
3.26424e-06
-4.7762e-07
3.04346e-06
-4.6843e-07
2.82128e-06
-4.52087e-07
2.5973e-06
-4.30551e-07
2.37153e-06
-4.05595e-07
2.14429e-06
-3.78855e-07
1.91621e-06
-3.51833e-07
1.68819e-06
-3.25832e-07
1.46143e-06
-3.01879e-07
1.2374e-06
-2.8063e-07
1.01778e-06
-2.62307e-07
8.04319e-07
-2.46702e-07
5.98707e-07
-2.33259e-07
4.02402e-07
-2.21247e-07
2.16502e-07
-2.09965e-07
4.17099e-08
-1.98912e-07
-1.21584e-07
-2.73158e-07
-1.87892e-07
-1.60011e-07
4.50736e-06
-2.62704e-07
4.26059e-06
-3.27541e-07
3.99433e-06
-3.66715e-07
3.74472e-06
-3.87907e-07
3.50564e-06
-3.95867e-07
3.27218e-06
-3.93677e-07
3.04126e-06
-3.83561e-07
2.81115e-06
-3.67305e-07
2.58103e-06
-3.46456e-07
2.35067e-06
-3.22419e-07
2.12025e-06
-2.96487e-07
1.89028e-06
-2.69832e-07
1.66154e-06
-2.43463e-07
1.43508e-06
-2.18174e-07
1.21213e-06
-1.94481e-07
9.94114e-07
-1.72593e-07
7.82462e-07
-1.52417e-07
5.78566e-07
-1.3361e-07
3.83636e-07
-1.15692e-07
1.98628e-07
-9.81555e-08
2.42201e-08
-8.05646e-08
-1.39127e-07
-2.91064e-07
-6.26066e-08
-1.31942e-07
4.63929e-06
-2.13335e-07
4.34195e-06
-2.61518e-07
4.04249e-06
-2.88352e-07
3.77153e-06
-3.01467e-07
3.51873e-06
-3.0484e-07
3.27554e-06
-3.00619e-07
3.03702e-06
-2.9024e-07
2.80075e-06
-2.74881e-07
2.56566e-06
-2.5561e-07
2.3314e-06
-2.33436e-07
2.09808e-06
-2.09304e-07
1.86615e-06
-1.84077e-07
1.63632e-06
-1.58504e-07
1.40951e-06
-1.33174e-07
1.18682e-06
-1.08487e-07
9.69446e-07
-8.46261e-08
7.58626e-07
-6.15679e-08
5.55535e-07
-3.91114e-08
3.6121e-07
-1.69373e-08
1.76488e-07
5.32955e-09
1.98823e-09
2.80765e-08
-1.61839e-07
-3.14638e-07
5.16865e-08
-1.04844e-07
4.74412e-06
-1.62816e-07
4.39988e-06
-1.90932e-07
4.07057e-06
-2.02909e-07
3.78348e-06
-2.07003e-07
3.5228e-06
-2.05859e-07
3.27437e-06
-2.00118e-07
3.03126e-06
-1.90174e-07
2.7908e-06
-1.76498e-07
2.55197e-06
-1.5965e-07
2.31454e-06
-1.40232e-07
2.07865e-06
-1.18847e-07
1.84476e-06
-9.60687e-08
1.61354e-06
-7.24019e-08
1.38585e-06
-4.82581e-08
1.16268e-06
-2.39245e-08
9.45126e-07
4.46441e-10
7.34271e-07
2.48408e-08
5.31159e-07
4.93651e-08
3.36707e-07
7.4224e-08
1.51651e-07
9.96974e-08
-2.34626e-08
1.26126e-07
-1.88246e-07
-3.42419e-07
1.53927e-07
-7.92636e-08
4.82336e-06
-1.11947e-07
4.43252e-06
-1.16207e-07
4.0748e-06
-1.10845e-07
3.77809e-06
-1.056e-07
3.51753e-06
-1.00525e-07
3.26928e-06
-9.40223e-08
3.02474e-06
-8.52872e-08
2.78205e-06
-7.40815e-08
2.54075e-06
-6.04703e-08
2.30092e-06
-4.46646e-08
2.06284e-06
-2.69404e-08
1.82703e-06
-7.59111e-09
1.59419e-06
1.31041e-08
1.36515e-06
3.49078e-08
1.14088e-06
5.76346e-08
9.22404e-07
8.11723e-08
7.10741e-07
1.05483e-07
5.06858e-07
1.30609e-07
3.11592e-07
1.56665e-07
1.25607e-07
1.83848e-07
-5.0634e-08
2.12454e-07
-2.16842e-07
-3.72857e-07
2.42901e-07
-5.36659e-08
4.877e-06
-5.90745e-08
4.43788e-06
-3.61072e-08
4.0518e-06
-1.20143e-08
3.75397e-06
1.30511e-09
3.50419e-06
9.23387e-09
3.26133e-06
1.55947e-08
3.01836e-06
2.23481e-08
2.77527e-06
3.03309e-08
2.53275e-06
3.99217e-08
2.29131e-06
5.1282e-08
2.05146e-06
6.44581e-08
1.81384e-06
7.94302e-08
1.57921e-06
9.61402e-08
1.34844e-06
1.14511e-07
1.12251e-06
1.34465e-07
9.02448e-07
1.55932e-07
6.89274e-07
1.78862e-07
4.83929e-07
2.03238e-07
2.87219e-07
2.29098e-07
9.97513e-08
2.5656e-07
-7.80906e-08
2.85861e-07
-2.4614e-07
-4.04394e-07
3.17401e-07
-1.54296e-08
4.8924e-06
1.07876e-08
4.41162e-06
5.43088e-08
4.00824e-06
9.12854e-08
3.71696e-06
1.11472e-07
3.48397e-06
1.20976e-07
3.25179e-06
1.26554e-07
3.01275e-06
1.30707e-07
2.77109e-06
1.3477e-07
2.52867e-06
1.39563e-07
2.28649e-06
1.45641e-07
2.04536e-06
1.53384e-07
1.80608e-06
1.6305e-07
1.56953e-06
1.74797e-07
1.33668e-06
1.88711e-07
1.10859e-06
2.04814e-07
8.86338e-07
2.23082e-07
6.71002e-07
2.43454e-07
4.63554e-07
2.65857e-07
2.64814e-07
2.90244e-07
7.53647e-08
3.16644e-07
-1.04489e-07
3.45228e-07
-2.74722e-07
-4.35523e-07
3.76359e-07
5.06907e-08
4.84168e-06
1.0387e-07
4.3584e-06
1.58681e-07
3.9534e-06
1.98624e-07
3.67699e-06
2.2242e-07
3.46015e-06
2.32988e-07
3.24119e-06
2.37339e-07
3.00837e-06
2.38243e-07
2.77016e-06
2.37576e-07
2.52931e-06
2.36689e-07
2.28735e-06
2.36578e-07
2.04545e-06
2.37977e-07
1.80466e-06
2.41416e-07
1.56607e-06
2.47265e-07
1.33081e-06
2.55761e-07
1.10008e-06
2.67026e-07
8.75065e-07
2.81077e-07
6.56944e-07
2.97842e-07
4.46785e-07
3.17185e-07
2.45468e-07
3.38959e-07
5.35906e-08
3.63086e-07
-1.28613e-07
3.89651e-07
-3.01283e-07
-4.64843e-07
4.18976e-07
1.39702e-07
4.70196e-06
2.20839e-07
4.27722e-06
2.79299e-07
3.8949e-06
3.15701e-07
3.64055e-06
3.36524e-07
3.43929e-06
3.46531e-07
3.23115e-06
3.48102e-07
3.00677e-06
3.44294e-07
2.77394e-06
3.37565e-07
2.53601e-06
3.29812e-07
2.29508e-06
3.22455e-07
2.05279e-06
3.16547e-07
1.81055e-06
3.12852e-07
1.56975e-06
3.11918e-07
1.33173e-06
3.14111e-07
1.09787e-06
3.19644e-07
8.69524e-07
3.28576e-07
6.48007e-07
3.40821e-07
4.34537e-07
3.56171e-07
2.30118e-07
3.74354e-07
3.54095e-08
3.9515e-07
-1.49404e-07
4.1854e-07
-3.24666e-07
-4.911e-07
4.44805e-07
2.37656e-07
4.46428e-06
3.56767e-07
4.15807e-06
4.16058e-07
3.83558e-06
4.4484e-07
3.61174e-06
4.59755e-07
3.42434e-06
4.64663e-07
3.22621e-06
4.59841e-07
3.01156e-06
4.48559e-07
2.78519e-06
4.33709e-07
2.55083e-06
4.17549e-07
2.31122e-06
4.01762e-07
2.06855e-06
3.8758e-07
1.82471e-06
3.75905e-07
1.58141e-06
3.67391e-07
1.34024e-06
3.625e-07
1.10276e-06
3.61517e-07
8.70502e-07
3.64547e-07
6.44975e-07
3.71499e-07
4.27585e-07
3.82086e-07
2.19533e-07
3.95881e-07
2.16197e-08
4.12468e-07
-1.65983e-07
4.31695e-07
-3.43884e-07
-5.13212e-07
4.53818e-07
3.36555e-07
4.1277e-06
5.01266e-07
3.99332e-06
5.67659e-07
3.76915e-06
5.9009e-07
3.58927e-06
5.95481e-07
3.41892e-06
5.88624e-07
3.23304e-06
5.72261e-07
3.02789e-06
5.49897e-07
2.80752e-06
5.24502e-07
2.5762e-06
4.98322e-07
2.33737e-06
4.73e-07
2.09385e-06
4.49731e-07
1.84797e-06
4.29399e-07
1.60173e-06
4.12673e-07
1.35695e-06
4.00056e-07
1.11537e-06
3.91895e-07
8.78661e-07
3.88357e-07
6.48514e-07
3.8937e-07
4.26574e-07
3.94585e-07
2.14322e-07
4.03386e-07
1.28253e-08
4.15081e-07
-1.7767e-07
4.29341e-07
-3.58132e-07
-5.30289e-07
4.46428e-07
4.49693e-07
3.67799e-06
6.5962e-07
3.78336e-06
7.37179e-07
3.69156e-06
7.51867e-07
3.57455e-06
7.39978e-07
3.43078e-06
7.14794e-07
3.25819e-06
6.82028e-07
3.06063e-06
6.45395e-07
2.84413e-06
6.07505e-07
2.61407e-06
5.70164e-07
2.3747e-06
5.3464e-07
2.12936e-06
5.01853e-07
1.88074e-06
4.72512e-07
1.63106e-06
4.47198e-07
1.38226e-06
4.26405e-07
1.13616e-06
4.10538e-07
8.94527e-07
3.99857e-07
6.59197e-07
3.94378e-07
4.32056e-07
3.93744e-07
2.14961e-07
3.97136e-07
9.44035e-09
4.03453e-07
-1.83978e-07
4.12115e-07
-3.66785e-07
-5.41638e-07
4.23473e-07
6.04885e-07
3.07308e-06
8.5678e-07
3.53142e-06
9.27376e-07
3.62093e-06
9.20325e-07
3.58157e-06
8.83284e-07
3.46779e-06
8.3501e-07
3.30644e-06
7.82946e-07
3.11267e-06
7.30523e-07
2.89653e-06
6.79504e-07
2.66507e-06
6.30878e-07
2.42331e-06
5.85269e-07
2.17496e-06
5.43144e-07
1.92286e-06
5.0491e-07
1.66928e-06
4.70983e-07
1.41618e-06
4.41807e-07
1.16533e-06
4.17841e-07
9.18494e-07
3.99494e-07
6.77546e-07
3.8698e-07
4.44573e-07
3.80074e-07
2.21872e-07
3.77797e-07
1.17228e-08
3.78424e-07
-1.84599e-07
3.81013e-07
-3.69366e-07
-5.4678e-07
3.86161e-07
8.22007e-07
2.25105e-06
1.0985e-06
3.25488e-06
1.1306e-06
3.5888e-06
1.0832e-06
3.62894e-06
1.01308e-06
3.53788e-06
9.39156e-07
3.38034e-06
8.67609e-07
3.18419e-06
8.00202e-07
2.96392e-06
7.3721e-07
2.72804e-06
6.78499e-07
2.482e-06
6.23906e-07
2.22954e-06
5.73358e-07
1.9734e-06
5.26912e-07
1.71572e-06
4.84773e-07
1.45832e-06
4.47298e-07
1.20281e-06
4.1499e-07
9.50803e-07
3.8845e-07
7.04087e-07
3.68238e-07
4.64786e-07
3.54523e-07
2.3559e-07
3.46379e-07
1.98703e-08
3.4111e-07
-1.79326e-07
3.37259e-07
-3.65511e-07
-5.4549e-07
3.35971e-07
1.1205e-06
1.13053e-06
1.37506e-06
3.00029e-06
1.32593e-06
3.6379e-06
1.22105e-06
3.73378e-06
1.11414e-06
3.64477e-06
1.01641e-06
3.47804e-06
9.28891e-07
3.27169e-06
8.50052e-07
3.04274e-06
7.78169e-07
2.79991e-06
7.11909e-07
2.54825e-06
6.50375e-07
2.29106e-06
5.93028e-07
2.03074e-06
5.39617e-07
1.76913e-06
4.90135e-07
1.5078e-06
4.4481e-07
1.24813e-06
4.04129e-07
9.91484e-07
3.68853e-07
7.39363e-07
3.39997e-07
4.93643e-07
3.18525e-07
2.57062e-07
3.04165e-07
3.42315e-08
2.92732e-07
-1.67891e-07
2.82122e-07
-3.549e-07
-5.37905e-07
2.74537e-07
1.42567e-06
-2.95164e-07
1.63451e-06
2.79142e-06
1.47266e-06
3.79973e-06
1.30678e-06
3.89963e-06
1.17008e-06
3.78146e-06
1.05768e-06
3.59042e-06
9.62171e-07
3.36719e-06
8.78054e-07
3.12685e-06
8.01858e-07
2.8761e-06
7.31483e-07
2.61862e-06
6.65655e-07
2.35688e-06
6.03616e-07
2.09277e-06
5.44942e-07
1.8278e-06
4.89452e-07
1.56329e-06
4.372e-07
1.30038e-06
3.88508e-07
1.04018e-06
3.44086e-07
7.83785e-07
3.05254e-07
5.32475e-07
2.74194e-07
2.88123e-07
2.52651e-07
5.57744e-08
2.34423e-07
-1.49663e-07
2.16699e-07
-3.37177e-07
-5.24819e-07
2.03611e-07
1.54545e-06
-1.84063e-06
1.87701e-06
2.45985e-06
1.55051e-06
4.12621e-06
1.32327e-06
4.12686e-06
1.17445e-06
3.93027e-06
1.06291e-06
3.70196e-06
9.69866e-07
3.46022e-06
8.87213e-07
3.20949e-06
8.11211e-07
2.95209e-06
7.39945e-07
2.68988e-06
6.72335e-07
2.42449e-06
6.07724e-07
2.15738e-06
5.45687e-07
1.88984e-06
4.85938e-07
1.62303e-06
4.283e-07
1.35802e-06
3.72741e-07
1.09573e-06
3.19481e-07
8.37045e-07
2.69339e-07
5.82616e-07
2.25112e-07
3.3235e-07
1.92691e-07
8.81956e-08
1.6596e-07
-1.22931e-07
1.41096e-07
-3.12313e-07
-5.09051e-07
1.25326e-07
8.74381e-07
1.53164e-06
1.41806e-06
1.26308e-06
1.14736e-06
1.05206e-06
9.67018e-07
8.88219e-07
8.1386e-07
7.42959e-07
6.74892e-07
6.09218e-07
5.45572e-07
4.83605e-07
4.22931e-07
3.6311e-07
3.03626e-07
2.43579e-07
1.81155e-07
1.20933e-07
7.5783e-08
5.29846e-08
4.22548e-08
1.95843e-07
-4.0602e-07
5.92867e-07
-3.97022e-07
1.0002e-06
-4.07333e-07
-4.67119e-07
1.46731e-06
3.15162e-07
-6.53188e-07
5.62262e-07
-6.44125e-07
8.0594e-07
-6.51017e-07
-6.76446e-07
1.01526e-06
5.86792e-07
-9.28146e-07
8.50841e-07
-9.08152e-07
1.07185e-06
-8.72019e-07
-8.26394e-07
1.2218e-06
1.01547e-06
-1.14217e-06
1.18188e-06
-1.07468e-06
1.06106e-06
-7.5134e-07
-6.88185e-07
9.2278e-07
2.70638e-07
-8.7266e-07
-2.68989e-07
-5.35095e-07
-1.09118e-06
7.07862e-08
3.85478e-08
-1.8179e-06
-4.50688e-06
-1.06846e-07
-4.72294e-06
-3.19005e-07
-4.41069e-06
-2.41272e-07
-3.21247e-07
-4.05064e-06
-5.90317e-06
-1.76768e-07
-5.22681e-06
-9.9542e-07
-4.28047e-06
-1.18756e-06
-1.02398e-06
-3.57769e-06
-4.15795e-06
-5.6658e-07
-4.06809e-06
-1.08519e-06
-3.93879e-06
-1.31679e-06
-1.14267e-06
-3.82009e-06
-3.72745e-06
-5.70646e-07
-4.01491e-06
-7.97754e-07
-4.39925e-06
-9.32409e-07
-9.40571e-07
-4.6013e-06
-3.85762e-06
-4.63571e-07
-4.08259e-06
-5.72753e-07
-4.3589e-06
-6.56049e-07
-7.00168e-07
-4.59923e-06
-3.77841e-06
-3.62739e-07
-3.93281e-06
-4.18251e-07
-4.11521e-06
-4.73539e-07
-5.24308e-07
-4.291e-06
-3.4857e-06
-2.90644e-07
-3.57951e-06
-3.24374e-07
-3.68631e-06
-3.66662e-07
-4.17322e-07
-3.79325e-06
-3.08039e-06
-2.54186e-07
-3.12262e-06
-2.82147e-07
-3.16823e-06
-3.21052e-07
-3.71991e-07
-3.21357e-06
-2.66198e-06
-2.43407e-07
-2.67208e-06
-2.72115e-07
-2.68176e-06
-3.11436e-07
-3.62307e-07
-2.6915e-06
-2.28181e-06
-2.41613e-07
-2.28163e-06
-2.72397e-07
-2.28115e-06
-3.12002e-07
-3.60886e-07
-2.28264e-06
-1.9506e-06
-2.38259e-07
-1.95248e-06
-2.70621e-07
-1.95509e-06
-3.09475e-07
-3.54964e-07
-1.96107e-06
-1.66374e-06
-2.30249e-07
-1.67105e-06
-2.63369e-07
-1.67975e-06
-3.00827e-07
-3.426e-07
-1.69214e-06
-1.41285e-06
-2.1846e-07
-1.42454e-06
-2.51701e-07
-1.43779e-06
-2.87583e-07
-3.26045e-07
-1.45434e-06
-1.18992e-06
-2.05085e-07
-1.20356e-06
-2.3804e-07
-1.21869e-06
-2.72426e-07
-3.08189e-07
-1.23651e-06
-9.88451e-07
-1.92295e-07
-1.0017e-06
-2.24746e-07
-1.01625e-06
-2.57825e-07
-2.91488e-07
-1.03291e-06
-8.03629e-07
-1.81789e-07
-8.14654e-07
-2.13668e-07
-8.26758e-07
-2.45668e-07
-2.77758e-07
-8.40441e-07
-6.3216e-07
-1.74696e-07
-6.39731e-07
-2.06043e-07
-6.48136e-07
-2.3721e-07
-2.68174e-07
-6.57672e-07
-4.72036e-07
-1.71614e-07
-4.75482e-07
-2.02544e-07
-4.79516e-07
-2.33124e-07
-2.63337e-07
-4.84307e-07
-3.22288e-07
-1.72701e-07
-3.2141e-07
-2.03374e-07
-3.20883e-07
-2.33604e-07
-2.63379e-07
-3.20799e-07
-1.82768e-07
-1.77774e-07
-1.77734e-07
-2.08367e-07
-1.7283e-07
-2.38467e-07
-2.68068e-07
-1.68107e-07
-5.39473e-08
-1.86394e-07
-4.51964e-08
-2.17088e-07
-3.63759e-08
-2.47258e-07
-2.76904e-07
-2.75149e-08
6.32696e-08
-1.97953e-07
7.51139e-08
-2.28913e-07
8.72036e-08
-2.59329e-07
-2.89204e-07
9.95198e-08
1.67717e-07
-2.11731e-07
1.81917e-07
-2.43104e-07
1.96513e-07
-2.73916e-07
-3.04174e-07
2.11492e-07
2.58131e-07
-2.26957e-07
2.73894e-07
-2.58863e-07
2.90177e-07
-2.90195e-07
-3.20965e-07
3.06973e-07
3.33293e-07
-2.42848e-07
3.49816e-07
-2.75384e-07
3.66962e-07
-3.07339e-07
-3.38727e-07
3.84727e-07
3.92165e-07
-2.58652e-07
4.08673e-07
-2.91891e-07
4.25886e-07
-3.24549e-07
-3.56643e-07
4.43806e-07
4.33998e-07
-2.73669e-07
4.49775e-07
-3.07664e-07
4.66319e-07
-3.41088e-07
-3.73963e-07
4.83644e-07
4.5842e-07
-2.87277e-07
4.72826e-07
-3.22065e-07
4.88049e-07
-3.56305e-07
-3.90022e-07
5.04115e-07
4.65492e-07
-2.98943e-07
4.77983e-07
-3.3455e-07
4.91333e-07
-3.69648e-07
-4.04263e-07
5.0558e-07
4.55728e-07
-3.08235e-07
4.65868e-07
-3.44684e-07
4.76906e-07
-3.8068e-07
-4.16248e-07
4.88896e-07
4.30077e-07
-3.14833e-07
4.37551e-07
-3.52154e-07
4.45971e-07
-3.89096e-07
-4.25677e-07
4.55404e-07
3.89876e-07
-3.18545e-07
3.94516e-07
-3.56792e-07
4.0017e-07
-3.94747e-07
-4.32414e-07
4.06909e-07
3.36772e-07
-3.19346e-07
3.386e-07
-3.5862e-07
3.41542e-07
-3.97689e-07
-4.36528e-07
3.45655e-07
2.72655e-07
-3.17466e-07
2.71966e-07
-3.57933e-07
2.72521e-07
-3.98244e-07
-4.3834e-07
2.74332e-07
1.99677e-07
-3.13534e-07
1.97166e-07
-3.55424e-07
1.9602e-07
-3.971e-07
-4.38476e-07
1.96155e-07
1.20581e-07
-3.08791e-07
1.17432e-07
-3.52276e-07
1.15643e-07
-3.95312e-07
-4.37837e-07
1.15003e-07
3.94377e-08
3.763e-08
3.65905e-08
3.61308e-08
8.95268e-07
-2.01082e-06
7.06323e-07
-1.92152e-06
6.78744e-07
-1.66259e-06
6.55144e-07
-1.31709e-06
6.24139e-07
-9.54689e-07
5.3901e-07
-5.58055e-07
2.98064e-07
-2.63237e-07
-1.62591e-07
-1.37377e-07
-7.70911e-07
-8.2265e-08
-1.02824e-06
1.38112e-07
-2.99079e-07
1.04935e-06
1.01133e-06
1.82301e-06
2.32626e-06
1.87155e-06
2.54444e-06
1.21071e-06
1.47488e-06
4.98859e-07
4.84518e-07
6.18215e-07
5.89156e-07
1.76982e-06
2.95088e-07
1.27431e-06
1.21004e-07
8.16184e-07
-1.81173e-06
5.69431e-07
-1.67476e-06
3.60248e-07
-1.4534e-06
1.91762e-07
-1.1486e-06
7.91895e-08
-8.42117e-07
5.04572e-08
-5.29323e-07
2.42286e-08
-2.37009e-07
-1.13689e-07
5.38621e-10
-3.75281e-07
1.79326e-07
-5.04355e-07
2.67183e-07
-3.87906e-08
5.83779e-07
8.94463e-07
8.89755e-07
1.76523e-06
1.00078e-06
1.92945e-06
1.04649e-06
1.29051e-06
1.1378e-06
7.11066e-07
1.19766e-06
1.10829e-06
1.37259e-06
1.09691e-06
1.28569e-06
1.21791e-06
1.02986e-06
-1.61978e-06
6.4757e-07
-1.29245e-06
2.34585e-07
-1.0404e-06
-5.0913e-08
-8.6309e-07
-1.93269e-07
-6.99751e-07
-1.58631e-07
-5.63952e-07
1.3414e-08
-4.09049e-07
2.25714e-07
-2.1176e-07
3.46681e-07
5.83579e-08
2.75249e-07
3.38612e-07
5.15234e-07
3.43786e-07
1.11491e-06
2.90074e-07
1.67609e-06
4.39585e-07
1.88796e-06
8.34597e-07
1.75196e-06
1.27379e-06
1.44674e-06
1.50286e-06
1.77104e-06
1.04828e-06
1.23023e-06
1.8265e-06
2.44814e-06
8.14246e-07
-1.51123e-06
4.28299e-07
-9.06424e-07
-1.78467e-07
-4.33601e-07
-6.41809e-07
-3.99797e-07
-4.80919e-07
-8.60658e-07
-2.26645e-07
-8.18205e-07
-1.0704e-07
-5.28631e-07
1.07041e-07
-4.25831e-07
2.36359e-07
-7.09587e-08
3.18812e-07
2.5616e-07
6.35889e-07
2.67148e-08
1.08342e-06
-1.57445e-07
1.51174e-06
1.12783e-08
1.41105e-06
9.35309e-07
1.35485e-06
1.33001e-06
1.41158e-06
1.44615e-06
1.29897e-06
1.16088e-06
1.49094e-06
1.63453e-06
3.93908e-06
-2.17428e-06
-1.15493e-06
-2.31591e-06
-7.6489e-07
-3.29482e-06
5.45207e-07
-4.01674e-06
3.2208e-07
-2.43503e-06
-2.44235e-06
-4.89867e-07
-2.76333e-06
5.44297e-07
-1.56277e-06
1.48856e-06
-1.37009e-06
2.37027e-06
-9.5267e-07
3.11099e-06
-4.84574e-07
3.55364e-06
-4.1592e-07
3.3654e-06
3.08089e-08
2.51412e-06
8.62565e-07
1.07436e-06
2.37508e-06
6.41313e-07
1.76306e-06
5.11792e-07
1.57567e-06
1.79857e-07
1.49282e-06
2.27138e-07
1.58724e-06
4.16624e-06
-3.18823e-06
-2.0172e-06
-2.10902e-06
-1.84416e-06
-9.93674e-07
-5.70217e-07
-1.6451e-07
-5.07081e-07
-7.0317e-08
-2.53649e-06
-2.84703e-07
-2.5489e-06
-8.73986e-08
-1.76007e-06
4.5026e-07
-1.90777e-06
1.28102e-06
-1.78347e-06
2.12903e-06
-1.33261e-06
2.82541e-06
-1.11232e-06
2.74709e-06
1.09117e-07
2.13227e-06
1.4774e-06
1.91374e-06
2.59362e-06
1.48549e-06
2.19131e-06
6.93555e-07
2.36761e-06
-4.00826e-07
2.58721e-06
-2.52121e-07
1.43854e-06
3.91413e-06
-3.25451e-06
-2.34034e-06
-2.71966e-06
-2.37899e-06
-1.60183e-06
-1.68803e-06
-2.85546e-08
-2.08031e-06
-1.55778e-07
-2.40921e-06
-1.70188e-06
-1.00276e-06
-2.3641e-06
-1.09787e-06
-2.33596e-06
-1.93598e-06
-1.64618e-06
-2.47332e-06
-5.12837e-07
-2.46603e-06
5.87201e-07
-2.21242e-06
1.7356e-06
-1.03932e-06
2.3134e-06
8.99594e-07
2.68904e-06
2.218e-06
2.52147e-06
2.3589e-06
1.64778e-06
3.24133e-06
6.81865e-07
3.55315e-06
1.80061e-07
1.94037e-06
4.09419e-06
-3.94617e-06
-2.21434e-06
-4.06985e-06
-2.25534e-06
-3.59542e-06
-2.16243e-06
-3.2143e-06
-2.46137e-06
-4.00796e-06
-1.61548e-06
-4.37374e-06
-6.36939e-07
-4.50855e-06
-9.63083e-07
-4.10014e-06
-2.34443e-06
-3.25015e-06
-3.32335e-06
-2.24401e-06
-3.47218e-06
-1.00443e-06
-3.45199e-06
5.19295e-07
-2.56303e-06
1.64443e-06
-2.2551e-07
2.63112e-06
1.23134e-06
2.89087e-06
2.09919e-06
2.92077e-06
3.21145e-06
2.49258e-06
3.98135e-06
8.74807e-07
3.55816e-06
4.969e-06
-4.75097e-06
-2.06468e-06
-4.81474e-06
-2.19153e-06
-4.68637e-06
-2.29073e-06
-4.98087e-06
-2.16681e-06
-5.26432e-06
-1.33199e-06
-5.27943e-06
-6.21832e-07
-4.89841e-06
-1.34413e-06
-4.18283e-06
-3.06006e-06
-3.6359e-06
-3.87032e-06
-3.22731e-06
-3.88079e-06
-2.51174e-06
-4.16755e-06
-1.38968e-06
-3.68507e-06
-1.4003e-07
-1.47515e-06
1.17652e-06
-8.51909e-08
2.00761e-06
1.26812e-06
2.4775e-06
2.74156e-06
2.42765e-06
4.03119e-06
1.30209e-06
4.68372e-06
6.27109e-06
-4.90799e-06
-1.75587e-06
-5.00674e-06
-2.0927e-06
-4.9609e-06
-2.3365e-06
-5.03197e-06
-2.0957e-06
-5.06583e-06
-1.29814e-06
-4.82845e-06
-8.59247e-07
-4.21841e-06
-1.95424e-06
-3.74211e-06
-3.53641e-06
-3.76656e-06
-3.84592e-06
-3.87508e-06
-3.77229e-06
-3.79261e-06
-4.25001e-06
-3.41899e-06
-4.05867e-06
-2.39012e-06
-2.504e-06
-1.14854e-06
-1.32677e-06
-9.72772e-09
1.29312e-07
8.61157e-07
1.87068e-06
1.21273e-06
3.67961e-06
8.34165e-07
5.06228e-06
7.10525e-06
-4.60424e-06
-1.44256e-06
-4.69816e-06
-1.99872e-06
-4.64982e-06
-2.38481e-06
-4.5366e-06
-2.20894e-06
-4.29159e-06
-1.54319e-06
-3.8888e-06
-1.26209e-06
-3.49025e-06
-2.35284e-06
-3.61885e-06
-3.40785e-06
-4.01322e-06
-3.45157e-06
-4.24927e-06
-3.53624e-06
-4.47403e-06
-4.02525e-06
-4.62962e-06
-3.90304e-06
-4.20719e-06
-2.92641e-06
-3.57509e-06
-1.95886e-06
-2.60252e-06
-8.43258e-07
-1.49934e-06
7.67506e-07
-7.15555e-07
2.89582e-06
-2.50316e-07
4.59703e-06
6.85493e-06
-4.0105e-06
-1.22528e-06
-4.11147e-06
-1.89775e-06
-4.11658e-06
-2.37973e-06
-3.98707e-06
-2.3385e-06
-3.64543e-06
-1.8849e-06
-3.23165e-06
-1.67594e-06
-3.23931e-06
-2.34524e-06
-3.69835e-06
-2.94884e-06
-4.08558e-06
-3.06436e-06
-4.33183e-06
-3.28999e-06
-4.65187e-06
-3.7052e-06
-5.08382e-06
-3.47108e-06
-5.25936e-06
-2.75084e-06
-5.25805e-06
-1.96015e-06
-4.94044e-06
-1.16087e-06
-4.08331e-06
-8.96139e-08
-2.78277e-06
1.59528e-06
-1.43916e-06
3.25341e-06
5.41577e-06
-3.30704e-06
-1.13184e-06
-3.46019e-06
-1.74467e-06
-3.55875e-06
-2.28125e-06
-3.51628e-06
-2.38106e-06
-3.3438e-06
-2.05745e-06
-3.10873e-06
-1.91108e-06
-3.25206e-06
-2.20196e-06
-3.6109e-06
-2.59003e-06
-3.91961e-06
-2.75566e-06
-4.22174e-06
-2.98785e-06
-4.71484e-06
-3.21209e-06
-5.23104e-06
-2.95487e-06
-5.60076e-06
-2.3811e-06
-5.87141e-06
-1.68949e-06
-5.99018e-06
-1.0421e-06
-5.53939e-06
-5.40407e-07
-4.17543e-06
2.31322e-07
-2.33295e-06
1.41092e-06
3.08282e-06
-2.72004e-06
-1.10337e-06
-2.86113e-06
-1.60367e-06
-3.05208e-06
-2.09039e-06
-3.16839e-06
-2.26483e-06
-3.16835e-06
-2.05754e-06
-3.11713e-06
-1.96235e-06
-3.21045e-06
-2.10867e-06
-3.47182e-06
-2.32869e-06
-3.74906e-06
-2.47843e-06
-4.10417e-06
-2.63274e-06
-4.60127e-06
-2.71498e-06
-5.06106e-06
-2.49508e-06
-5.4105e-06
-2.03164e-06
-5.62219e-06
-1.47779e-06
-5.67431e-06
-9.89964e-07
-5.34713e-06
-8.67584e-07
-4.30106e-06
-8.14749e-07
-2.50165e-06
-3.88487e-07
5.81171e-07
-2.30883e-06
-1.07726e-06
-2.42297e-06
-1.48963e-06
-2.64291e-06
-1.87051e-06
-2.86675e-06
-2.04105e-06
-2.94331e-06
-1.98102e-06
-2.97688e-06
-1.9288e-06
-3.08867e-06
-1.99689e-06
-3.29815e-06
-2.11922e-06
-3.55704e-06
-2.21953e-06
-3.88668e-06
-2.30309e-06
-4.29238e-06
-2.30926e-06
-4.66241e-06
-2.12504e-06
-4.90766e-06
-1.78637e-06
-4.97853e-06
-1.40691e-06
-4.82056e-06
-1.14792e-06
-4.45849e-06
-1.22965e-06
-3.66165e-06
-1.61158e-06
-2.18145e-06
-1.86869e-06
-1.60027e-06
-2.00128e-06
-1.03712e-06
-2.1209e-06
-1.37006e-06
-2.32041e-06
-1.67105e-06
-2.52767e-06
-1.83381e-06
-2.66085e-06
-1.84785e-06
-2.75397e-06
-1.83568e-06
-2.88102e-06
-1.86983e-06
-3.06601e-06
-1.93421e-06
-3.29524e-06
-1.99028e-06
-3.5739e-06
-2.02441e-06
-3.88681e-06
-1.99633e-06
-4.15608e-06
-1.85575e-06
-4.30767e-06
-1.63476e-06
-4.28828e-06
-1.42629e-06
-4.06643e-06
-1.36975e-06
-3.6674e-06
-1.62867e-06
-3.05592e-06
-2.22306e-06
-1.89577e-06
-3.02884e-06
-3.49604e-06
-1.74545e-06
-9.83844e-07
-1.85935e-06
-1.25618e-06
-2.03082e-06
-1.4996e-06
-2.21419e-06
-1.65043e-06
-2.35995e-06
-1.70207e-06
-2.47927e-06
-1.71634e-06
-2.61225e-06
-1.73682e-06
-2.77697e-06
-1.76946e-06
-2.97163e-06
-1.79559e-06
-3.1945e-06
-1.80151e-06
-3.42658e-06
-1.76421e-06
-3.61569e-06
-1.66661e-06
-3.70916e-06
-1.54126e-06
-3.66964e-06
-1.46579e-06
-3.48482e-06
-1.55455e-06
-3.16958e-06
-1.9439e-06
-2.65908e-06
-2.73356e-06
-1.67113e-06
-4.01678e-06
-5.16717e-06
-1.51286e-06
-9.25327e-07
-1.61515e-06
-1.15388e-06
-1.75935e-06
-1.35539e-06
-1.91615e-06
-1.49361e-06
-2.05494e-06
-1.56324e-06
-2.1774e-06
-1.59384e-06
-2.30336e-06
-1.61083e-06
-2.44481e-06
-1.62797e-06
-2.60243e-06
-1.63793e-06
-2.77257e-06
-1.63134e-06
-2.939e-06
-1.59775e-06
-3.06906e-06
-1.53652e-06
-3.13078e-06
-1.47951e-06
-3.10567e-06
-1.49089e-06
-2.99597e-06
-1.66424e-06
-2.81582e-06
-2.12404e-06
-2.50933e-06
-3.04005e-06
-1.76427e-06
-4.76184e-06
-6.93145e-06
-1.29342e-06
-8.68401e-07
-1.38121e-06
-1.06606e-06
-1.49839e-06
-1.23817e-06
-1.62733e-06
-1.36463e-06
-1.74922e-06
-1.44131e-06
-1.86135e-06
-1.48166e-06
-1.97027e-06
-1.50187e-06
-2.08423e-06
-1.51395e-06
-2.2042e-06
-1.51793e-06
-2.32639e-06
-1.5091e-06
-2.43886e-06
-1.48525e-06
-2.52237e-06
-1.45298e-06
-2.56101e-06
-1.44085e-06
-2.55135e-06
-1.50053e-06
-2.50879e-06
-1.70679e-06
-2.4601e-06
-2.17272e-06
-2.3838e-06
-3.11635e-06
-1.96502e-06
-5.18064e-06
-8.89647e-06
-1.08313e-06
-8.18152e-07
-1.1548e-06
-9.94328e-07
-1.24624e-06
-1.14668e-06
-1.34723e-06
-1.26359e-06
-1.44631e-06
-1.34218e-06
-1.53848e-06
-1.38944e-06
-1.62465e-06
-1.41566e-06
-1.70879e-06
-1.42978e-06
-1.79181e-06
-1.43487e-06
-1.86998e-06
-1.4309e-06
-1.93505e-06
-1.42015e-06
-1.97584e-06
-1.41217e-06
-1.98532e-06
-1.43136e-06
-1.96752e-06
-1.51833e-06
-1.94099e-06
-1.73332e-06
-1.93399e-06
-2.17973e-06
-1.94572e-06
-3.10464e-06
-1.70846e-06
-5.41791e-06
-1.06049e-05
-8.80474e-07
-7.78072e-07
-9.35024e-07
-9.39717e-07
-1.00265e-06
-1.079e-06
-1.07687e-06
-1.18931e-06
-1.15e-06
-1.269e-06
-1.21729e-06
-1.3221e-06
-1.27746e-06
-1.35545e-06
-1.33133e-06
-1.37587e-06
-1.37859e-06
-1.38758e-06
-1.41583e-06
-1.39364e-06
-1.43692e-06
-1.39904e-06
-1.43451e-06
-1.41457e-06
-1.4045e-06
-1.46136e-06
-1.3502e-06
-1.57264e-06
-1.28316e-06
-1.80038e-06
-1.21969e-06
-2.2432e-06
-1.16092e-06
-3.16342e-06
-1.03353e-06
-5.54531e-06
-1.16385e-05
-6.85459e-07
-7.50234e-07
-7.22677e-07
-9.02434e-07
-7.67982e-07
-1.03363e-06
-8.16961e-07
-1.14028e-06
-8.64203e-07
-1.22171e-06
-9.0557e-07
-1.28069e-06
-9.38828e-07
-1.32216e-06
-9.63038e-07
-1.35163e-06
-9.76673e-07
-1.37393e-06
-9.76432e-07
-1.39387e-06
-9.57093e-07
-1.41837e-06
-9.12593e-07
-1.45907e-06
-8.38562e-07
-1.53539e-06
-7.33925e-07
-1.67728e-06
-6.01381e-07
-1.93293e-06
-4.49321e-07
-2.39528e-06
-3.08658e-07
-3.3041e-06
-3.03074e-07
-5.55091e-06
-1.19416e-05
-4.98998e-07
-7.3549e-07
-5.19343e-07
-8.82024e-07
-5.4402e-07
-1.0089e-06
-5.69792e-07
-1.11445e-06
-5.92648e-07
-1.1988e-06
-6.09071e-07
-1.26423e-06
-6.16521e-07
-1.31468e-06
-6.1315e-07
-1.35498e-06
-5.96755e-07
-1.39031e-06
-5.63961e-07
-1.42666e-06
-5.10021e-07
-1.47231e-06
-4.29307e-07
-1.53979e-06
-3.16292e-07
-1.64842e-06
-1.66438e-07
-1.82715e-06
2.321e-08
-2.1226e-06
2.48259e-07
-2.62034e-06
4.68482e-07
-3.52434e-06
4.39079e-07
-5.52153e-06
-1.15025e-05
-3.22524e-07
-7.33713e-07
-3.27063e-07
-8.77424e-07
-3.33095e-07
-1.00281e-06
-3.38085e-07
-1.10941e-06
-3.38933e-07
-1.19792e-06
-3.32687e-07
-1.27044e-06
-3.16871e-07
-1.33047e-06
-2.89347e-07
-1.38249e-06
-2.47736e-07
-1.43191e-06
-1.88888e-07
-1.4855e-06
-1.08643e-07
-1.55255e-06
-1.98179e-09
-1.64645e-06
1.36342e-07
-1.78675e-06
3.12046e-07
-2.00287e-06
5.29785e-07
-2.34035e-06
7.8838e-07
-2.87895e-06
1.05338e-06
-3.78936e-06
1.08554e-06
-5.55371e-06
-1.0417e-05
-1.57746e-07
-7.44029e-07
-1.48045e-07
-8.87073e-07
-1.37691e-07
-1.01312e-06
-1.24613e-07
-1.12245e-06
-1.06355e-07
-1.21614e-06
-8.04933e-08
-1.29628e-06
-4.48643e-08
-1.36608e-06
2.50374e-09
-1.42985e-06
6.36802e-08
-1.49308e-06
1.41145e-07
-1.56296e-06
2.379e-07
-1.64931e-06
3.57381e-07
-1.76594e-06
5.0323e-07
-1.93261e-06
6.78499e-07
-2.17815e-06
8.84454e-07
-2.54632e-06
1.11522e-06
-3.10974e-06
1.33307e-06
-4.00724e-06
1.35839e-06
-5.57904e-06
-9.0586e-06
-6.4932e-09
-7.65015e-07
1.55137e-08
-9.09041e-07
3.97816e-08
-1.03735e-06
6.80368e-08
-1.15068e-06
1.02223e-07
-1.25031e-06
1.44243e-07
-1.33829e-06
1.95801e-07
-1.41763e-06
2.58379e-07
-1.49242e-06
3.33354e-07
-1.56805e-06
4.22088e-07
-1.6517e-06
5.25909e-07
-1.75314e-06
6.45841e-07
-1.88589e-06
7.8202e-07
-2.0688e-06
9.32405e-07
-2.32855e-06
1.09008e-06
-2.70401e-06
1.23602e-06
-3.25571e-06
1.31657e-06
-4.0878e-06
1.15918e-06
-5.42168e-06
-7.89944e-06
1.29416e-07
-7.94887e-07
1.6155e-07
-9.41149e-07
1.97141e-07
-1.07292e-06
2.37626e-07
-1.19115e-06
2.84511e-07
-1.29718e-06
3.39188e-07
-1.39295e-06
4.02796e-07
-1.48123e-06
4.76138e-07
-1.56576e-06
5.59656e-07
-1.65157e-06
6.53356e-07
-1.74541e-06
7.56606e-07
-1.8564e-06
8.67676e-07
-1.99697e-06
9.82824e-07
-2.18397e-06
1.09451e-06
-2.44026e-06
1.18777e-06
-2.79729e-06
1.2322e-06
-3.30017e-06
1.16377e-06
-4.01939e-06
8.41012e-07
-5.09895e-06
-7.05844e-06
2.48257e-07
-8.31638e-07
2.88226e-07
-9.81103e-07
3.32531e-07
-1.11721e-06
3.82355e-07
-1.24097e-06
4.38818e-07
-1.35363e-06
5.02824e-07
-1.45695e-06
5.7492e-07
-1.55333e-06
6.55161e-07
-1.64601e-06
7.42984e-07
-1.7394e-06
8.37014e-07
-1.83945e-06
9.34748e-07
-1.95415e-06
1.032e-06
-2.09423e-06
1.12192e-06
-2.27391e-06
1.19334e-06
-2.51169e-06
1.22749e-06
-2.83146e-06
1.19193e-06
-3.26463e-06
1.02978e-06
-3.85727e-06
6.46978e-07
-4.71618e-06
-6.41148e-06
3.48518e-07
-8.73175e-07
3.94013e-07
-1.02659e-06
4.44495e-07
-1.16769e-06
5.00924e-07
-1.29739e-06
5.64082e-07
-1.41679e-06
6.34433e-07
-1.5273e-06
7.11969e-07
-1.63086e-06
7.96033e-07
-1.73008e-06
8.85129e-07
-1.82851e-06
9.76662e-07
-1.93099e-06
1.06658e-06
-2.04408e-06
1.14885e-06
-2.17653e-06
1.21476e-06
-2.33984e-06
1.25176e-06
-2.54871e-06
1.24172e-06
-2.82145e-06
1.15806e-06
-3.181e-06
9.61533e-07
-3.66077e-06
5.94594e-07
-4.34927e-06
-5.8169e-06
4.28975e-07
-9.17418e-07
4.77765e-07
-1.07537e-06
5.32038e-07
-1.22196e-06
5.92564e-07
-1.35791e-06
6.5985e-07
-1.48407e-06
7.3399e-07
-1.60144e-06
8.14507e-07
-1.71138e-06
9.00151e-07
-1.81573e-06
9.8866e-07
-1.91703e-06
1.07647e-06
-2.01881e-06
1.15837e-06
-2.12599e-06
1.22709e-06
-2.24526e-06
1.27289e-06
-2.38566e-06
1.28317e-06
-2.55901e-06
1.24227e-06
-2.78058e-06
1.13163e-06
-3.07038e-06
9.29858e-07
-3.45904e-06
6.04312e-07
-4.02376e-06
-5.21261e-06
4.88781e-07
-9.62389e-07
5.38783e-07
-1.12537e-06
5.94668e-07
-1.27784e-06
6.57059e-07
-1.4203e-06
7.2625e-07
-1.55326e-06
8.02062e-07
-1.67725e-06
8.83674e-07
-1.793e-06
9.69404e-07
-1.90146e-06
1.05645e-06
-2.00409e-06
1.14059e-06
-2.10296e-06
1.2158e-06
-2.20121e-06
1.27395e-06
-2.30344e-06
1.3046e-06
-2.41633e-06
1.29504e-06
-2.54947e-06
1.23103e-06
-2.71659e-06
1.09847e-06
-2.93785e-06
8.85633e-07
-3.24623e-06
5.7899e-07
-3.71715e-06
-4.63364e-06
5.27535e-07
-1.00627e-06
5.76868e-07
-1.1747e-06
6.32432e-07
-1.33339e-06
6.94744e-07
-1.48261e-06
7.63955e-07
-1.62247e-06
8.39715e-07
-1.75301e-06
9.21007e-07
-1.87429e-06
1.00592e-06
-1.98638e-06
1.09138e-06
-2.08955e-06
1.1728e-06
-2.18439e-06
1.24371e-06
-2.27215e-06
1.29543e-06
-2.35518e-06
1.31682e-06
-2.43773e-06
1.29438e-06
-2.52707e-06
1.21303e-06
-2.63527e-06
1.0576e-06
-2.78245e-06
8.15033e-07
-3.0037e-06
4.74262e-07
-3.37642e-06
-4.15939e-06
5.4533e-07
-1.04748e-06
5.92356e-07
-1.22171e-06
6.45931e-07
-1.38696e-06
7.06503e-07
-1.54318e-06
7.74142e-07
-1.6901e-06
8.48434e-07
-1.8273e-06
9.28317e-07
-1.95418e-06
1.01187e-06
-2.06994e-06
1.09603e-06
-2.17372e-06
1.17622e-06
-2.26459e-06
1.24593e-06
-2.34188e-06
1.29628e-06
-2.40555e-06
1.31565e-06
-2.45712e-06
1.28953e-06
-2.50097e-06
1.20089e-06
-2.54666e-06
1.03124e-06
-2.61284e-06
7.62763e-07
-2.73526e-06
3.82646e-07
-2.99634e-06
-3.77677e-06
5.42783e-07
-1.08468e-06
5.86137e-07
-1.26506e-06
6.36332e-07
-1.43715e-06
6.93759e-07
-1.6006e-06
7.58466e-07
-1.75481e-06
8.30063e-07
-1.8989e-06
9.07593e-07
-2.03171e-06
9.8934e-07
-2.1517e-06
1.07255e-06
-2.25694e-06
1.15304e-06
-2.3451e-06
1.22476e-06
-2.41361e-06
1.27918e-06
-2.46e-06
1.30474e-06
-2.4827e-06
1.28636e-06
-2.48263e-06
1.20555e-06
-2.46588e-06
1.0414e-06
-2.44873e-06
7.74443e-07
-2.46834e-06
3.96545e-07
-2.61848e-06
-3.38024e-06
5.2105e-07
-1.11683e-06
5.59665e-07
-1.30367e-06
6.05358e-07
-1.48284e-06
6.58468e-07
-1.65371e-06
7.19042e-07
-1.81538e-06
7.86787e-07
-1.96665e-06
8.60974e-07
-2.10591e-06
9.4028e-07
-2.23102e-06
1.02253e-06
-2.33921e-06
1.10436e-06
-2.42695e-06
1.18066e-06
-2.48993e-06
1.24392e-06
-2.52329e-06
1.2834e-06
-2.5222e-06
1.28416e-06
-2.48342e-06
1.22662e-06
-2.40836e-06
1.08731e-06
-2.30945e-06
8.43359e-07
-2.22443e-06
4.82345e-07
-2.2575e-06
-2.89792e-06
4.81811e-07
-1.14323e-06
5.14942e-07
-1.3368e-06
5.55287e-07
-1.52319e-06
6.03102e-07
-1.70153e-06
6.58441e-07
-1.87073e-06
7.21145e-07
-2.02936e-06
7.90794e-07
-2.17556e-06
8.6659e-07
-2.30683e-06
9.47167e-07
-2.4198e-06
1.03027e-06
-2.51007e-06
1.11228e-06
-2.57196e-06
1.1874e-06
-2.59843e-06
1.24655e-06
-2.58137e-06
1.27578e-06
-2.51268e-06
1.25451e-06
-2.38713e-06
1.15468e-06
-2.20965e-06
9.43242e-07
-2.01302e-06
5.84841e-07
-1.89914e-06
-2.3131e-06
4.27263e-07
-1.16358e-06
4.54508e-07
-1.36404e-06
4.88927e-07
-1.55761e-06
5.30646e-07
-1.74325e-06
5.79705e-07
-1.91979e-06
6.36086e-07
-2.08575e-06
6.99697e-07
-2.23919e-06
7.70322e-07
-2.37746e-06
8.47507e-07
-2.497e-06
9.30346e-07
-2.59293e-06
1.01707e-06
-2.65871e-06
1.10429e-06
-2.68568e-06
1.18564e-06
-2.66275e-06
1.24948e-06
-2.57655e-06
1.27527e-06
-2.41295e-06
1.2292e-06
-2.16362e-06
1.06248e-06
-1.84633e-06
7.09933e-07
-1.54663e-06
-1.60318e-06
3.60098e-07
-1.17803e-06
3.81416e-07
-1.38536e-06
4.0959e-07
-1.58579e-06
4.44569e-07
-1.77824e-06
4.86352e-07
-1.96158e-06
5.35031e-07
-2.13444e-06
5.90802e-07
-2.29497e-06
6.53981e-07
-2.44066e-06
7.24984e-07
-2.56802e-06
8.04263e-07
-2.67223e-06
8.9209e-07
-2.74655e-06
9.88002e-07
-2.78161e-06
1.08951e-06
-2.76429e-06
1.18937e-06
-2.67642e-06
1.26992e-06
-2.49352e-06
1.29347e-06
-2.1872e-06
1.19153e-06
-1.74442e-06
8.52675e-07
-1.2078e-06
-7.50521e-07
2.83501e-07
-1.1872e-06
2.99198e-07
-1.40106e-06
3.21038e-07
-1.60764e-06
3.48777e-07
-1.80599e-06
3.82358e-07
-1.99517e-06
4.2193e-07
-2.17402e-06
4.67878e-07
-2.34093e-06
5.20882e-07
-2.49367e-06
5.82002e-07
-2.62916e-06
6.52787e-07
-2.74303e-06
7.35339e-07
-2.82912e-06
8.3219e-07
-2.87848e-06
9.45588e-07
-2.87771e-06
1.07523e-06
-2.80609e-06
1.21194e-06
-2.63025e-06
1.32223e-06
-2.29752e-06
1.32151e-06
-1.74373e-06
1.03622e-06
-9.22548e-07
2.85689e-07
2.01161e-07
-1.19221e-06
2.1181e-07
-1.41172e-06
2.27389e-07
-1.62322e-06
2.47516e-07
-1.82612e-06
2.72091e-07
-2.01975e-06
3.01263e-07
-2.2032e-06
3.35464e-07
-2.37514e-06
3.7548e-07
-2.5337e-06
4.22612e-07
-2.6763e-06
4.78914e-07
-2.79934e-06
5.47548e-07
-2.89777e-06
6.33219e-07
-2.96417e-06
7.42496e-07
-2.987e-06
8.83397e-07
-2.94701e-06
1.06188e-06
-2.80875e-06
1.26559e-06
-2.50124e-06
1.414e-06
-1.89216e-06
1.26165e-06
-7.70218e-07
1.54733e-06
1.17314e-07
-1.19452e-06
1.23555e-07
-1.41796e-06
1.32978e-07
-1.63265e-06
1.45217e-07
-1.83836e-06
1.60174e-07
-2.03472e-06
1.77958e-07
-2.22099e-06
1.98894e-07
-2.39608e-06
2.23592e-07
-2.55841e-06
2.53092e-07
-2.70581e-06
2.89133e-07
-2.83539e-06
3.34607e-07
-2.94326e-06
3.94358e-07
-3.02393e-06
4.76412e-07
-3.06907e-06
5.93849e-07
-3.06446e-06
7.6773e-07
-2.98265e-06
1.02698e-06
-2.7605e-06
1.35963e-06
-2.22482e-06
1.46158e-06
-8.72179e-07
3.00891e-06
3.67644e-08
3.89076e-08
4.21304e-08
4.6264e-08
5.12642e-08
5.71684e-08
6.40933e-08
7.22607e-08
8.20596e-08
9.41699e-08
1.0981e-07
1.31249e-07
1.62885e-07
2.13381e-07
2.99787e-07
4.58115e-07
7.75578e-07
1.22221e-06
)
;

boundaryField
{
    leftWall
    {
        type            calculated;
        value           uniform 0;
    }
    rightWall
    {
        type            calculated;
        value           uniform 0;
    }
    lowerWall
    {
        type            calculated;
        value           uniform 0;
    }
    atmosphere
    {
        type            calculated;
        value           nonuniform List<scalar> 
46
(
-2.71502e-06
1.80258e-06
4.23979e-06
4.28183e-06
4.04598e-06
3.79726e-06
3.54526e-06
3.28829e-06
3.02645e-06
2.76078e-06
2.49255e-06
2.22305e-06
1.95348e-06
1.685e-06
1.41869e-06
1.15555e-06
8.96529e-07
6.42663e-07
3.94773e-07
1.48418e-07
-7.77817e-08
-2.89516e-07
-4.98323e-07
-3.05975e-07
-3.50469e-07
-3.94273e-07
-4.37378e-07
-1.19515e-06
-1.42011e-06
-1.63587e-06
-1.8425e-06
-2.03972e-06
-2.2269e-06
-2.40301e-06
-2.56658e-06
-2.71561e-06
-2.84751e-06
-2.9589e-06
-3.04537e-06
-3.10071e-06
-3.11496e-06
-3.06906e-06
-2.91883e-06
-2.54229e-06
-1.31882e-06
4.23112e-06
)
;
    }
    defaultFaces
    {
        type            empty;
        value           nonuniform List<scalar> 0();
    }
}


// ************************************************************************* //
