/*--------------------------------*- C++ -*----------------------------------*\
  =========                 |
  \\      /  F ield         | OpenFOAM: The Open Source CFD Toolbox
   \\    /   O peration     | Website:  https://openfoam.org
    \\  /    A nd           | Version:  9
     \\/     M anipulation  |
\*---------------------------------------------------------------------------*/
FoamFile
{
    format      ascii;
    class       volVectorField;
    location    "0.28";
    object      U;
}
// * * * * * * * * * * * * * * * * * * * * * * * * * * * * * * * * * * * * * //

dimensions      [0 1 -1 0 0 0 0];

internalField   nonuniform List<vector> 
2268
(
(-0.0467573 0.0159956 0)
(-0.0650724 -0.000715841 0)
(-0.0343643 -0.0140223 0)
(0.0128913 -0.0174494 0)
(0.0695937 -0.0190869 0)
(0.128777 -0.0193954 0)
(0.188898 -0.0193293 0)
(0.249325 -0.0192353 0)
(0.30978 -0.019138 0)
(0.370003 -0.0189701 0)
(0.429497 -0.0186305 0)
(0.487401 -0.0179843 0)
(0.542342 -0.0168376 0)
(0.592179 -0.0148754 0)
(0.633373 -0.0115694 0)
(0.661023 -0.00541841 0)
(0.664001 0.00582598 0)
(0.623041 0.0233819 0)
(0.525174 0.0460536 0)
(0.356222 0.066464 0)
(0.14776 0.0764176 0)
(-0.154451 0.0262759 0)
(-0.118068 -0.083726 0)
(-0.0325575 0.0352389 0)
(-0.0224798 -0.00438185 0)
(0.0121533 -0.0284458 0)
(0.0606125 -0.0382686 0)
(0.116496 -0.0423997 0)
(0.175167 -0.0438163 0)
(0.234913 -0.0442657 0)
(0.294982 -0.0444033 0)
(0.354945 -0.0443365 0)
(0.414392 -0.0439603 0)
(0.472745 -0.0430688 0)
(0.529124 -0.0413609 0)
(0.582206 -0.0383885 0)
(0.630001 -0.0334354 0)
(0.669572 -0.0253345 0)
(0.696399 -0.0118662 0)
(0.707005 0.01025 0)
(0.695974 0.0436843 0)
(0.649258 0.088308 0)
(0.541122 0.135885 0)
(0.368463 0.169883 0)
(0.0740532 0.126166 0)
(0.0303245 -0.0824707 0)
(-0.010508 0.0414687 0)
(0.00666499 -0.0167975 0)
(0.0445587 -0.0480131 0)
(0.0934603 -0.0620772 0)
(0.148311 -0.0680388 0)
(0.205668 -0.0702725 0)
(0.264051 -0.0710316 0)
(0.322718 -0.0712065 0)
(0.381177 -0.0709727 0)
(0.438956 -0.0701926 0)
(0.495446 -0.0685653 0)
(0.549782 -0.0656369 0)
(0.600711 -0.0607283 0)
(0.646409 -0.0527907 0)
(0.68427 -0.0401971 0)
(0.710529 -0.0205295 0)
(0.721035 0.00975829 0)
(0.711476 0.0547424 0)
(0.675995 0.116662 0)
(0.601815 0.189292 0)
(0.481438 0.250385 0)
(0.254176 0.216222 0)
(0.133402 -0.0174706 0)
(0.00419462 0.0372487 0)
(0.0282082 -0.0307901 0)
(0.0698986 -0.0690143 0)
(0.119817 -0.0865915 0)
(0.174057 -0.0941078 0)
(0.230229 -0.0970196 0)
(0.287208 -0.0980108 0)
(0.344362 -0.0981507 0)
(0.401207 -0.0976642 0)
(0.457259 -0.0963827 0)
(0.511911 -0.0939192 0)
(0.564337 -0.0896794 0)
(0.613371 -0.0827768 0)
(0.657369 -0.0718694 0)
(0.694041 -0.054946 0)
(0.720224 -0.029183 0)
(0.732178 0.00920047 0)
(0.72607 0.064483 0)
(0.698095 0.139689 0)
(0.641312 0.23064 0)
(0.549013 0.316384 0)
(0.371763 0.307386 0)
(0.207665 0.093466 0)
(0.0115431 0.026779 0)
(0.0433506 -0.0483525 0)
(0.0896623 -0.0914818 0)
(0.14127 -0.11154 0)
(0.195432 -0.120167 0)
(0.250739 -0.123567 0)
(0.306486 -0.124709 0)
(0.362214 -0.124764 0)
(0.417504 -0.123978 0)
(0.471899 -0.122148 0)
(0.524827 -0.118808 0)
(0.575518 -0.113242 0)
(0.622919 -0.104386 0)
(0.665583 -0.0906519 0)
(0.701553 -0.0697179 0)
(0.728203 -0.0384288 0)
(0.742375 0.0071759 0)
(0.740865 0.0714233 0)
(0.720685 0.157567 0)
(0.677154 0.262916 0)
(0.601882 0.370354 0)
(0.458623 0.397548 0)
(0.266628 0.242464 0)
(0.0149126 0.012582 0)
(0.0536816 -0.0691613 0)
(0.104782 -0.115481 0)
(0.158466 -0.13691 0)
(0.212947 -0.146067 0)
(0.267688 -0.149672 0)
(0.322412 -0.150827 0)
(0.376858 -0.150722 0)
(0.430703 -0.149586 0)
(0.48355 -0.147176 0)
(0.534879 -0.142955 0)
(0.583999 -0.136099 0)
(0.629983 -0.1254 0)
(0.671609 -0.10908 0)
(0.707267 -0.0845725 0)
(0.734842 -0.0484636 0)
(0.75178 0.00334353 0)
(0.755543 0.075165 0)
(0.74375 0.170408 0)
(0.713022 0.287928 0)
(0.652757 0.415357 0)
(0.538932 0.485952 0)
(0.323481 0.424252 0)
(0.016742 -0.00391411 0)
(0.0608949 -0.0926749 0)
(0.116282 -0.141009 0)
(0.172042 -0.162821 0)
(0.227015 -0.171922 0)
(0.281387 -0.175414 0)
(0.335255 -0.176409 0)
(0.388551 -0.176042 0)
(0.441062 -0.174495 0)
(0.492461 -0.171474 0)
(0.542302 -0.166373 0)
(0.589978 -0.15828 0)
(0.634704 -0.145878 0)
(0.675494 -0.127252 0)
(0.711109 -0.0996552 0)
(0.739943 -0.0594759 0)
(0.760042 -0.00252293 0)
(0.76956 0.0754794 0)
(0.766861 0.178061 0)
(0.749946 0.305657 0)
(0.707422 0.451007 0)
(0.630341 0.571743 0)
(0.391598 0.635479 0)
(0.0181998 -0.0219374 0)
(0.0662961 -0.118318 0)
(0.125124 -0.16783 0)
(0.182666 -0.189228 0)
(0.238106 -0.197764 0)
(0.292186 -0.20084 0)
(0.345303 -0.201491 0)
(0.397547 -0.200747 0)
(0.448811 -0.198716 0)
(0.498848 -0.195045 0)
(0.547287 -0.189065 0)
(0.593612 -0.179791 0)
(0.637178 -0.165832 0)
(0.677248 -0.145195 0)
(0.71297 -0.115023 0)
(0.743248 -0.071567 0)
(0.766724 -0.010596 0)
(0.782265 0.0720626 0)
(0.789224 0.179869 0)
(0.787475 0.314359 0)
(0.768437 0.472585 0)
(0.737299 0.640656 0)
(0.484637 0.918694 0)
(0.0115768 0.00133131 0)
(-0.0562887 0.0241634 0)
(-0.154356 0.0211431 0)
(-0.194221 0.00734071 0)
(-0.194449 -0.00290282 0)
(-0.169063 -0.008645 0)
(-0.132722 -0.0106785 0)
(-0.0925706 -0.0108614 0)
(-0.0538469 -0.00985732 0)
(-0.020072 -0.00805444 0)
(0.00675531 -0.00593284 0)
(0.0255259 -0.0038666 0)
(0.0362831 -0.00191369 0)
(0.0400127 -0.000178918 0)
(0.0378179 0.00113597 0)
(0.0311417 0.00200529 0)
(0.021691 0.00231875 0)
(0.0125226 0.00207042 0)
(0.00360623 0.00131764 0)
(-0.0303262 0.0186563 0)
(-0.115942 0.0551882 0)
(-0.191173 0.0428471 0)
(-0.213895 0.0117874 0)
(-0.204369 -0.00892364 0)
(-0.177737 -0.0208381 0)
(-0.140832 -0.025823 0)
(-0.100575 -0.026483 0)
(-0.0615812 -0.0243251 0)
(-0.0271849 -0.0202265 0)
(0.000726088 -0.0151522 0)
(0.0209009 -0.00995121 0)
(0.0331701 -0.00497728 0)
(0.0383006 -0.000625679 0)
(0.0374225 0.00279265 0)
(0.0318949 0.00516411 0)
(0.0232374 0.00623029 0)
(0.0135617 0.00601237 0)
(0.00378767 0.00545842 0)
(-0.0680254 0.061023 0)
(-0.151521 0.0855499 0)
(-0.204662 0.0594315 0)
(-0.220934 0.0128204 0)
(-0.207474 -0.0168989 0)
(-0.179174 -0.0340609 0)
(-0.141771 -0.0415597 0)
(-0.101715 -0.0425636 0)
(-0.0631031 -0.0392582 0)
(-0.0290337 -0.0329833 0)
(-0.00120215 -0.0250956 0)
(0.0192392 -0.0167969 0)
(0.0320507 -0.00878757 0)
(0.0378432 -0.0017414 0)
(0.0376125 0.0039141 0)
(0.0326648 0.00790137 0)
(0.0244294 0.00998725 0)
(0.0146151 0.0101762 0)
(0.0043093 0.00883512 0)
(-0.0958537 0.113726 0)
(-0.179411 0.113588 0)
(-0.217582 0.072252 0)
(-0.228331 0.0118901 0)
(-0.209858 -0.0261829 0)
(-0.17912 -0.0482165 0)
(-0.140476 -0.0579041 0)
(-0.100051 -0.0590339 0)
(-0.0615442 -0.0544338 0)
(-0.0277963 -0.0459202 0)
(-0.000315345 -0.0352062 0)
(0.0199443 -0.0238138 0)
(0.032796 -0.0127688 0)
(0.0387748 -0.0029801 0)
(0.0387828 0.00494442 0)
(0.0340388 0.0106278 0)
(0.0258872 0.0138277 0)
(0.0158667 0.0145315 0)
(0.00509788 0.0132104 0)
(-0.1205 0.176957 0)
(-0.205804 0.139798 0)
(-0.231035 0.0811588 0)
(-0.236125 0.00826321 0)
(-0.211965 -0.0372603 0)
(-0.178177 -0.0635475 0)
(-0.137608 -0.0749935 0)
(-0.0962198 -0.0759486 0)
(-0.0574406 -0.0698101 0)
(-0.0238754 -0.058902 0)
(0.00315125 -0.0452941 0)
(0.0229321 -0.0308042 0)
(0.0354231 -0.0167471 0)
(0.0411616 -0.00423219 0)
(0.0410049 0.00596508 0)
(0.0360945 0.0133803 0)
(0.0276992 0.0177618 0)
(0.017264 0.0191049 0)
(0.005886 0.0178776 0)
(-0.14669 0.250482 0)
(-0.231479 0.162884 0)
(-0.242636 0.0860111 0)
(-0.242186 0.00205789 0)
(-0.212686 -0.0498597 0)
(-0.175882 -0.0798952 0)
(-0.133064 -0.0927511 0)
(-0.0902802 -0.0932162 0)
(-0.050899 -0.0852629 0)
(-0.0173714 -0.0717622 0)
(0.00914774 -0.0551598 0)
(0.0282169 -0.0375595 0)
(0.0399962 -0.0205284 0)
(0.0450933 -0.00533014 0)
(0.0443717 0.0071208 0)
(0.0389229 0.0162799 0)
(0.0299504 0.0218846 0)
(0.0188418 0.0239489 0)
(0.00663045 0.0230139 0)
(-0.174688 0.333752 0)
(-0.249194 0.175743 0)
(-0.244907 0.0867297 0)
(-0.241566 -0.00532623 0)
(-0.209556 -0.0631818 0)
(-0.171065 -0.097023 0)
(-0.126305 -0.111165 0)
(-0.081991 -0.110883 0)
(-0.0418236 -0.100812 0)
(-0.00825343 -0.0844669 0)
(0.0176994 -0.0647192 0)
(0.0358531 -0.0439499 0)
(0.0466011 -0.0239502 0)
(0.050675 -0.00610066 0)
(0.0489903 0.00858125 0)
(0.0426252 0.0194826 0)
(0.0327363 0.0263307 0)
(0.0206689 0.0291692 0)
(0.00737902 0.0286255 0)
(-0.222244 0.475898 0)
(-0.226177 0.172261 0)
(-0.217683 0.0820239 0)
(-0.224408 -0.0096718 0)
(-0.198238 -0.0785084 0)
(-0.161584 -0.115757 0)
(-0.116308 -0.130624 0)
(-0.0708247 -0.129268 0)
(-0.029902 -0.116718 0)
(0.00366726 -0.0971519 0)
(0.0289257 -0.0739792 0)
(0.0459374 -0.0498837 0)
(0.0553348 -0.0268505 0)
(0.0580189 -0.00634676 0)
(0.0549856 0.010556 0)
(0.0473252 0.0232034 0)
(0.0361671 0.0313133 0)
(0.0228458 0.0349676 0)
(0.00822831 0.0348102 0)
(0.0205305 -0.052715 0)
(0.073087 -0.162024 0)
(0.135701 -0.211893 0)
(0.195294 -0.231424 0)
(0.251246 -0.238319 0)
(0.304885 -0.240253 0)
(0.356941 -0.24004 0)
(0.407691 -0.238483 0)
(0.457168 -0.235551 0)
(0.505251 -0.230787 0)
(0.551681 -0.223423 0)
(0.596073 -0.212385 0)
(0.637985 -0.196231 0)
(0.677062 -0.172948 0)
(0.713078 -0.139612 0)
(0.74573 -0.0923221 0)
(0.774552 -0.0268522 0)
(0.799446 0.0605146 0)
(0.821543 0.172459 0)
(0.844402 0.31031 0)
(0.872669 0.473612 0)
(0.934729 0.666927 0)
(1.01399 1.03234 0)
(0.0242942 -0.0989549 0)
(0.0813424 -0.22638 0)
(0.146879 -0.274677 0)
(0.20742 -0.289921 0)
(0.26291 -0.293427 0)
(0.315306 -0.292991 0)
(0.365639 -0.291006 0)
(0.414341 -0.287927 0)
(0.461569 -0.283507 0)
(0.507317 -0.277143 0)
(0.551429 -0.267933 0)
(0.593597 -0.254725 0)
(0.633518 -0.236172 0)
(0.671264 -0.210538 0)
(0.707434 -0.175081 0)
(0.742707 -0.125774 0)
(0.777461 -0.0584512 0)
(0.812318 0.0297247 0)
(0.84934 0.139384 0)
(0.893484 0.268489 0)
(0.952837 0.412324 0)
(1.03676 0.566853 0)
(1.17753 0.7543 0)
(0.0287067 -0.151131 0)
(0.0894861 -0.293674 0)
(0.157946 -0.338097 0)
(0.218322 -0.347477 0)
(0.271996 -0.346683 0)
(0.322036 -0.343433 0)
(0.369863 -0.339476 0)
(0.416021 -0.334797 0)
(0.460714 -0.328901 0)
(0.503979 -0.321028 0)
(0.545677 -0.310113 0)
(0.585428 -0.294901 0)
(0.622845 -0.274286 0)
(0.658225 -0.247219 0)
(0.692953 -0.211505 0)
(0.728633 -0.162832 0)
(0.766141 -0.0967256 0)
(0.806079 -0.0109622 0)
(0.849877 0.0932541 0)
(0.900887 0.210688 0)
(0.9642 0.332879 0)
(1.04237 0.449745 0)
(1.1557 0.557364 0)
(0.0290486 -0.209299 0)
(0.0995326 -0.365829 0)
(0.17239 -0.402517 0)
(0.230448 -0.403399 0)
(0.280021 -0.397428 0)
(0.326097 -0.391394 0)
(0.370368 -0.385753 0)
(0.413277 -0.379782 0)
(0.45489 -0.372721 0)
(0.495174 -0.363654 0)
(0.533947 -0.351275 0)
(0.570693 -0.334061 0)
(0.604762 -0.311163 0)
(0.636375 -0.282708 0)
(0.667428 -0.247672 0)
(0.700285 -0.201288 0)
(0.736321 -0.138365 0)
(0.776306 -0.056775 0)
(0.821221 0.0414425 0)
(0.87306 0.148942 0)
(0.934483 0.257312 0)
(1.00772 0.357684 0)
(1.10118 0.446587 0)
(0.0247868 -0.278286 0)
(0.124741 -0.450412 0)
(0.194836 -0.468637 0)
(0.242395 -0.456802 0)
(0.284358 -0.445586 0)
(0.32516 -0.437361 0)
(0.365307 -0.430338 0)
(0.404581 -0.423029 0)
(0.44267 -0.414533 0)
(0.479369 -0.403829 0)
(0.514501 -0.389388 0)
(0.547599 -0.369468 0)
(0.577974 -0.34358 0)
(0.605612 -0.313195 0)
(0.631737 -0.27866 0)
(0.658469 -0.23453 0)
(0.688201 -0.175061 0)
(0.723359 -0.0982887 0)
(0.766032 -0.00581559 0)
(0.81772 0.0945421 0)
(0.879199 0.192831 0)
(0.951266 0.27993 0)
(1.03546 0.352883 0)
(0.053147 -0.358957 0)
(0.190253 -0.547245 0)
(0.222766 -0.524909 0)
(0.246488 -0.498928 0)
(0.280078 -0.484694 0)
(0.316741 -0.475024 0)
(0.35354 -0.466264 0)
(0.389423 -0.456657 0)
(0.423728 -0.445231 0)
(0.456814 -0.431175 0)
(0.488402 -0.413509 0)
(0.517895 -0.389921 0)
(0.545169 -0.359211 0)
(0.56985 -0.323988 0)
(0.590245 -0.288195 0)
(0.606783 -0.244963 0)
(0.624537 -0.188006 0)
(0.64898 -0.116342 0)
(0.686663 -0.0303186 0)
(0.743744 0.0624481 0)
(0.819505 0.150859 0)
(0.906906 0.225173 0)
(0.995914 0.284871 0)
(0.199146 -0.483289 0)
(0.29863 -0.634266 0)
(0.236749 -0.525043 0)
(0.235839 -0.507477 0)
(0.268256 -0.501533 0)
(0.305258 -0.493617 0)
(0.341476 -0.483861 0)
(0.375729 -0.471477 0)
(0.408197 -0.454985 0)
(0.440819 -0.434136 0)
(0.468404 -0.417281 0)
(0.492652 -0.395867 0)
(0.515977 -0.368451 0)
(0.540229 -0.336116 0)
(0.557627 -0.300113 0)
(0.564568 -0.256081 0)
(0.569427 -0.201574 0)
(0.579591 -0.136471 0)
(0.607783 -0.0624773 0)
(0.662168 0.014684 0)
(0.743688 0.105307 0)
(0.857485 0.189456 0)
(0.962547 0.239848 0)
(0.482019 -0.749225 0)
(0.227824 -0.573055 0)
(0.183901 -0.469468 0)
(0.230209 -0.518152 0)
(0.263643 -0.527588 0)
(0.299673 -0.523453 0)
(0.335999 -0.518036 0)
(0.371155 -0.516362 0)
(0.417154 -0.532247 0)
(0.471281 -0.536824 0)
(0.527453 -0.518696 0)
(0.583021 -0.490926 0)
(0.635716 -0.456133 0)
(0.685152 -0.409313 0)
(0.73091 -0.353724 0)
(0.772837 -0.298046 0)
(0.81235 -0.251166 0)
(0.850837 -0.218881 0)
(0.890952 -0.199784 0)
(0.935446 -0.185451 0)
(0.988574 -0.160876 0)
(1.0641 -0.108108 0)
(1.00732 0.0959197 0)
(-0.0805687 -1.22307 0)
(-0.00629458 -0.518023 0)
(0.104607 -0.465257 0)
(0.191523 -0.586779 0)
(0.254572 -0.635338 0)
(0.315242 -0.636285 0)
(0.375828 -0.623925 0)
(0.434659 -0.608212 0)
(0.488713 -0.589308 0)
(0.537998 -0.568772 0)
(0.58669 -0.544621 0)
(0.637067 -0.515981 0)
(0.689182 -0.481211 0)
(0.743008 -0.438433 0)
(0.799102 -0.388847 0)
(0.857875 -0.335795 0)
(0.919204 -0.28272 0)
(0.982237 -0.23169 0)
(1.04531 -0.181514 0)
(1.10519 -0.127183 0)
(1.15618 -0.0608753 0)
(1.19822 0.02164 0)
(1.23307 0.0982403 0)
(-0.13789 -0.862964 0)
(-0.0358469 -0.692862 0)
(0.0894988 -0.647456 0)
(0.185192 -0.658151 0)
(0.253728 -0.662669 0)
(0.31332 -0.655149 0)
(0.372055 -0.643445 0)
(0.429999 -0.631854 0)
(0.484963 -0.621277 0)
(0.536081 -0.608114 0)
(0.585155 -0.589935 0)
(0.63421 -0.56539 0)
(0.6846 -0.533669 0)
(0.737674 -0.494684 0)
(0.794814 -0.449881 0)
(0.856873 -0.401607 0)
(0.923868 -0.352101 0)
(0.994765 -0.302891 0)
(1.06771 -0.253539 0)
(1.14079 -0.200457 0)
(1.21299 -0.136029 0)
(1.29016 -0.0493494 0)
(1.3839 0.0580878 0)
(-0.0165975 -0.817514 0)
(0.0134789 -0.789877 0)
(0.0982501 -0.746604 0)
(0.171317 -0.733274 0)
(0.232245 -0.725283 0)
(0.286981 -0.714247 0)
(0.340241 -0.701366 0)
(0.39279 -0.688239 0)
(0.443759 -0.674933 0)
(0.492559 -0.659583 0)
(0.539645 -0.640292 0)
(0.586124 -0.615847 0)
(0.633391 -0.585638 0)
(0.683088 -0.549842 0)
(0.736783 -0.509661 0)
(0.795583 -0.466806 0)
(0.86003 -0.422842 0)
(0.930069 -0.378615 0)
(1.0053 -0.33348 0)
(1.08579 -0.284525 0)
(1.17314 -0.226335 0)
(1.27231 -0.152545 0)
(1.38982 -0.0641603 0)
(0.00986984 -0.848662 0)
(0.0391356 -0.843049 0)
(0.0927623 -0.810349 0)
(0.146361 -0.792365 0)
(0.196228 -0.779303 0)
(0.243453 -0.766247 0)
(0.289789 -0.752569 0)
(0.335599 -0.738372 0)
(0.38045 -0.723226 0)
(0.42396 -0.706034 0)
(0.466253 -0.685616 0)
(0.508011 -0.661132 0)
(0.550373 -0.632277 0)
(0.594791 -0.599415 0)
(0.642752 -0.563586 0)
(0.695521 -0.526144 0)
(0.754063 -0.488277 0)
(0.819154 -0.450548 0)
(0.891718 -0.412436 0)
(0.973408 -0.372022 0)
(1.06715 -0.325834 0)
(1.17781 -0.269213 0)
(1.30992 -0.198589 0)
(0.0105539 -0.865096 0)
(0.0382468 -0.881037 0)
(0.0749004 -0.855444 0)
(0.114367 -0.837581 0)
(0.153551 -0.823064 0)
(0.192129 -0.809235 0)
(0.230477 -0.795168 0)
(0.268576 -0.780379 0)
(0.306091 -0.764243 0)
(0.342751 -0.745976 0)
(0.37862 -0.72485 0)
(0.414195 -0.700453 0)
(0.450394 -0.672836 0)
(0.48844 -0.642589 0)
(0.529673 -0.610756 0)
(0.575394 -0.57855 0)
(0.626852 -0.547032 0)
(0.68537 -0.516871 0)
(0.752674 -0.48813 0)
(0.831385 -0.460002 0)
(0.925337 -0.430355 0)
(1.03991 -0.394902 0)
(1.18016 -0.346446 0)
(0.00957972 -0.888007 0)
(0.0293399 -0.907356 0)
(0.0526162 -0.887441 0)
(0.080511 -0.871305 0)
(0.109647 -0.857098 0)
(0.139277 -0.843399 0)
(0.169188 -0.829353 0)
(0.199136 -0.814307 0)
(0.228816 -0.79763 0)
(0.25803 -0.778745 0)
(0.28685 -0.757269 0)
(0.315695 -0.733153 0)
(0.345334 -0.70678 0)
(0.376811 -0.678968 0)
(0.411329 -0.650858 0)
(0.450164 -0.623704 0)
(0.494684 -0.59868 0)
(0.546489 -0.576793 0)
(0.607718 -0.558834 0)
(0.681486 -0.545178 0)
(0.772156 -0.535018 0)
(0.885626 -0.524445 0)
(1.02814 -0.503286 0)
(0.00512735 -0.904182 0)
(0.01659 -0.922355 0)
(0.0298956 -0.908484 0)
(0.0479607 -0.894871 0)
(0.067839 -0.881869 0)
(0.0887852 -0.868869 0)
(0.110374 -0.855183 0)
(0.132272 -0.840177 0)
(0.154206 -0.823303 0)
(0.176049 -0.804186 0)
(0.197907 -0.78272 0)
(0.220172 -0.759169 0)
(0.243521 -0.734199 0)
(0.268869 -0.70885 0)
(0.2973 -0.684411 0)
(0.330026 -0.662267 0)
(0.368415 -0.643805 0)
(0.414123 -0.630459 0)
(0.469357 -0.623804 0)
(0.537248 -0.625427 0)
(0.622084 -0.63592 0)
(0.72963 -0.65207 0)
(0.866393 -0.661482 0)
(-0.000419785 -0.911099 0)
(0.00352103 -0.928861 0)
(0.00904797 -0.920364 0)
(0.0185584 -0.909397 0)
(0.0300726 -0.898 0)
(0.0429563 -0.886032 0)
(0.0567394 -0.872976 0)
(0.0710838 -0.858295 0)
(0.0857717 -0.841572 0)
(0.100747 -0.822621 0)
(0.116164 -0.801577 0)
(0.132409 -0.778962 0)
(0.150101 -0.755682 0)
(0.170051 -0.732976 0)
(0.193229 -0.712292 0)
(0.220736 -0.695171 0)
(0.25383 -0.683231 0)
(0.294021 -0.678303 0)
(0.343244 -0.682636 0)
(0.404121 -0.698823 0)
(0.480097 -0.728677 0)
(0.575812 -0.769783 0)
(0.696603 -0.808459 0)
(-0.00516911 -0.908146 0)
(-0.00789847 -0.929326 0)
(-0.00892436 -0.924422 0)
(-0.00681752 -0.915965 0)
(-0.00266791 -0.906334 0)
(0.00300137 -0.8956 0)
(0.00974939 -0.883395 0)
(0.0172841 -0.869313 0)
(0.0254596 -0.853088 0)
(0.0342931 -0.83471 0)
(0.0439848 -0.81452 0)
(0.0549237 -0.793246 0)
(0.0676746 -0.77199 0)
(0.0829492 -0.752153 0)
(0.101578 -0.73532 0)
(0.124495 -0.723165 0)
(0.152735 -0.717474 0)
(0.187471 -0.720329 0)
(0.230072 -0.734374 0)
(0.282204 -0.762789 0)
(0.345872 -0.80819 0)
(0.423924 -0.86902 0)
(0.51979 -0.931797 0)
(-0.00849812 -0.89903 0)
(-0.0170387 -0.923268 0)
(-0.0237646 -0.921667 0)
(-0.0278561 -0.915671 0)
(-0.0300083 -0.907856 0)
(-0.0305952 -0.898468 0)
(-0.0299864 -0.887289 0)
(-0.0284022 -0.874057 0)
(-0.0259114 -0.858654 0)
(-0.0224302 -0.841233 0)
(-0.0177221 -0.822298 0)
(-0.0114071 -0.802737 0)
(-0.00298461 -0.783796 0)
(0.00813761 -0.766989 0)
(0.0226175 -0.75399 0)
(0.0411567 -0.746539 0)
(0.0644749 -0.746475 0)
(0.0932672 -0.755916 0)
(0.128163 -0.777543 0)
(0.169679 -0.814633 0)
(0.218202 -0.870188 0)
(0.274669 -0.943665 0)
(0.340562 -1.02351 0)
(-0.0108155 -0.884645 0)
(-0.0239842 -0.911954 0)
(-0.035388 -0.913322 0)
(-0.0445564 -0.909638 0)
(-0.0519578 -0.903598 0)
(-0.0578181 -0.895601 0)
(-0.0624199 -0.885574 0)
(-0.0659055 -0.873398 0)
(-0.0682729 -0.859093 0)
(-0.0693872 -0.842946 0)
(-0.0689947 -0.825588 0)
(-0.0667452 -0.808016 0)
(-0.0622228 -0.79156 0)
(-0.0549801 -0.777791 0)
(-0.0445652 -0.768406 0)
(-0.0305511 -0.765129 0)
(-0.0125879 -0.769719 0)
(0.00949615 -0.784116 0)
(0.0355932 -0.810703 0)
(0.0651495 -0.852473 0)
(0.0971516 -0.912478 0)
(0.130903 -0.991317 0)
(0.166288 -1.08058 0)
(-0.0122596 -0.866569 0)
(-0.0288849 -0.896513 0)
(-0.0439545 -0.900513 0)
(-0.0571556 -0.898933 0)
(-0.0688028 -0.894566 0)
(-0.0789843 -0.887949 0)
(-0.0878952 -0.879151 0)
(-0.0956057 -0.868178 0)
(-0.102058 -0.855172 0)
(-0.107086 -0.840523 0)
(-0.110443 -0.824947 0)
(-0.111831 -0.8095 0)
(-0.110938 -0.795539 0)
(-0.107483 -0.784629 0)
(-0.101239 -0.77842 0)
(-0.0920729 -0.778537 0)
(-0.0800049 -0.786541 0)
(-0.0653256 -0.804041 0)
(-0.0487623 -0.832921 0)
(-0.0316622 -0.875634 0)
(-0.0160367 -0.935022 0)
(-0.00384534 -1.01272 0)
(0.00340845 -1.10386 0)
(-0.0129815 -0.846063 0)
(-0.0319849 -0.878029 0)
(-0.0497612 -0.884276 0)
(-0.0660377 -0.884548 0)
(-0.0810015 -0.881706 0)
(-0.094617 -0.876415 0)
(-0.106999 -0.868865 0)
(-0.118158 -0.859173 0)
(-0.127999 -0.847575 0)
(-0.136349 -0.834536 0)
(-0.142988 -0.820812 0)
(-0.147686 -0.807472 0)
(-0.150253 -0.795844 0)
(-0.150576 -0.78743 0)
(-0.148654 -0.783776 0)
(-0.144629 -0.78634 0)
(-0.138842 -0.796422 0)
(-0.131946 -0.815216 0)
(-0.125086 -0.844027 0)
(-0.120094 -0.884608 0)
(-0.119571 -0.939369 0)
(-0.126274 -1.01058 0)
(-0.143065 -1.09672 0)
(-0.0131223 -0.824244 0)
(-0.033552 -0.8575 0)
(-0.0531755 -0.865555 0)
(-0.071668 -0.867388 0)
(-0.089108 -0.86589 0)
(-0.105352 -0.861825 0)
(-0.120446 -0.855486 0)
(-0.134356 -0.84708 0)
(-0.14697 -0.836908 0)
(-0.158126 -0.825474 0)
(-0.167646 -0.813542 0)
(-0.175383 -0.802145 0)
(-0.181267 -0.792543 0)
(-0.185346 -0.786126 0)
(-0.187823 -0.784288 0)
(-0.189072 -0.788287 0)
(-0.189683 -0.799136 0)
(-0.190553 -0.817615 0)
(-0.193049 -0.844441 0)
(-0.199218 -0.880638 0)
(-0.211875 -0.927968 0)
(-0.234165 -0.988803 0)
(-0.270105 -1.06415 0)
(-0.0128223 -0.802021 0)
(-0.0338656 -0.835796 0)
(-0.0545906 -0.845184 0)
(-0.0745447 -0.848262 0)
(-0.0937164 -0.847896 0)
(-0.111874 -0.844921 0)
(-0.129005 -0.839706 0)
(-0.145046 -0.83252 0)
(-0.159885 -0.823703 0)
(-0.173383 -0.813769 0)
(-0.185419 -0.803455 0)
(-0.195928 -0.793727 0)
(-0.20495 -0.785737 0)
(-0.212679 -0.780734 0)
(-0.219483 -0.779935 0)
(-0.225915 -0.784381 0)
(-0.23274 -0.794814 0)
(-0.24099 -0.811635 0)
(-0.252107 -0.835036 0)
(-0.26814 -0.865345 0)
(-0.291846 -0.903545 0)
(-0.326435 -0.95159 0)
(-0.376702 -1.01185 0)
(-0.0122128 -0.780105 0)
(-0.0331997 -0.813654 0)
(-0.0543962 -0.823883 0)
(-0.0751653 -0.827876 0)
(-0.0954226 -0.82841 0)
(-0.114867 -0.826358 0)
(-0.13344 -0.822136 0)
(-0.151063 -0.816046 0)
(-0.167632 -0.808444 0)
(-0.183044 -0.799825 0)
(-0.197235 -0.790873 0)
(-0.210218 -0.782463 0)
(-0.222132 -0.775616 0)
(-0.233281 -0.771419 0)
(-0.244159 -0.770902 0)
(-0.255448 -0.774897 0)
(-0.268017 -0.783901 0)
(-0.282955 -0.798006 0)
(-0.301675 -0.816969 0)
(-0.326095 -0.8405 0)
(-0.358736 -0.868771 0)
(-0.402638 -0.902928 0)
(-0.46285 -0.945505 0)
(-0.0114126 -0.759019 0)
(-0.031814 -0.791669 0)
(-0.0529628 -0.802258 0)
(-0.0740045 -0.806831 0)
(-0.0947964 -0.808024 0)
(-0.114987 -0.806708 0)
(-0.134483 -0.803314 0)
(-0.153199 -0.798155 0)
(-0.171047 -0.791576 0)
(-0.187964 -0.784034 0)
(-0.20394 -0.776141 0)
(-0.219055 -0.768662 0)
(-0.233526 -0.762477 0)
(-0.247739 -0.758503 0)
(-0.262271 -0.757583 0)
(-0.277877 -0.760355 0)
(-0.29548 -0.767113 0)
(-0.316169 -0.77771 0)
(-0.34127 -0.791576 0)
(-0.372491 -0.807917 0)
(-0.412017 -0.826141 0)
(-0.462533 -0.846396 0)
(-0.5288 -0.87049 0)
(-0.0105223 -0.739115 0)
(-0.0299465 -0.770303 0)
(-0.0506294 -0.7808 0)
(-0.071499 -0.785631 0)
(-0.0923644 -0.787242 0)
(-0.112841 -0.786463 0)
(-0.132809 -0.783715 0)
(-0.152182 -0.779295 0)
(-0.170894 -0.773518 0)
(-0.188919 -0.766787 0)
(-0.206295 -0.759631 0)
(-0.223158 -0.752698 0)
(-0.239777 -0.746722 0)
(-0.256589 -0.742451 0)
(-0.274213 -0.740551 0)
(-0.293436 -0.741484 0)
(-0.315186 -0.74538 0)
(-0.340516 -0.751921 0)
(-0.370635 -0.760315 0)
(-0.407007 -0.769405 0)
(-0.451433 -0.777967 0)
(-0.506114 -0.785159 0)
(-0.575062 -0.791633 0)
(-0.00961791 -0.720597 0)
(-0.027804 -0.749898 0)
(-0.0476956 -0.759901 0)
(-0.0680366 -0.764689 0)
(-0.0885961 -0.766485 0)
(-0.10897 -0.766047 0)
(-0.129021 -0.763754 0)
(-0.148664 -0.75987 0)
(-0.167857 -0.754665 0)
(-0.186607 -0.748476 0)
(-0.20499 -0.741743 0)
(-0.223182 -0.734998 0)
(-0.241484 -0.728833 0)
(-0.260355 -0.723836 0)
(-0.28042 -0.720508 0)
(-0.302456 -0.719158 0)
(-0.327362 -0.719782 0)
(-0.356126 -0.721948 0)
(-0.389827 -0.724738 0)
(-0.429686 -0.726771 0)
(-0.477114 -0.726382 0)
(-0.533774 -0.721925 0)
(-0.602665 -0.712893 0)
(-0.00874469 -0.703547 0)
(-0.0255502 -0.730686 0)
(-0.0444124 -0.73986 0)
(-0.0639481 -0.744336 0)
(-0.0838957 -0.746103 0)
(-0.103844 -0.745818 0)
(-0.123642 -0.743796 0)
(-0.143214 -0.740249 0)
(-0.162535 -0.73539 0)
(-0.181641 -0.729488 0)
(-0.200638 -0.722891 0)
(-0.219727 -0.716021 0)
(-0.239221 -0.709337 0)
(-0.259574 -0.703284 0)
(-0.281388 -0.698217 0)
(-0.3054 -0.69431 0)
(-0.332444 -0.691454 0)
(-0.363421 -0.689147 0)
(-0.399276 -0.686414 0)
(-0.441 -0.68178 0)
(-0.489655 -0.673336 0)
(-0.546389 -0.658913 0)
(-0.613157 -0.637117 0)
(-0.00791381 -0.687971 0)
(-0.0232955 -0.712802 0)
(-0.0409749 -0.720891 0)
(-0.0595013 -0.724831 0)
(-0.0785963 -0.726382 0)
(-0.0978513 -0.726079 0)
(-0.117112 -0.724158 0)
(-0.136309 -0.720764 0)
(-0.155437 -0.716044 0)
(-0.174552 -0.710197 0)
(-0.193783 -0.703487 0)
(-0.213339 -0.696233 0)
(-0.233531 -0.688778 0)
(-0.254788 -0.68144 0)
(-0.277667 -0.674449 0)
(-0.302838 -0.667867 0)
(-0.331047 -0.661504 0)
(-0.363089 -0.654818 0)
(-0.399765 -0.64683 0)
(-0.441861 -0.636067 0)
(-0.490141 -0.620552 0)
(-0.545329 -0.597871 0)
(-0.608484 -0.566095 0)
(-0.00710455 -0.673841 0)
(-0.0210966 -0.696297 0)
(-0.0375209 -0.703131 0)
(-0.0549004 -0.706366 0)
(-0.0729593 -0.707549 0)
(-0.0913032 -0.707086 0)
(-0.109782 -0.705117 0)
(-0.128338 -0.701711 0)
(-0.146983 -0.696949 0)
(-0.165788 -0.69096 0)
(-0.184893 -0.68393 0)
(-0.204507 -0.676091 0)
(-0.224925 -0.667686 0)
(-0.246537 -0.658926 0)
(-0.269839 -0.649938 0)
(-0.295417 -0.640695 0)
(-0.323917 -0.630948 0)
(-0.356008 -0.620138 0)
(-0.392348 -0.607317 0)
(-0.433535 -0.591078 0)
(-0.480084 -0.569502 0)
(-0.532404 -0.540152 0)
(-0.590888 -0.500873 0)
(-0.00627725 -0.661132 0)
(-0.01897 -0.681153 0)
(-0.0341411 -0.686645 0)
(-0.050292 -0.689071 0)
(-0.0671786 -0.689782 0)
(-0.0844331 -0.68905 0)
(-0.101922 -0.68691 0)
(-0.119605 -0.683354 0)
(-0.137508 -0.678396 0)
(-0.155716 -0.672101 0)
(-0.174368 -0.664591 0)
(-0.193664 -0.656021 0)
(-0.213873 -0.646553 0)
(-0.235339 -0.636314 0)
(-0.25849 -0.625347 0)
(-0.283818 -0.613561 0)
(-0.31186 -0.600665 0)
(-0.34316 -0.586105 0)
(-0.37823 -0.568985 0)
(-0.417495 -0.548001 0)
(-0.461267 -0.521367 0)
(-0.509723 -0.486768 0)
(-0.562817 -0.442031 0)
(-0.00540593 -0.649825 0)
(-0.0169218 -0.667293 0)
(-0.0309 -0.671439 0)
(-0.0457781 -0.67303 0)
(-0.0613885 -0.673223 0)
(-0.0774048 -0.672149 0)
(-0.0937255 -0.669745 0)
(-0.110334 -0.665926 0)
(-0.12727 -0.660645 0)
(-0.144625 -0.653916 0)
(-0.162533 -0.645804 0)
(-0.181178 -0.636405 0)
(-0.200795 -0.625819 0)
(-0.221678 -0.614105 0)
(-0.244182 -0.601246 0)
(-0.26871 -0.587104 0)
(-0.295689 -0.571368 0)
(-0.325539 -0.553503 0)
(-0.358638 -0.532679 0)
(-0.395256 -0.507713 0)
(-0.43554 -0.47699 0)
(-0.479496 -0.438391 0)
(-0.526807 -0.389835 0)
(-0.00452896 -0.639891 0)
(-0.0149854 -0.654595 0)
(-0.0278626 -0.657488 0)
(-0.0414311 -0.658302 0)
(-0.0556732 -0.657986 0)
(-0.0703198 -0.656537 0)
(-0.0853167 -0.6538 0)
(-0.100676 -0.649626 0)
(-0.116453 -0.643921 0)
(-0.132737 -0.636658 0)
(-0.149653 -0.627861 0)
(-0.167359 -0.61758 0)
(-0.186056 -0.605865 0)
(-0.205986 -0.592727 0)
(-0.227434 -0.578108 0)
(-0.250718 -0.56184 0)
(-0.276165 -0.543608 0)
(-0.304082 -0.522905 0)
(-0.334725 -0.498981 0)
(-0.368238 -0.470779 0)
(-0.404631 -0.436867 0)
(-0.44379 -0.395347 0)
(-0.485239 -0.34428 0)
(-0.00376189 -0.631301 0)
(-0.0132317 -0.642937 0)
(-0.0251057 -0.644774 0)
(-0.0372979 -0.644948 0)
(-0.0500722 -0.644181 0)
(-0.0632252 -0.642349 0)
(-0.076762 -0.639227 0)
(-0.0907262 -0.634623 0)
(-0.105182 -0.628415 0)
(-0.120214 -0.620546 0)
(-0.135928 -0.611011 0)
(-0.152456 -0.599829 0)
(-0.169959 -0.587011 0)
(-0.188633 -0.572535 0)
(-0.208698 -0.556314 0)
(-0.230396 -0.538166 0)
(-0.253965 -0.517785 0)
(-0.279618 -0.494704 0)
(-0.307507 -0.468251 0)
(-0.337672 -0.437499 0)
(-0.370024 -0.401194 0)
(-0.404363 -0.357661 0)
(-0.440134 -0.305115 0)
(-0.00318195 -0.624053 0)
(-0.0116837 -0.632214 0)
(-0.0226898 -0.633316 0)
(-0.0333891 -0.633057 0)
(-0.0445811 -0.631925 0)
(-0.0561224 -0.629712 0)
(-0.0680827 -0.626159 0)
(-0.0805328 -0.621059 0)
(-0.0935389 -0.614281 0)
(-0.107171 -0.605757 0)
(-0.121511 -0.59546 0)
(-0.136661 -0.583386 0)
(-0.152747 -0.569518 0)
(-0.169919 -0.553809 0)
(-0.188345 -0.536156 0)
(-0.208203 -0.516375 0)
(-0.229657 -0.494175 0)
(-0.25284 -0.469137 0)
(-0.277824 -0.440671 0)
(-0.304569 -0.40797 0)
(-0.332913 -0.36995 0)
(-0.362599 -0.325138 0)
(-0.393055 -0.271902 0)
(-0.00273929 -0.617915 0)
(-0.0102013 -0.622234 0)
(-0.0206317 -0.623164 0)
(-0.0296716 -0.622751 0)
(-0.0391571 -0.621347 0)
(-0.048981 -0.618745 0)
(-0.0592726 -0.614707 0)
(-0.0701182 -0.609049 0)
(-0.0815734 -0.60165 0)
(-0.0936854 -0.59244 0)
(-0.106509 -0.581382 0)
(-0.120115 -0.568447 0)
(-0.134598 -0.5536 0)
(-0.150069 -0.536776 0)
(-0.166656 -0.517861 0)
(-0.184485 -0.496674 0)
(-0.203667 -0.472952 0)
(-0.224276 -0.446325 0)
(-0.24632 -0.416283 0)
(-0.269702 -0.382139 0)
(-0.294206 -0.342958 0)
(-0.319536 -0.297448 0)
(-0.345133 -0.244106 0)
(-0.00284058 -0.612183 0)
(-0.0087229 -0.612549 0)
(-0.0189797 -0.61437 0)
(-0.0260949 -0.614168 0)
(-0.0337401 -0.61256 0)
(-0.0417612 -0.609532 0)
(-0.0503215 -0.604944 0)
(-0.0594997 -0.598671 0)
(-0.0693257 -0.590617 0)
(-0.0798166 -0.580715 0)
(-0.0909978 -0.568916 0)
(-0.102913 -0.555175 0)
(-0.115629 -0.539435 0)
(-0.129228 -0.521616 0)
(-0.143808 -0.501596 0)
(-0.159462 -0.479207 0)
(-0.176265 -0.454213 0)
(-0.194256 -0.426295 0)
(-0.213405 -0.395028 0)
(-0.233577 -0.359836 0)
(-0.254519 -0.319926 0)
(-0.275899 -0.274168 0)
(-0.297167 -0.221158 0)
(-0.00575113 -0.606731 0)
(-0.00787083 -0.602682 0)
(-0.0179279 -0.607027 0)
(-0.0226211 -0.607419 0)
(-0.0282773 -0.605598 0)
(-0.0344419 -0.602061 0)
(-0.0412404 -0.596852 0)
(-0.048711 -0.589922 0)
(-0.0568428 -0.581203 0)
(-0.0656188 -0.57063 0)
(-0.0750372 -0.55814 0)
(-0.0851192 -0.543665 0)
(-0.0959094 -0.527129 0)
(-0.107472 -0.508436 0)
(-0.119884 -0.487461 0)
(-0.133222 -0.464041 0)
(-0.147548 -0.437971 0)
(-0.162889 -0.408984 0)
(-0.179209 -0.376738 0)
(-0.19637 -0.340769 0)
(-0.214109 -0.30043 0)
(-0.232065 -0.25475 0)
(-0.249657 -0.202425 0)
(-0.0160561 -0.602746 0)
(-0.00837838 -0.59352 0)
(-0.0177059 -0.601709 0)
(-0.0192306 -0.602804 0)
(-0.0227401 -0.600571 0)
(-0.0270375 -0.596365 0)
(-0.0320771 -0.59045 0)
(-0.037816 -0.582838 0)
(-0.0441927 -0.573473 0)
(-0.0511573 -0.562277 0)
(-0.0586868 -0.549164 0)
(-0.066786 -0.534044 0)
(-0.0754853 -0.516817 0)
(-0.0848356 -0.49737 0)
(-0.094902 -0.475571 0)
(-0.105756 -0.451263 0)
(-0.117461 -0.424258 0)
(-0.13006 -0.394338 0)
(-0.143551 -0.361233 0)
(-0.157844 -0.324598 0)
(-0.172732 -0.283941 0)
(-0.187882 -0.23849 0)
(-0.202678 -0.187099 0)
(-0.0396765 -0.596063 0)
(-0.00878324 -0.590844 0)
(-0.0181981 -0.600731 0)
(-0.0159015 -0.601443 0)
(-0.017114 -0.598215 0)
(-0.0195813 -0.593056 0)
(-0.0229018 -0.586334 0)
(-0.0269007 -0.578039 0)
(-0.0314642 -0.568078 0)
(-0.0365179 -0.556335 0)
(-0.042026 -0.542693 0)
(-0.0479845 -0.52703 0)
(-0.0544139 -0.509226 0)
(-0.0613547 -0.489147 0)
(-0.0688629 -0.466648 0)
(-0.0770058 -0.441566 0)
(-0.0858571 -0.413723 0)
(-0.0954894 -0.38292 0)
(-0.105961 -0.348941 0)
(-0.117293 -0.31153 0)
(-0.129437 -0.270359 0)
(-0.142247 -0.224907 0)
(-0.155253 -0.174315 0)
(-0.0830823 -0.566238 0)
(-0.00647139 -0.605867 0)
(-0.0178507 -0.606923 0)
(-0.0121098 -0.603969 0)
(-0.0111829 -0.598757 0)
(-0.0120196 -0.592361 0)
(-0.0137488 -0.584813 0)
(-0.0160438 -0.57593 0)
(-0.0187591 -0.56551 0)
(-0.0218157 -0.553375 0)
(-0.0251779 -0.539364 0)
(-0.0288387 -0.523329 0)
(-0.0328113 -0.505126 0)
(-0.0371246 -0.484602 0)
(-0.0418212 -0.461597 0)
(-0.0469567 -0.435933 0)
(-0.0526017 -0.407416 0)
(-0.0588447 -0.375838 0)
(-0.0657967 -0.340974 0)
(-0.0735979 -0.302583 0)
(-0.0824268 -0.260407 0)
(-0.0924884 -0.214152 0)
(-0.103822 -0.163502 0)
(-0.121817 -0.497805 0)
(-0.00301827 -0.636209 0)
(-0.0109251 -0.613959 0)
(-0.00560191 -0.604797 0)
(-0.00421719 -0.597033 0)
(-0.0041547 -0.589427 0)
(-0.00461318 -0.581219 0)
(-0.00533444 -0.571923 0)
(-0.00622616 -0.561201 0)
(-0.00724573 -0.54881 0)
(-0.0083757 -0.534561 0)
(-0.00961265 -0.518288 0)
(-0.010962 -0.499833 0)
(-0.012436 -0.479037 0)
(-0.0140527 -0.455727 0)
(-0.015838 -0.429713 0)
(-0.0178284 -0.400783 0)
(-0.0200774 -0.368695 0)
(-0.0226691 -0.33316 0)
(-0.0257464 -0.293825 0)
(-0.0295714 -0.250226 0)
(-0.0346626 -0.20177 0)
(-0.0419342 -0.147869 0)
(1.03198 0.87294 0)
(0.717504 0.607752 0)
(0.331543 0.328177 0)
(0.15327 0.149062 0)
(1.32229 0.822407 0)
(1.3156 0.79038 0)
(1.216 0.701019 0)
(1.10895 0.598235 0)
(1.27092 0.630527 0)
(1.34481 0.670945 0)
(1.39172 0.688959 0)
(1.40438 0.677831 0)
(1.18558 0.507934 0)
(1.24423 0.545124 0)
(1.30163 0.578556 0)
(1.35213 0.603625 0)
(1.10386 0.401926 0)
(1.14903 0.432355 0)
(1.1955 0.463899 0)
(1.24244 0.494632 0)
(1.05789 0.327339 0)
(1.0943 0.354862 0)
(1.13001 0.382695 0)
(1.16733 0.409785 0)
(1.02596 0.274681 0)
(1.06244 0.298948 0)
(1.09763 0.32371 0)
(1.13437 0.348594 0)
(1.01375 0.198282 0)
(1.03007 0.245646 0)
(1.05494 0.282743 0)
(1.09225 0.3122 0)
(1.27521 0.111557 0)
(1.29661 0.103981 0)
(1.31435 0.0907637 0)
(1.33274 0.0839726 0)
(1.45752 0.12222 0)
(1.49402 0.155078 0)
(1.51962 0.182807 0)
(1.53719 0.207678 0)
(1.4839 0.000717214 0)
(1.53989 0.0430791 0)
(1.59108 0.0881239 0)
(1.63549 0.137976 0)
(1.41834 -0.135531 0)
(1.4871 -0.0882984 0)
(1.55444 -0.0340083 0)
(1.61721 0.0288312 0)
(1.29863 -0.292545 0)
(1.37664 -0.245995 0)
(1.4554 -0.186624 0)
(1.53159 -0.112169 0)
(1.15161 -0.464593 0)
(1.23532 -0.423384 0)
(1.3216 -0.363401 0)
(1.40742 -0.280421 0)
(0.986637 -0.64213 0)
(1.06986 -0.610006 0)
(1.15703 -0.553922 0)
(1.2458 -0.467287 0)
(0.803547 -0.809201 0)
(0.879002 -0.788054 0)
(0.959442 -0.739023 0)
(1.04374 -0.653536 0)
(0.605459 -0.951639 0)
(0.667651 -0.942844 0)
(0.735936 -0.904175 0)
(0.810115 -0.825883 0)
(0.400259 -1.06073 0)
(0.445649 -1.06517 0)
(0.497833 -1.03992 0)
(0.557192 -0.974143 0)
(0.198698 -1.13234 0)
(0.225992 -1.14993 0)
(0.260445 -1.14065 0)
(0.30368 -1.0921 0)
(0.0094587 -1.16619 0)
(0.0185776 -1.19602 0)
(0.0345883 -1.20504 0)
(0.0603053 -1.17937 0)
(-0.160511 -1.16354 0)
(-0.168557 -1.2028 0)
(-0.171272 -1.22986 0)
(-0.166048 -1.23207 0)
(-0.306585 -1.12845 0)
(-0.329455 -1.17227 0)
(-0.349707 -1.2126 0)
(-0.365481 -1.23873 0)
(-0.427327 -1.06727 0)
(-0.461864 -1.10985 0)
(-0.496826 -1.15594 0)
(-0.530916 -1.19721 0)
(-0.522777 -0.987173 0)
(-0.565383 -1.02319 0)
(-0.611033 -1.06706 0)
(-0.658798 -1.11248 0)
(-0.593424 -0.89569 0)
(-0.64021 -0.921441 0)
(-0.691751 -0.956789 0)
(-0.747533 -0.996656 0)
(-0.640348 -0.800051 0)
(-0.687703 -0.814071 0)
(-0.740374 -0.837585 0)
(-0.79841 -0.866143 0)
(-0.665557 -0.706211 0)
(-0.710746 -0.709111 0)
(-0.760832 -0.720482 0)
(-0.816331 -0.736281 0)
(-0.671748 -0.618166 0)
(-0.713197 -0.611818 0)
(-0.758628 -0.612702 0)
(-0.808754 -0.617217 0)
(-0.661826 -0.537908 0)
(-0.698926 -0.524528 0)
(-0.739017 -0.517276 0)
(-0.782813 -0.513068 0)
(-0.638631 -0.466112 0)
(-0.671328 -0.447673 0)
(-0.706177 -0.434467 0)
(-0.743819 -0.423949 0)
(-0.604918 -0.402781 0)
(-0.63338 -0.380807 0)
(-0.663362 -0.363349 0)
(-0.695435 -0.34836 0)
(-0.563392 -0.347658 0)
(-0.587864 -0.323267 0)
(-0.613389 -0.302788 0)
(-0.640493 -0.284622 0)
(-0.516573 -0.300338 0)
(-0.537336 -0.274352 0)
(-0.558805 -0.251744 0)
(-0.58146 -0.231298 0)
(-0.466605 -0.260261 0)
(-0.48399 -0.233306 0)
(-0.501816 -0.209247 0)
(-0.520509 -0.187183 0)
(-0.415121 -0.226764 0)
(-0.429496 -0.199307 0)
(-0.444108 -0.174324 0)
(-0.459329 -0.151153 0)
(-0.363274 -0.19913 0)
(-0.375003 -0.171511 0)
(-0.386816 -0.146 0)
(-0.399035 -0.122118 0)
(-0.311861 -0.176657 0)
(-0.321281 -0.14912 0)
(-0.330669 -0.123372 0)
(-0.340303 -0.0990687 0)
(-0.261432 -0.158668 0)
(-0.268873 -0.131418 0)
(-0.276171 -0.105665 0)
(-0.28357 -0.0811535 0)
(-0.212256 -0.144375 0)
(-0.21814 -0.117656 0)
(-0.223735 -0.0921695 0)
(-0.229244 -0.0676874 0)
(-0.163804 -0.132727 0)
(-0.168925 -0.106805 0)
(-0.173574 -0.0820515 0)
(-0.177799 -0.0580902 0)
(-0.112695 -0.122958 0)
(-0.118593 -0.0980363 0)
(-0.124157 -0.0744377 0)
(-0.12865 -0.0514011 0)
(-0.0494728 -0.104304 0)
(-0.0553207 -0.0773334 0)
(-0.0618579 -0.052475 0)
(-0.0688147 -0.0318077 0)
(0.183495 0.268175 0)
(0.0783422 0.344989 0)
(-0.053347 0.0306743 0)
(-0.142117 -0.0576406 0)
(-0.149073 -0.114457 0)
(-0.128072 -0.148378 0)
(-0.0913175 -0.162121 0)
(-0.047848 -0.158575 0)
(-0.00681103 -0.141733 0)
(0.0264371 -0.116619 0)
(0.050378 -0.0876622 0)
(0.065276 -0.0581304 0)
(0.0721086 -0.0302576 0)
(0.0720937 -0.00560227 0)
(0.0664226 0.0147534 0)
(0.0562098 0.0301487 0)
(0.0425468 0.0402928 0)
(0.0268286 0.0453223 0)
(0.00980483 0.0458942 0)
(0.937811 0.47687 0)
(0.787384 0.365696 0)
(0.730098 0.354281 0)
(0.357232 0.1409 0)
(0.145564 -0.0718164 0)
(0.0261453 -0.156058 0)
(-0.0102518 -0.192037 0)
(0.00377624 -0.194754 0)
(0.0364044 -0.174756 0)
(0.0669695 -0.141955 0)
(0.0882301 -0.104126 0)
(0.0993329 -0.0663833 0)
(0.101585 -0.0315576 0)
(0.0966817 -0.00123023 0)
(0.0861711 0.0236602 0)
(0.0713368 0.0425911 0)
(0.0532887 0.0553832 0)
(0.033447 0.0622505 0)
(0.0123535 0.0638005 0)
(1.35082 0.620949 0)
(1.23408 0.547155 0)
(1.10982 0.467987 0)
(0.984171 0.390861 0)
(0.645528 0.238016 0)
(0.351957 0.000891078 0)
(0.172344 -0.151889 0)
(0.101995 -0.206451 0)
(0.100832 -0.199748 0)
(0.120679 -0.163367 0)
(0.136554 -0.116782 0)
(0.1422 -0.0701061 0)
(0.138396 -0.0278483 0)
(0.127228 0.00825555 0)
(0.11056 0.0375356 0)
(0.0898507 0.0597642 0)
(0.0662772 0.0749866 0)
(0.0412967 0.0835842 0)
(0.015282 0.0861887 0)
(1.40705 0.618307 0)
(1.40775 0.610602 0)
(1.3453 0.587028 0)
(1.25651 0.535928 0)
(1.13777 0.457354 0)
(0.817901 0.316801 0)
(0.497098 0.0594749 0)
(0.290654 -0.138917 0)
(0.207828 -0.196938 0)
(0.194553 -0.174 0)
(0.197608 -0.122669 0)
(0.194703 -0.0674844 0)
(0.182743 -0.0176928 0)
(0.163626 0.0241023 0)
(0.139389 0.057488 0)
(0.111574 0.0826516 0)
(0.0813779 0.0999719 0)
(0.0502828 0.110061 0)
(0.0185779 0.113511 0)
(1.31883 0.537787 0)
(1.39683 0.58428 0)
(1.41925 0.613671 0)
(1.38873 0.622203 0)
(1.32485 0.592697 0)
(1.2113 0.52222 0)
(0.905187 0.368721 0)
(0.585566 0.0768176 0)
(0.383666 -0.119932 0)
(0.301505 -0.156852 0)
(0.274757 -0.115462 0)
(0.257326 -0.0554131 0)
(0.234302 0.000888015 0)
(0.205278 0.0477768 0)
(0.172043 0.0846963 0)
(0.136014 0.112243 0)
(0.0982689 0.131185 0)
(0.0602515 0.142405 0)
(0.0222047 0.146428 0)
(1.23373 0.450876 0)
(1.32806 0.511042 0)
(1.39698 0.577187 0)
(1.42177 0.633444 0)
(1.40161 0.661788 0)
(1.34914 0.64361 0)
(1.23162 0.571913 0)
(0.918773 0.373637 0)
(0.625003 0.0745154 0)
(0.452714 -0.080813 0)
(0.373103 -0.0833642 0)
(0.330301 -0.0290947 0)
(0.292143 0.0304686 0)
(0.251043 0.0809249 0)
(0.207455 0.120288 0)
(0.162326 0.149376 0)
(0.11639 0.169301 0)
(0.0709031 0.18119 0)
(0.026078 0.185473 0)
(1.19847 0.388987 0)
(1.28854 0.456506 0)
(1.36398 0.527137 0)
(1.4141 0.606891 0)
(1.42332 0.679195 0)
(1.39702 0.709634 0)
(1.34331 0.692078 0)
(1.17592 0.595852 0)
(0.87264 0.337525 0)
(0.63737 0.0755427 0)
(0.495099 -0.0094586 0)
(0.413761 0.0186077 0)
(0.354631 0.0742573 0)
(0.299158 0.125214 0)
(0.244099 0.165202 0)
(0.189337 0.194617 0)
(0.134947 0.214709 0)
(0.0817971 0.226719 0)
(0.0300265 0.230834 0)
(1.16878 0.346157 0)
(1.27106 0.402292 0)
(1.35852 0.486521 0)
(1.41573 0.581017 0)
(1.43165 0.676322 0)
(1.41338 0.746496 0)
(1.37668 0.764303 0)
(1.3042 0.739361 0)
(1.06217 0.573861 0)
(0.819236 0.28864 0)
(0.631727 0.117494 0)
(0.505534 0.0963861 0)
(0.419194 0.135923 0)
(0.347257 0.182152 0)
(0.280089 0.220048 0)
(0.21563 0.248164 0)
(0.15298 0.267437 0)
(0.0923964 0.27898 0)
(0.0338519 0.282538 0)
(1.31644 0.151282 0)
(1.26814 0.307399 0)
(1.35653 0.436823 0)
(1.42333 0.56258 0)
(1.44114 0.681061 0)
(1.41801 0.773906 0)
(1.38228 0.815855 0)
(1.33776 0.822104 0)
(1.18127 0.745635 0)
(0.953223 0.50307 0)
(0.756482 0.283685 0)
(0.595733 0.206528 0)
(0.481193 0.217655 0)
(0.392239 0.252462 0)
(0.313252 0.284855 0)
(0.239667 0.309746 0)
(0.169459 0.327103 0)
(0.102118 0.337588 0)
(0.0373772 0.340236 0)
(1.5591 0.241051 0)
(1.57548 0.226775 0)
(1.54524 0.286757 0)
(1.44302 0.524243 0)
(1.43997 0.699195 0)
(1.41244 0.806903 0)
(1.37076 0.864796 0)
(1.33016 0.884464 0)
(1.2327 0.868303 0)
(1.02767 0.690184 0)
(0.848945 0.465042 0)
(0.672505 0.341639 0)
(0.534856 0.317981 0)
(0.430713 0.33536 0)
(0.34138 0.358805 0)
(0.259964 0.378533 0)
(0.183398 0.392898 0)
(0.110389 0.401786 0)
(0.0403885 0.403253 0)
(1.69533 0.228902 0)
(1.73715 0.331198 0)
(1.74781 0.382039 0)
(1.4757 0.613421 0)
(1.42608 0.740915 0)
(1.39174 0.851059 0)
(1.34504 0.915516 0)
(1.30434 0.942048 0)
(1.2412 0.958414 0)
(1.05772 0.842811 0)
(0.905778 0.644172 0)
(0.72712 0.491188 0)
(0.574845 0.432457 0)
(0.45961 0.428442 0)
(0.362549 0.440161 0)
(0.275275 0.45312 0)
(0.193986 0.463609 0)
(0.116733 0.470491 0)
(0.0427409 0.470625 0)
(1.70727 0.148971 0)
(1.76983 0.349207 0)
(1.80671 0.534815 0)
(1.46519 0.751674 0)
(1.40374 0.813238 0)
(1.35685 0.905141 0)
(1.30739 0.964584 0)
(1.26602 0.991558 0)
(1.21811 1.02698 0)
(1.05448 0.965767 0)
(0.926947 0.810833 0)
(0.753495 0.644747 0)
(0.596909 0.554794 0)
(0.4766 0.527944 0)
(0.375379 0.526376 0)
(0.284761 0.53162 0)
(0.200688 0.537706 0)
(0.120819 0.542358 0)
(0.0443023 0.541091 0)
(1.64516 0.040445 0)
(1.73437 0.332045 0)
(1.79689 0.650085 0)
(1.51767 0.852201 0)
(1.38238 0.891761 0)
(1.31109 0.971844 0)
(1.26029 1.01675 0)
(1.21939 1.03708 0)
(1.17543 1.08171 0)
(1.02901 1.07293 0)
(0.915071 0.964958 0)
(0.750368 0.794188 0)
(0.599517 0.677859 0)
(0.480724 0.629194 0)
(0.379342 0.614393 0)
(0.288133 0.61186 0)
(0.203326 0.61348 0)
(0.122533 0.615917 0)
(0.0450108 0.613309 0)
(1.53999 -0.0954763 0)
(1.66079 0.290475 0)
(1.75115 0.736893 0)
(1.5226 0.984754 0)
(1.33832 1.01736 0)
(1.2581 1.05245 0)
(1.2081 1.07156 0)
(1.16948 1.08294 0)
(1.1284 1.12929 0)
(0.989495 1.17548 0)
(0.873564 1.10876 0)
(0.721129 0.933501 0)
(0.584233 0.79488 0)
(0.472701 0.727463 0)
(0.37492 0.701111 0)
(0.285717 0.691649 0)
(0.202102 0.689226 0)
(0.121972 0.689701 0)
(0.0448999 0.685935 0)
(1.38661 -0.258454 0)
(1.5413 0.219897 0)
(1.66023 0.809628 0)
(1.40981 1.10394 0)
(1.27508 1.13838 0)
(1.20553 1.13204 0)
(1.15871 1.12468 0)
(1.12535 1.12573 0)
(1.09022 1.17381 0)
(0.932517 1.28543 0)
(0.806019 1.24466 0)
(0.672405 1.05797 0)
(0.555087 0.900352 0)
(0.454839 0.818827 0)
(0.363536 0.783892 0)
(0.27839 0.769074 0)
(0.197543 0.76342 0)
(0.119408 0.762376 0)
(0.0440535 0.757679 0)
(1.17865 -0.433883 0)
(1.37471 0.117534 0)
(1.51129 0.863568 0)
(1.28741 1.19955 0)
(1.21997 1.23048 0)
(1.16384 1.20053 0)
(1.11905 1.16795 0)
(1.08539 1.1604 0)
(1.04592 1.24895 0)
(0.858481 1.41745 0)
(0.724709 1.37233 0)
(0.613732 1.16424 0)
(0.517978 0.991067 0)
(0.430643 0.900931 0)
(0.347276 0.860994 0)
(0.267399 0.842761 0)
(0.190382 0.834891 0)
(0.115222 0.832852 0)
(0.0425856 0.827448 0)
(0.932491 -0.613443 0)
(1.15816 -0.0325447 0)
(1.30571 0.89185 0)
(1.22846 1.23233 0)
(1.18266 1.29806 0)
(1.13866 1.25885 0)
(1.08667 1.19796 0)
(1.01274 1.18799 0)
(0.913643 1.36439 0)
(0.758086 1.55957 0)
(0.638791 1.48276 0)
(0.554026 1.24935 0)
(0.478802 1.06635 0)
(0.403858 0.973244 0)
(0.328383 0.93179 0)
(0.254064 0.91202 0)
(0.181375 0.902902 0)
(0.109805 0.900347 0)
(0.0406183 0.894397 0)
(0.660241 -0.780131 0)
(0.82216 -0.197893 0)
(1.1407 0.887088 0)
(1.15043 1.24761 0)
(1.14293 1.32954 0)
(1.10929 1.32775 0)
(1.05187 1.26895 0)
(0.864218 1.23388 0)
(0.697478 1.4725 0)
(0.632087 1.66958 0)
(0.563291 1.55851 0)
(0.503378 1.31167 0)
(0.443592 1.1279 0)
(0.377977 1.03703 0)
(0.308809 0.996791 0)
(0.23946 0.976843 0)
(0.171097 0.967135 0)
(0.103435 0.964348 0)
(0.0382377 0.957878 0)
(0.388001 -0.923607 0)
(0.531683 -0.37652 0)
(0.949318 0.54449 0)
(1.08855 1.20033 0)
(1.08552 1.3407 0)
(1.06361 1.39989 0)
(1.01786 1.40662 0)
(0.847728 1.39454 0)
(0.557421 1.58172 0)
(0.568473 1.73595 0)
(0.532816 1.60379 0)
(0.476226 1.35958 0)
(0.418561 1.18186 0)
(0.355617 1.09573 0)
(0.289664 1.05761 0)
(0.224063 1.03778 0)
(0.159732 1.02757 0)
(0.0961684 1.0245 0)
(0.0354559 1.01734 0)
(0.11996 -1.04968 0)
(0.264851 -0.568174 0)
(0.564166 0.21548 0)
(0.988928 1.19354 0)
(0.999878 1.34693 0)
(1.005 1.44175 0)
(0.967909 1.53051 0)
(0.892026 1.5636 0)
(0.657888 1.66015 0)
(0.602731 1.79341 0)
(0.552822 1.65543 0)
(0.474515 1.41338 0)
(0.403789 1.23863 0)
(0.33607 1.15441 0)
(0.270226 1.11643 0)
(0.207325 1.09556 0)
(0.146894 1.0842 0)
(0.0877759 1.08042 0)
(0.0322011 1.07217 0)
(-0.138412 -1.14953 0)
(-0.00352087 -0.75853 0)
(0.234101 -0.0811177 0)
(0.741279 0.810339 0)
(0.921231 1.26973 0)
(0.934627 1.45761 0)
(0.920334 1.57985 0)
(0.891185 1.64627 0)
(0.788671 1.72765 0)
(0.652609 1.88503 0)
(0.571893 1.74225 0)
(0.474154 1.48795 0)
(0.388427 1.30565 0)
(0.313765 1.21654 0)
(0.24753 1.17451 0)
(0.187606 1.15036 0)
(0.131648 1.13673 0)
(0.0777925 1.13149 0)
(0.0283428 1.12155 0)
(-0.37476 -1.20764 0)
(-0.291201 -0.924875 0)
(-0.0668982 -0.355607 0)
(0.300819 0.420169 0)
(0.79421 1.1823 0)
(0.826249 1.44147 0)
(0.8534 1.59507 0)
(0.850165 1.71121 0)
(0.816978 1.79831 0)
(0.674112 1.9673 0)
(0.53289 1.85003 0)
(0.444306 1.57703 0)
(0.357086 1.38014 0)
(0.280924 1.28069 0)
(0.217612 1.23075 0)
(0.162796 1.20119 0)
(0.112868 1.18415 0)
(0.0657087 1.17665 0)
(0.0237506 1.16438 0)
(-0.577941 -1.21152 0)
(-0.567913 -1.04773 0)
(-0.390591 -0.622065 0)
(-0.111306 0.0389661 0)
(0.506912 0.876365 0)
(0.680446 1.34371 0)
(0.742979 1.58249 0)
(0.753574 1.73604 0)
(0.748641 1.86738 0)
(0.634438 2.08052 0)
(0.421219 1.9589 0)
(0.371369 1.66211 0)
(0.299971 1.45116 0)
(0.232183 1.34085 0)
(0.177621 1.28168 0)
(0.13133 1.24582 0)
(0.0897755 1.22481 0)
(0.05123 1.21447 0)
(0.0183564 1.19928 0)
(-0.738131 -1.15402 0)
(-0.812737 -1.08792 0)
(-0.756519 -0.819005 0)
(-0.517541 -0.295235 0)
(-0.107241 0.444744 0)
(0.435948 1.14633 0)
(0.572713 1.51995 0)
(0.595607 1.72157 0)
(0.576467 1.9442 0)
(0.486334 2.23506 0)
(0.272185 2.06015 0)
(0.265119 1.72912 0)
(0.216595 1.50822 0)
(0.166733 1.38995 0)
(0.126924 1.3228 0)
(0.0928693 1.28136 0)
(0.0623882 1.25659 0)
(0.0344749 1.24335 0)
(0.0121908 1.22474 0)
(-0.847884 -1.04311 0)
(-0.988379 -1.03045 0)
(-1.06598 -0.884815 0)
(-0.989347 -0.532254 0)
(-0.713572 0.0604098 0)
(-0.312465 0.763615 0)
(0.136883 1.42193 0)
(0.258672 1.67552 0)
(0.237535 1.9905 0)
(0.142445 2.34154 0)
(0.0789056 2.11264 0)
(0.124676 1.75973 0)
(0.108425 1.54177 0)
(0.0863939 1.42116 0)
(0.0667841 1.34963 0)
(0.0485129 1.30476 0)
(0.0317631 1.27729 0)
(0.0159726 1.2618 0)
(0.00523353 1.23967 0)
(-0.906372 -0.900736 0)
(-1.07935 -0.896703 0)
(-1.24809 -0.813003 0)
(-1.3505 -0.589671 0)
(-1.30413 -0.165904 0)
(-1.09039 0.448591 0)
(-0.778115 1.09737 0)
(-0.494399 1.63652 0)
(-0.33062 2.02335 0)
(-0.337796 2.28743 0)
(-0.169065 2.04717 0)
(-0.0501666 1.73399 0)
(-0.0166822 1.54067 0)
(-0.00352834 1.42789 0)
(0.000871844 1.35824 0)
(0.00103304 1.31345 0)
(-3.77538e-05 1.28528 0)
(-0.00331589 1.26949 0)
(-0.00252425 1.24275 0)
(-0.920267 -0.752015 0)
(-1.09327 -0.72979 0)
(-1.28858 -0.654031 0)
(-1.478 -0.48967 0)
(-1.6047 -0.188205 0)
(-1.60005 0.278869 0)
(-1.44823 0.860899 0)
(-1.20831 1.43092 0)
(-0.956784 1.8818 0)
(-0.708916 2.06625 0)
(-0.395868 1.87162 0)
(-0.223149 1.64738 0)
(-0.139398 1.49979 0)
(-0.0925755 1.40713 0)
(-0.0642606 1.34666 0)
(-0.045265 1.30609 0)
(-0.0306864 1.28002 0)
(-0.0218031 1.26769 0)
(-0.0100384 1.23236 0)
(-0.901931 -0.615047 0)
(-1.05533 -0.569273 0)
(-1.23208 -0.47923 0)
(-1.41936 -0.326986 0)
(-1.58501 -0.0824887 0)
(-1.67428 0.275003 0)
(-1.63492 0.727603 0)
(-1.46014 1.19559 0)
(-1.18255 1.57737 0)
(-0.847208 1.73167 0)
(-0.535268 1.64272 0)
(-0.349462 1.51988 0)
(-0.238801 1.42757 0)
(-0.168997 1.36276 0)
(-0.121397 1.3166 0)
(-0.0860817 1.2837 0)
(-0.0578481 1.26243 0)
(-0.0377313 1.25593 0)
(-0.0161608 1.21098 0)
(-0.863253 -0.497218 0)
(-0.991198 -0.43368 0)
(-1.13394 -0.330601 0)
(-1.28288 -0.180072 0)
(-1.41788 0.0333491 0)
(-1.50344 0.319337 0)
(-1.49605 0.663948 0)
(-1.36906 1.0163 0)
(-1.13297 1.30039 0)
(-0.843694 1.43589 0)
(-0.591723 1.42896 0)
(-0.421885 1.38482 0)
(-0.306711 1.34048 0)
(-0.22583 1.303 0)
(-0.165635 1.27256 0)
(-0.118435 1.24927 0)
(-0.0798148 1.23465 0)
(-0.0500859 1.23466 0)
(-0.0203469 1.1814 0)
(-0.812137 -0.39877 0)
(-0.916393 -0.32515 0)
(-1.02677 -0.21661 0)
(-1.1356 -0.0708124 0)
(-1.22873 0.117959 0)
(-1.28357 0.351372 0)
(-1.27263 0.616837 0)
(-1.17667 0.881177 0)
(-1.00163 1.09569 0)
(-0.789375 1.21924 0)
(-0.599386 1.25877 0)
(-0.454999 1.26212 0)
(-0.346063 1.2514 0)
(-0.262207 1.2359 0)
(-0.195605 1.21995 0)
(-0.141291 1.20663 0)
(-0.0958176 1.19931 0)
(-0.0586608 1.20534 0)
(-0.0227225 1.14623 0)
(-0.753098 -0.317152 0)
(-0.837763 -0.239396 0)
(-0.922683 -0.131822 0)
(-1.00098 0.00494399 0)
(-1.06217 0.171565 0)
(-1.09188 0.365367 0)
(-1.07452 0.575237 0)
(-1.00029 0.779608 0)
(-0.874933 0.950052 0)
(-0.724462 1.0647 0)
(-0.581777 1.12613 0)
(-0.461531 1.15545 0)
(-0.362355 1.16628 0)
(-0.28049 1.1671 0)
(-0.212381 1.16348 0)
(-0.155079 1.15943 0)
(-0.105914 1.15903 0)
(-0.0637194 1.17004 0)
(-0.0236705 1.10784 0)
(-0.688901 -0.249526 0)
(-0.757831 -0.171219 0)
(-0.824051 -0.0682111 0)
(-0.881354 0.0573879 0)
(-0.922085 0.204185 0)
(-0.937181 0.367855 0)
(-0.918005 0.539309 0)
(-0.860338 0.704147 0)
(-0.769095 0.845537 0)
(-0.659533 0.951124 0)
(-0.549609 1.02065 0)
(-0.449271 1.06333 0)
(-0.360825 1.0876 0)
(-0.284147 1.10034 0)
(-0.218102 1.10673 0)
(-0.160959 1.11063 0)
(-0.110677 1.11616 0)
(-0.065733 1.13092 0)
(-0.0235661 1.06821 0)
(-0.621736 -0.193666 0)
(-0.67776 -0.116571 0)
(-0.730014 -0.0194277 0)
(-0.773156 0.0950571 0)
(-0.801519 0.224602 0)
(-0.809202 0.364981 0)
(-0.791362 0.509044 0)
(-0.746364 0.64691 0)
(-0.677879 0.76795 0)
(-0.594892 0.864487 0)
(-0.507816 0.935212 0)
(-0.423815 0.984214 0)
(-0.346347 1.01678 0)
(-0.276801 1.03806 0)
(-0.215132 1.0522 0)
(-0.160338 1.06245 0)
(-0.110926 1.07267 0)
(-0.0652442 1.08999 0)
(-0.0227105 1.02886 0)
(-0.553619 -0.147911 0)
(-0.598808 -0.0727157 0)
(-0.640144 0.0185385 0)
(-0.67326 0.122977 0)
(-0.693874 0.238135 0)
(-0.69797 0.36033 0)
(-0.682652 0.484071 0)
(-0.647306 0.602403 0)
(-0.594519 0.708226 0)
(-0.529835 0.796362 0)
(-0.459818 0.865301 0)
(-0.389802 0.916904 0)
(-0.323176 0.954493 0)
(-0.261664 0.981654 0)
(-0.205652 1.00146 0)
(-0.15462 1.01648 0)
(-0.107548 1.03015 0)
(-0.062788 1.04897 0)
(-0.0213291 0.990983 0)
(-0.486193 -0.110874 0)
(-0.522238 -0.0377179 0)
(-0.554785 0.0482363 0)
(-0.580353 0.144131 0)
(-0.595685 0.247602 0)
(-0.597953 0.35556 0)
(-0.585283 0.463823 0)
(-0.557421 0.567402 0)
(-0.516167 0.661366 0)
(-0.465145 0.742071 0)
(-0.408767 0.808132 0)
(-0.350989 0.860354 0)
(-0.29463 0.900758 0)
(-0.241281 0.93172 0)
(-0.19149 0.955404 0)
(-0.145076 0.973771 0)
(-0.101389 0.989789 0)
(-0.0588468 1.00926 0)
(-0.019588 0.955437 0)
(-0.420535 -0.081274 0)
(-0.44895 -0.0100477 0)
(-0.474417 0.071388 0)
(-0.494149 0.160279 0)
(-0.50567 0.254431 0)
(-0.506948 0.351285 0)
(-0.496704 0.447646 0)
(-0.474814 0.539881 0)
(-0.442532 0.624487 0)
(-0.402312 0.698834 0)
(-0.357197 0.76174 0)
(-0.310053 0.813455 0)
(-0.263057 0.855141 0)
(-0.217546 0.888309 0)
(-0.174109 0.914443 0)
(-0.132785 0.935006 0)
(-0.0931934 0.952461 0)
(-0.0538334 0.971891 0)
(-0.0176102 0.92285 0)
(-0.357219 -0.0579382 0)
(-0.379344 0.0116295 0)
(-0.399183 0.0893738 0)
(-0.414448 0.172653 0)
(-0.423227 0.259466 0)
(-0.424031 0.347705 0)
(-0.415965 0.434908 0)
(-0.398958 0.518393 0)
(-0.373883 0.595616 0)
(-0.342417 0.664638 0)
(-0.30666 0.72446 0)
(-0.268648 0.775033 0)
(-0.230006 0.816972 0)
(-0.191815 0.851205 0)
(-0.154638 0.878723 0)
(-0.118629 0.900587 0)
(-0.0835883 0.918771 0)
(-0.0480918 0.937649 0)
(-0.0154897 0.893642 0)
(-0.296536 -0.0398797 0)
(-0.313513 0.0284743 0)
(-0.328964 0.103361 0)
(-0.340889 0.182238 0)
(-0.347753 0.26333 0)
(-0.348447 0.344915 0)
(-0.342334 0.425087 0)
(-0.329373 0.501829 0)
(-0.310169 0.57325 0)
(-0.285866 0.637876 0)
(-0.257903 0.694858 0)
(-0.22771 0.74399 0)
(-0.196478 0.785549 0)
(-0.165055 0.820081 0)
(-0.133934 0.848228 0)
(-0.103307 0.870731 0)
(-0.0730855 0.889116 0)
(-0.0419075 0.907055 0)
(-0.0133029 0.868057 0)
(-0.238804 -0.0263937 0)
(-0.251624 0.0414069 0)
(-0.263776 0.11429 0)
(-0.273267 0.189807 0)
(-0.278814 0.266483 0)
(-0.279596 0.342959 0)
(-0.275181 0.417759 0)
(-0.265559 0.489334 0)
(-0.25115 0.55623 0)
(-0.232735 0.617286 0)
(-0.211292 0.67177 0)
(-0.187815 0.719398 0)
(-0.163163 0.760244 0)
(-0.137976 0.794603 0)
(-0.112654 0.82287 0)
(-0.0873772 0.845541 0)
(-0.062109 0.863745 0)
(-0.0355409 0.880482 0)
(-0.0111343 0.846266 0)
(-0.184714 -0.0169538 0)
(-0.1944 0.0513549 0)
(-0.20437 0.123011 0)
(-0.212189 0.195932 0)
(-0.216772 0.269174 0)
(-0.217624 0.341744 0)
(-0.21453 0.412482 0)
(-0.207538 0.480153 0)
(-0.196959 0.543588 0)
(-0.183326 0.601828 0)
(-0.1673 0.654226 0)
(-0.14956 0.70046 0)
(-0.130709 0.740482 0)
(-0.111213 0.774422 0)
(-0.0913701 0.802499 0)
(-0.0713137 0.825011 0)
(-0.0510121 0.842738 0)
(-0.0291966 0.857997 0)
(-0.00903893 0.827918 0)
(-0.135488 -0.00962232 0)
(-0.143961 0.0610029 0)
(-0.153397 0.131132 0)
(-0.16028 0.201294 0)
(-0.163992 0.271435 0)
(-0.164598 0.340813 0)
(-0.162199 0.408409 0)
(-0.156953 0.473136 0)
(-0.149126 0.533974 0)
(-0.139095 0.590082 0)
(-0.127302 0.640862 0)
(-0.114207 0.685973 0)
(-0.100223 0.725296 0)
(-0.085685 0.758855 0)
(-0.0708148 0.786748 0)
(-0.0557097 0.809126 0)
(-0.0403338 0.826492 0)
(-0.0234573 0.840622 0)
(-0.00733452 0.814414 0)
(-0.0930979 0.00653405 0)
(-0.106604 0.0762385 0)
(-0.118535 0.14082 0)
(-0.125034 0.206506 0)
(-0.127604 0.273015 0)
(-0.127286 0.339257 0)
(-0.124565 0.404047 0)
(-0.119746 0.466257 0)
(-0.113107 0.524897 0)
(-0.104944 0.579169 0)
(-0.0955734 0.6285 0)
(-0.0853116 0.672537 0)
(-0.0744547 0.711107 0)
(-0.0632581 0.744162 0)
(-0.0519221 0.771701 0)
(-0.0405797 0.793723 0)
(-0.029298 0.810353 0)
(-0.0173769 0.822463 0)
(-0.00580836 0.7977 0)
)
;

boundaryField
{
    leftWall
    {
        type            noSlip;
    }
    rightWall
    {
        type            noSlip;
    }
    lowerWall
    {
        type            noSlip;
    }
    atmosphere
    {
        type            pressureInletOutletVelocity;
        value           nonuniform List<vector> 
46
(
(0 -0.497805 0)
(0 -0.636209 0)
(0 -0.613959 0)
(0 -0.604797 0)
(0 -0.597033 0)
(0 -0.589427 0)
(0 -0.581219 0)
(0 -0.571923 0)
(0 -0.561201 0)
(0 -0.54881 0)
(0 -0.534561 0)
(0 -0.518288 0)
(0 -0.499833 0)
(0 -0.479037 0)
(0 -0.455727 0)
(0 -0.429713 0)
(0 -0.400783 0)
(0 -0.368695 0)
(0 -0.33316 0)
(0 -0.293825 0)
(0 -0.250226 0)
(0 -0.20177 0)
(0 -0.147869 0)
(0 -0.104304 0)
(0 -0.0773334 0)
(0 -0.052475 0)
(0 -0.0318077 0)
(-0.0930979 0.00653405 0)
(-0.106604 0.0762385 0)
(-0.118535 0.14082 0)
(-0.125034 0.206506 0)
(-0.127604 0.273015 0)
(-0.127286 0.339257 0)
(-0.124565 0.404047 0)
(-0.119746 0.466257 0)
(-0.113107 0.524897 0)
(-0.104944 0.579169 0)
(-0.0955734 0.6285 0)
(-0.0853116 0.672537 0)
(-0.0744547 0.711107 0)
(-0.0632581 0.744162 0)
(-0.0519221 0.771701 0)
(-0.0405797 0.793723 0)
(-0.029298 0.810353 0)
(-0.0173769 0.822463 0)
(-0.00580836 0.7977 0)
)
;
    }
    defaultFaces
    {
        type            empty;
    }
}


// ************************************************************************* //
