/*--------------------------------*- C++ -*----------------------------------*\
  =========                 |
  \\      /  F ield         | OpenFOAM: The Open Source CFD Toolbox
   \\    /   O peration     | Website:  https://openfoam.org
    \\  /    A nd           | Version:  9
     \\/     M anipulation  |
\*---------------------------------------------------------------------------*/
FoamFile
{
    format      ascii;
    class       surfaceScalarField;
    location    "5.37";
    object      phi;
}
// * * * * * * * * * * * * * * * * * * * * * * * * * * * * * * * * * * * * * //

dimensions      [0 3 -1 0 0 0 0];

internalField   nonuniform List<scalar> 
4432
(
-2.89991e-07
2.89991e-07
-5.1019e-07
2.20197e-07
-7.02072e-07
1.91885e-07
-8.7883e-07
1.76758e-07
-1.04451e-06
1.65681e-07
-1.19814e-06
1.53627e-07
-1.33297e-06
1.34835e-07
-1.44149e-06
1.08519e-07
-1.51632e-06
7.48341e-08
-1.55205e-06
3.57325e-08
-1.54375e-06
-8.30376e-09
-1.48312e-06
-6.06281e-08
-1.35655e-06
-1.26563e-07
-1.14552e-06
-2.1103e-07
-8.38553e-07
-3.06965e-07
-4.59522e-07
-3.7903e-07
-2.08487e-07
-2.51035e-07
-5.6749e-07
3.59002e-07
-1.44156e-06
8.74067e-07
-2.21608e-06
7.74523e-07
-2.2547e-06
3.86271e-08
-1.29997e-06
-9.54728e-07
-1.29997e-06
-2.60117e-07
5.5011e-07
-4.80528e-07
4.40608e-07
-6.82117e-07
3.93475e-07
-8.68713e-07
3.63356e-07
-1.04123e-06
3.38199e-07
-1.1972e-06
3.09601e-07
-1.33222e-06
2.69854e-07
-1.44043e-06
2.16731e-07
-1.51692e-06
1.51328e-07
-1.55822e-06
7.70378e-08
-1.56103e-06
-5.49469e-09
-1.51974e-06
-1.01914e-07
-1.42577e-06
-2.2053e-07
-1.26995e-06
-3.6685e-07
-1.04986e-06
-5.27048e-07
-7.95712e-07
-6.33181e-07
-6.28366e-07
-4.1838e-07
-8.16305e-07
5.46944e-07
-1.29318e-06
1.35095e-06
-1.67617e-06
1.15752e-06
-1.69595e-06
5.84152e-08
-1.17327e-06
-1.47741e-06
-2.47323e-06
-2.40624e-07
7.90736e-07
-4.62025e-07
6.62008e-07
-6.68439e-07
5.99889e-07
-8.61027e-07
5.55946e-07
-1.03874e-06
5.15912e-07
-1.19883e-06
4.69695e-07
-1.33737e-06
4.08389e-07
-1.44987e-06
3.29237e-07
-1.53254e-06
2.33995e-07
-1.58268e-06
1.27176e-07
-1.5979e-06
9.73101e-09
-1.57484e-06
-1.24966e-07
-1.50896e-06
-2.86407e-07
-1.39706e-06
-4.78754e-07
-1.24255e-06
-6.81553e-07
-1.06809e-06
-8.07645e-07
-9.18647e-07
-5.67818e-07
-9.61e-07
5.893e-07
-1.12247e-06
1.51242e-06
-1.26893e-06
1.30399e-06
-1.24419e-06
3.36746e-08
-8.90764e-07
-1.83084e-06
-3.364e-06
-2.29738e-07
1.02048e-06
-4.53133e-07
8.85403e-07
-6.64715e-07
8.11471e-07
-8.63524e-07
7.54756e-07
-1.0474e-06
6.9979e-07
-1.21329e-06
6.35585e-07
-1.35755e-06
5.52639e-07
-1.47639e-06
4.48075e-07
-1.56669e-06
3.24299e-07
-1.62654e-06
1.8703e-07
-1.65463e-06
3.78161e-08
-1.64959e-06
-1.30004e-07
-1.60977e-06
-3.26222e-07
-1.53606e-06
-5.52462e-07
-1.4356e-06
-7.82015e-07
-1.32482e-06
-9.18422e-07
-1.20567e-06
-6.8697e-07
-1.09891e-06
4.82549e-07
-1.01256e-06
1.42607e-06
-9.44925e-07
1.23636e-06
-8.23325e-07
-8.7925e-08
-5.40454e-07
-2.11371e-06
-3.90445e-06
-2.23992e-07
1.24447e-06
-4.5075e-07
1.11216e-06
-6.68636e-07
1.02936e-06
-8.74539e-07
9.6066e-07
-1.06565e-06
8.90898e-07
-1.23877e-06
8.08707e-07
-1.3904e-06
7.04263e-07
-1.51715e-06
5.74823e-07
-1.61631e-06
4.23459e-07
-1.68662e-06
2.5734e-07
-1.72786e-06
7.90572e-08
-1.74018e-06
-1.17685e-07
-1.72401e-06
-3.42397e-07
-1.68266e-06
-5.93804e-07
-1.62528e-06
-8.39396e-07
-1.5648e-06
-9.78905e-07
-1.48705e-06
-7.64717e-07
-1.24729e-06
2.42791e-07
-9.76696e-07
1.15548e-06
-7.14411e-07
9.74074e-07
-4.34763e-07
-3.67572e-07
-1.97233e-07
-2.35125e-06
-4.10168e-06
-2.21901e-07
1.46637e-06
-4.54451e-07
1.34471e-06
-6.79788e-07
1.25469e-06
-8.93579e-07
1.17445e-06
-1.09271e-06
1.09003e-06
-1.27405e-06
9.90046e-07
-1.43417e-06
8.64376e-07
-1.56987e-06
7.10519e-07
-1.67862e-06
5.3221e-07
-1.75966e-06
3.38376e-07
-1.81368e-06
1.33077e-07
-1.84194e-06
-8.94266e-08
-1.84596e-06
-3.38376e-07
-1.8298e-06
-6.09967e-07
-1.80208e-06
-8.67115e-07
-1.7711e-06
-1.00988e-06
-1.70828e-06
-8.27537e-07
-1.42046e-06
-4.50278e-08
-1.00421e-06
7.39227e-07
-5.80446e-07
5.50312e-07
-1.78595e-07
-7.69424e-07
5.50411e-08
-2.58488e-06
-4.04663e-06
-2.22956e-07
1.68933e-06
-4.64092e-07
1.58585e-06
-6.97859e-07
1.48846e-06
-9.19872e-07
1.39646e-06
-1.12734e-06
1.2975e-06
-1.31735e-06
1.18005e-06
-1.48647e-06
1.0335e-06
-1.63157e-06
8.5562e-07
-1.75011e-06
6.5075e-07
-1.84161e-06
4.29881e-07
-1.90738e-06
1.9885e-07
-1.9495e-06
-4.73048e-08
-1.9695e-06
-3.18375e-07
-1.97075e-06
-6.08716e-07
-1.95885e-06
-8.79007e-07
-1.93519e-06
-1.03354e-06
-1.85928e-06
-9.0345e-07
-1.57178e-06
-3.32533e-07
-1.07281e-06
2.40258e-07
-5.39344e-07
1.68404e-08
-1.17667e-07
-1.1911e-06
1.14599e-07
-2.81715e-06
-3.93204e-06
-2.32147e-07
1.92147e-06
-4.80403e-07
1.83411e-06
-7.21587e-07
1.72964e-06
-9.51595e-07
1.62648e-06
-1.16722e-06
1.51313e-06
-1.36575e-06
1.37858e-06
-1.54376e-06
1.21152e-06
-1.69809e-06
1.00995e-06
-1.82607e-06
7.78741e-07
-1.92731e-06
5.31127e-07
-2.00322e-06
2.74766e-07
-2.05664e-06
6.12458e-09
-2.08804e-06
-2.86973e-07
-2.0995e-06
-5.97259e-07
-2.09205e-06
-8.86457e-07
-2.06003e-06
-1.06556e-06
-1.96174e-06
-1.00174e-06
-1.67341e-06
-6.20868e-07
-1.16483e-06
-2.68325e-07
-6.14366e-07
-5.33637e-07
-2.32383e-07
-1.57309e-06
-8.63377e-08
-2.9632e-06
-4.01838e-06
-4.70992e-07
4.70992e-07
4.89892e-07
-9.60878e-07
1.37923e-06
-8.89335e-07
2.00306e-06
-6.23838e-07
2.41011e-06
-4.07043e-07
2.67528e-06
-2.65171e-07
2.88322e-06
-2.07933e-07
3.19306e-06
-3.09841e-07
3.74373e-06
-5.5067e-07
4.30325e-06
-5.59516e-07
3.97325e-06
3.3e-07
2.72889e-06
1.24435e-06
2.35671e-07
2.49322e-06
-9.17457e-07
1.15313e-06
7.56089e-07
-1.67355e-06
2.48067e-06
-1.72458e-06
2.9031e-06
-4.22431e-07
2.05455e-06
8.48549e-07
2.05456e-06
1.77923e-07
2.93067e-07
7.86936e-07
-1.56988e-06
1.32471e-06
-1.42711e-06
1.7524e-06
-1.05152e-06
2.07707e-06
-7.3171e-07
2.32016e-06
-5.08252e-07
2.54131e-06
-4.29086e-07
2.82439e-06
-5.92913e-07
3.22839e-06
-9.54672e-07
3.51185e-06
-8.42975e-07
3.16335e-06
6.7849e-07
2.22423e-06
2.18348e-06
8.01214e-07
3.91623e-06
4.8421e-07
1.47015e-06
1.33117e-06
-2.52052e-06
2.22104e-06
-2.61445e-06
2.32704e-06
-5.28424e-07
1.83069e-06
1.34489e-06
3.88525e-06
6.27125e-07
-3.34059e-07
9.42548e-07
-1.8853e-06
1.28157e-06
-1.76613e-06
1.60189e-06
-1.37185e-06
1.86667e-06
-9.96481e-07
2.07139e-06
-7.12972e-07
2.2574e-06
-6.15104e-07
2.46655e-06
-8.02058e-07
2.70211e-06
-1.19023e-06
2.83199e-06
-9.72853e-07
2.43786e-06
1.07261e-06
1.70534e-06
2.91601e-06
1.13096e-06
4.49061e-06
1.26094e-06
1.34017e-06
1.63319e-06
-2.89277e-06
2.02088e-06
-3.00214e-06
1.81634e-06
-3.23891e-07
1.36616e-06
1.79507e-06
5.25141e-06
7.44957e-07
-1.07902e-06
9.82611e-07
-2.12296e-06
1.22497e-06
-2.00848e-06
1.47896e-06
-1.62585e-06
1.69935e-06
-1.21687e-06
1.86773e-06
-8.81346e-07
2.00014e-06
-7.47514e-07
2.11567e-06
-9.17588e-07
2.20649e-06
-1.28104e-06
2.22179e-06
-9.8815e-07
1.89018e-06
1.40421e-06
1.42859e-06
3.37761e-06
1.44776e-06
4.47143e-06
1.73772e-06
1.05021e-06
1.79902e-06
-2.95407e-06
1.84027e-06
-3.04338e-06
1.37236e-06
1.4401e-07
8.99114e-07
2.26832e-06
6.15052e-06
6.96782e-07
-1.7758e-06
9.42973e-07
-2.36915e-06
1.151e-06
-2.2165e-06
1.36645e-06
-1.8413e-06
1.55375e-06
-1.40416e-06
1.68594e-06
-1.01353e-06
1.76588e-06
-8.27455e-07
1.79159e-06
-9.43299e-07
1.73774e-06
-1.22719e-06
1.63443e-06
-8.84842e-07
1.49385e-06
1.5448e-06
1.36376e-06
3.5077e-06
1.70093e-06
4.13426e-06
2.02974e-06
7.21405e-07
1.82419e-06
-2.74853e-06
1.60691e-06
-2.8261e-06
9.78556e-07
7.72359e-07
4.80058e-07
2.76681e-06
6.63058e-06
6.12245e-07
-2.38804e-06
8.70272e-07
-2.62718e-06
1.06757e-06
-2.41379e-06
1.25986e-06
-2.03358e-06
1.42311e-06
-1.56742e-06
1.52487e-06
-1.11529e-06
1.56232e-06
-8.64899e-07
1.51668e-06
-8.97655e-07
1.34856e-06
-1.05907e-06
1.13253e-06
-6.68802e-07
1.20258e-06
1.47474e-06
1.3761e-06
3.33419e-06
1.91569e-06
3.59466e-06
2.11302e-06
5.24078e-07
1.69641e-06
-2.33192e-06
1.27269e-06
-2.40238e-06
6.76465e-07
1.36858e-06
1.51268e-07
3.292e-06
6.78185e-06
5.2571e-07
-2.91374e-06
7.94385e-07
-2.89585e-06
9.83057e-07
-2.60246e-06
1.15734e-06
-2.20787e-06
1.30358e-06
-1.71367e-06
1.38634e-06
-1.19804e-06
1.39612e-06
-8.74686e-07
1.30728e-06
-8.08814e-07
1.08085e-06
-8.32632e-07
8.30416e-07
-4.1837e-07
9.78221e-07
1.32693e-06
1.39117e-06
2.92124e-06
1.99812e-06
2.98771e-06
2.00892e-06
5.13283e-07
1.43198e-06
-1.75497e-06
8.46927e-07
-1.81733e-06
3.61762e-07
1.85374e-06
-1.64239e-07
3.818e-06
6.61761e-06
5.06594e-07
-3.42034e-06
7.36077e-07
-3.12534e-06
9.01446e-07
-2.76784e-06
1.05542e-06
-2.36185e-06
1.18963e-06
-1.84788e-06
1.26496e-06
-1.27338e-06
1.26787e-06
-8.77607e-07
1.16539e-06
-7.06334e-07
9.35871e-07
-6.03118e-07
7.12006e-07
-1.94507e-07
8.71843e-07
1.16709e-06
1.37957e-06
2.41352e-06
1.92016e-06
2.44712e-06
1.78636e-06
6.47088e-07
1.08673e-06
-1.05534e-06
3.56186e-07
-1.08678e-06
-1.66139e-08
2.22655e-06
-4.55146e-07
4.25654e-06
6.16247e-06
-4.91948e-07
2.41342e-06
-1.06465e-06
2.40681e-06
-1.61726e-06
2.28226e-06
-2.13604e-06
2.14526e-06
-2.61991e-06
1.997e-06
-3.06815e-06
1.82682e-06
-3.47341e-06
1.61678e-06
-3.82987e-06
1.36641e-06
-4.13058e-06
1.07944e-06
-4.37429e-06
7.74841e-07
-4.56443e-06
4.64909e-07
-4.7028e-06
1.44491e-07
-4.79438e-06
-1.95393e-07
-4.83298e-06
-5.58659e-07
-4.80769e-06
-9.11741e-07
-4.68534e-06
-1.18792e-06
-4.40084e-06
-1.28624e-06
-3.77154e-06
-1.25017e-06
-2.78227e-06
-1.2576e-06
-1.7753e-06
-1.54061e-06
-1.18933e-06
-2.15906e-06
-1.3166e-06
-2.83592e-06
-3.13628e-06
-2.1987e-06
-5.84739e-07
2.99816e-06
-1.20189e-06
3.02396e-06
-1.76648e-06
2.84685e-06
-2.27613e-06
2.65492e-06
-2.7687e-06
2.48958e-06
-3.23128e-06
2.2894e-06
-3.64608e-06
2.03159e-06
-4.0148e-06
1.73514e-06
-4.34017e-06
1.40482e-06
-4.6128e-06
1.04747e-06
-4.82383e-06
6.75945e-07
-4.96829e-06
2.8895e-07
-5.04971e-06
-1.13964e-07
-5.06844e-06
-5.3994e-07
-5.02016e-06
-9.60021e-07
-4.86636e-06
-1.34172e-06
-4.5181e-06
-1.63451e-06
-3.88001e-06
-1.88826e-06
-3.00019e-06
-2.13743e-06
-2.13739e-06
-2.40341e-06
-1.56396e-06
-2.73248e-06
-1.32883e-06
-3.07105e-06
-3.25612e-06
-1.20898e-06
-8.70337e-07
3.86849e-06
-1.46188e-06
3.6155e-06
-2.09894e-06
3.4839e-06
-2.76995e-06
3.32592e-06
-3.30051e-06
3.02012e-06
-3.68078e-06
2.66966e-06
-4.00933e-06
2.36013e-06
-4.31109e-06
2.03688e-06
-4.60995e-06
1.70367e-06
-4.88004e-06
1.31756e-06
-5.07816e-06
8.74062e-07
-5.18273e-06
3.93523e-07
-5.19908e-06
-9.76079e-08
-5.16604e-06
-5.72974e-07
-5.08459e-06
-1.04146e-06
-4.90162e-06
-1.52468e-06
-4.45316e-06
-2.08296e-06
-3.759e-06
-2.58241e-06
-2.96065e-06
-2.93576e-06
-2.14786e-06
-3.21618e-06
-1.54136e-06
-3.33896e-06
-1.244e-06
-3.3684e-06
-3.50383e-06
-9.96285e-07
-9.3734e-07
4.80582e-06
-7.49954e-07
3.4281e-06
-1.55584e-06
4.28966e-06
-3.95917e-06
5.72928e-06
-4.62022e-06
3.68115e-06
-4.11554e-06
2.16495e-06
-4.12953e-06
2.37415e-06
-4.06423e-06
1.97163e-06
-4.20307e-06
1.84255e-06
-4.43815e-06
1.55265e-06
-4.62606e-06
1.06198e-06
-4.68174e-06
4.49205e-07
-4.63125e-06
-1.48112e-07
-4.6184e-06
-5.85821e-07
-4.51494e-06
-1.14493e-06
-4.21719e-06
-1.82245e-06
-3.35412e-06
-2.94608e-06
-2.40371e-06
-3.53291e-06
-2.72157e-06
-2.61801e-06
-2.06462e-06
-3.87321e-06
-1.27044e-06
-4.13315e-06
-8.78177e-07
-3.7607e-06
-3.26314e-06
-1.11889e-06
2.76426e-08
4.77826e-06
1.12223e-07
3.34374e-06
-1.35314e-06
5.75506e-06
-4.17832e-06
8.55452e-06
-4.25383e-06
3.7567e-06
-3.79141e-06
1.70252e-06
-4.59156e-06
3.17429e-06
-4.61464e-06
1.99469e-06
-4.46679e-06
1.69469e-06
-4.31883e-06
1.40466e-06
-3.9767e-06
7.19834e-07
-3.3884e-06
-1.39106e-07
-2.5392e-06
-9.97312e-07
-1.67249e-06
-1.45252e-06
-8.6014e-07
-1.95727e-06
1.7065e-07
-2.85321e-06
1.59748e-06
-4.37283e-06
3.00857e-06
-4.94388e-06
7.07706e-07
-3.17048e-07
-4.99549e-07
-2.66603e-06
-4.83404e-07
-4.14928e-06
-1.07022e-06
-3.17386e-06
-2.69497e-06
-1.63869e-06
7.81482e-07
3.99666e-06
4.03685e-07
3.7213e-06
1.01948e-06
5.13923e-06
4.0504e-06
5.52352e-06
4.83393e-06
2.97316e-06
2.83325e-06
3.7032e-06
-8.73956e-08
6.09494e-06
-2.30222e-06
4.20951e-06
-3.13177e-06
2.52422e-06
-3.17193e-06
1.44483e-06
-2.79345e-06
3.41353e-07
-2.15698e-06
-7.75548e-07
-1.47837e-06
-1.67589e-06
-8.83418e-07
-2.04744e-06
-5.73583e-07
-2.2671e-06
-1.12139e-06
-2.30542e-06
-2.57456e-06
-2.91967e-06
-3.19026e-06
-4.32808e-06
-2.03609e-06
-1.47108e-06
-2.74015e-06
-1.96188e-06
-4.53369e-06
-2.35567e-06
-5.46227e-06
-2.24509e-06
-5.485e-06
-2.67248e-06
2.4299e-06
1.56702e-06
1.90187e-06
4.24936e-06
2.5866e-06
4.45462e-06
5.07947e-06
3.03065e-06
4.26901e-06
3.78361e-06
3.22828e-06
4.74395e-06
2.9214e-06
6.40183e-06
1.89077e-06
5.24014e-06
9.29663e-07
3.4853e-06
4.23886e-07
1.95056e-06
1.5656e-07
6.08621e-07
-9.86492e-08
-5.20412e-07
-5.28913e-07
-1.24571e-06
-1.14791e-06
-1.42853e-06
-2.11487e-06
-1.30023e-06
-3.23733e-06
-1.18305e-06
-3.86814e-06
-2.28905e-06
-4.73312e-06
-3.46334e-06
-3.8187e-06
-2.38574e-06
-4.92566e-06
-8.55131e-07
-6.20721e-06
-1.07421e-06
-4.22604e-06
-4.22591e-06
-6.89179e-06
-2.81921e-06
4.37797e-07
1.12906e-06
1.60343e-06
3.08378e-06
2.78216e-06
3.27579e-06
2.89487e-06
2.91786e-06
2.89791e-06
3.78053e-06
2.63731e-06
5.00456e-06
3.1554e-06
5.88376e-06
3.18913e-06
5.20644e-06
2.83136e-06
3.84312e-06
2.37519e-06
2.40679e-06
1.84805e-06
1.13581e-06
1.19668e-06
1.31014e-07
3.647e-07
-4.13682e-07
-6.06214e-07
-4.57567e-07
-1.62786e-06
-2.78484e-07
-2.50459e-06
-3.06133e-07
-3.03045e-06
-1.76298e-06
-3.65989e-06
-2.83376e-06
-4.1079e-06
-1.93778e-06
-3.96981e-06
-9.93482e-07
-2.99847e-06
-2.04588e-06
-2.02455e-06
-5.19981e-06
-5.95237e-06
-2.96402e-06
6.69159e-08
1.06211e-06
9.09259e-07
2.24152e-06
1.53547e-06
2.64954e-06
1.56321e-06
2.89012e-06
1.59861e-06
3.74517e-06
1.91673e-06
4.68649e-06
2.58884e-06
5.21171e-06
3.00428e-06
4.79104e-06
3.04096e-06
3.80647e-06
2.78071e-06
2.66706e-06
2.3035e-06
1.61302e-06
1.64533e-06
7.8917e-07
8.66404e-07
3.65213e-07
9.3978e-08
3.14836e-07
-5.37738e-07
3.53255e-07
-9.24665e-07
8.08744e-08
-1.63591e-06
-1.05163e-06
-2.52522e-06
-1.94424e-06
-2.76437e-06
-1.69827e-06
-2.11862e-06
-1.63891e-06
-1.16073e-06
-3.00369e-06
-1.74688e-06
-4.61357e-06
-4.69368e-06
-3.0056e-06
6.18143e-08
1.00044e-06
3.71268e-07
1.93208e-06
5.95721e-07
2.42511e-06
6.02822e-07
2.88307e-06
7.53071e-07
3.59498e-06
1.17767e-06
4.26193e-06
1.80905e-06
4.58034e-06
2.29911e-06
4.30097e-06
2.50411e-06
3.60142e-06
2.41727e-06
2.75384e-06
2.08068e-06
1.94953e-06
1.54722e-06
1.32251e-06
9.51077e-07
9.61206e-07
4.36326e-07
8.29399e-07
9.39524e-08
6.9544e-07
-1.42571e-07
3.17209e-07
-6.7295e-07
-5.21513e-07
-1.34938e-06
-1.26814e-06
-1.48242e-06
-1.56546e-06
-1.10349e-06
-2.01798e-06
-1.16241e-06
-2.94493e-06
-2.00832e-06
-3.76776e-06
-3.83433e-06
-2.86776e-06
-9.21095e-08
1.0926e-06
-3.68133e-08
1.87671e-06
-2.46644e-09
2.39077e-06
1.07368e-08
2.86989e-06
1.83101e-07
3.42264e-06
5.61493e-07
3.88355e-06
1.07e-06
4.07183e-06
1.5094e-06
3.86157e-06
1.75034e-06
3.36046e-06
1.75463e-06
2.74955e-06
1.53733e-06
2.16682e-06
1.16309e-06
1.69674e-06
7.57131e-07
1.36715e-06
4.33743e-07
1.15277e-06
2.15294e-07
9.13889e-07
3.0236e-08
5.02271e-07
-3.14758e-07
-1.76591e-07
-7.18133e-07
-8.64937e-07
-8.65966e-07
-1.41776e-06
-9.13196e-07
-1.97088e-06
-1.25017e-06
-2.60812e-06
-1.95333e-06
-3.06472e-06
-3.10493e-06
-2.68275e-06
-1.66074e-07
1.25858e-06
-2.60845e-07
1.9714e-06
-3.21296e-07
2.45121e-06
-3.277e-07
2.87629e-06
-1.91247e-07
3.28616e-06
9.84017e-08
3.59386e-06
4.73189e-07
3.69702e-06
8.14039e-07
3.52071e-06
1.01935e-06
3.15517e-06
1.04544e-06
2.72351e-06
9.14726e-07
2.29761e-06
6.91151e-07
1.9204e-06
4.476e-07
1.61078e-06
2.53125e-07
1.34735e-06
1.18211e-07
1.04897e-06
-1.07299e-08
6.31448e-07
-2.40344e-07
5.32491e-08
-5.09444e-07
-5.9568e-07
-7.06451e-07
-1.22058e-06
-9.15314e-07
-1.76186e-06
-1.29982e-06
-2.22351e-06
-1.8921e-06
-2.47236e-06
-2.50201e-06
-2.49497e-06
-2.19669e-07
1.47816e-06
-3.79074e-07
2.13082e-06
-4.87499e-07
2.55965e-06
-5.18605e-07
2.90737e-06
-4.33821e-07
3.20132e-06
-2.36868e-07
3.39685e-06
2.25798e-08
3.43752e-06
2.54716e-07
3.28855e-06
3.96206e-07
3.01369e-06
4.26777e-07
2.69297e-06
3.65671e-07
2.35876e-06
2.49416e-07
2.03669e-06
1.20837e-07
1.73937e-06
1.79619e-08
1.45022e-06
-5.61478e-08
1.12312e-06
-1.36048e-07
7.1145e-07
-2.78724e-07
1.96055e-07
-4.79198e-07
-3.95098e-07
-7.1288e-07
-9.8677e-07
-9.86995e-07
-1.48763e-06
-1.37243e-06
-1.838e-06
-1.84973e-06
-1.99504e-06
-2.0277e-06
-2.32408e-06
-2.51625e-07
1.72978e-06
-4.42922e-07
2.32221e-06
-5.77245e-07
2.69401e-06
-6.35e-07
2.96512e-06
-6.00288e-07
3.16657e-06
-4.82418e-07
3.27892e-06
-3.19028e-07
3.27408e-06
-1.73599e-07
3.14309e-06
-8.31898e-08
2.92327e-06
-4.95191e-08
2.6593e-06
-6.54391e-08
2.37469e-06
-1.1323e-07
2.08448e-06
-1.67759e-07
1.79386e-06
-2.09865e-07
1.49223e-06
-2.40891e-07
1.15402e-06
-2.84052e-07
7.54508e-07
-3.72965e-07
2.84877e-07
-5.34378e-07
-2.33782e-07
-7.68797e-07
-7.52436e-07
-1.06263e-06
-1.19388e-06
-1.42062e-06
-1.4801e-06
-1.80003e-06
-1.61573e-06
-1.66759e-06
-2.16027e-06
-2.74837e-07
2.0047e-06
-4.86536e-07
2.53401e-06
-6.36964e-07
2.84447e-06
-7.17648e-07
3.0458e-06
-7.24314e-07
3.17321e-06
-6.67959e-07
3.22253e-06
-5.76984e-07
3.18308e-06
-4.89043e-07
3.05513e-06
-4.26259e-07
2.86047e-06
-3.92355e-07
2.62539e-06
-3.83554e-07
2.36589e-06
-3.90387e-07
2.09131e-06
-4.0078e-07
1.80422e-06
-4.06847e-07
1.49822e-06
-4.12849e-07
1.1599e-06
-4.36069e-07
7.77596e-07
-5.01858e-07
3.50527e-07
-6.32205e-07
-1.03583e-07
-8.39411e-07
-5.45369e-07
-1.11558e-06
-9.17834e-07
-1.4212e-06
-1.17459e-06
-1.71872e-06
-1.31831e-06
-1.38881e-06
-1.99758e-06
-2.9645e-07
2.30124e-06
-5.23065e-07
2.76065e-06
-6.85332e-07
3.00672e-06
-7.83782e-07
3.14422e-06
-8.20805e-07
3.2102e-06
-8.0721e-07
3.20891e-06
-7.62822e-07
3.13866e-06
-7.10716e-07
3.003e-06
-6.6574e-07
2.81547e-06
-6.32236e-07
2.59187e-06
-6.09364e-07
2.34301e-06
-5.93264e-07
2.07522e-06
-5.79315e-07
1.79028e-06
-5.66187e-07
1.48509e-06
-5.59908e-07
1.1536e-06
-5.74324e-07
7.91976e-07
-6.28004e-07
4.04168e-07
-7.37871e-07
6.2464e-09
-9.11078e-07
-3.72188e-07
-1.13574e-06
-6.93182e-07
-1.38184e-06
-9.28469e-07
-1.62116e-06
-1.07894e-06
-1.16847e-06
-1.84142e-06
-3.17185e-07
2.61845e-06
-5.55253e-07
2.99865e-06
-7.26751e-07
3.17815e-06
-8.38076e-07
3.25548e-06
-8.95352e-07
3.26744e-06
-9.08722e-07
3.22225e-06
-8.92538e-07
3.12246e-06
-8.62096e-07
2.97253e-06
-8.28015e-07
2.78137e-06
-7.9504e-07
2.55888e-06
-7.64557e-07
2.31251e-06
-7.36239e-07
2.04691e-06
-7.09792e-07
1.76387e-06
-6.87345e-07
1.46269e-06
-6.75458e-07
1.14176e-06
-6.85121e-07
8.01702e-07
-7.29472e-07
4.48593e-07
-8.19438e-07
9.62996e-08
-9.57878e-07
-2.33643e-07
-1.13443e-06
-5.16509e-07
-1.32786e-06
-7.34897e-07
-1.51789e-06
-8.8874e-07
-9.92235e-07
-1.69393e-06
-3.36566e-07
2.95499e-06
-5.82493e-07
3.24445e-06
-7.6056e-07
3.35613e-06
-8.80215e-07
3.37507e-06
-9.49739e-07
3.33692e-06
-9.78837e-07
3.25132e-06
-9.78784e-07
3.12238e-06
-9.60691e-07
2.95442e-06
-9.32907e-07
2.75356e-06
-9.00409e-07
2.52636e-06
-8.6602e-07
2.27811e-06
-8.31573e-07
2.01247e-06
-7.99144e-07
1.73148e-06
-7.72427e-07
1.43603e-06
-7.57656e-07
1.12708e-06
-7.63315e-07
8.07461e-07
-7.98407e-07
4.83802e-07
-8.69463e-07
1.67489e-07
-9.7694e-07
-1.26018e-07
-1.11279e-06
-3.80502e-07
-1.26242e-06
-5.85098e-07
-1.41169e-06
-7.39296e-07
-8.51657e-07
-1.55208e-06
-3.52284e-07
3.30719e-06
-6.02982e-07
3.49501e-06
-7.84572e-07
3.53763e-06
-9.08288e-07
3.49873e-06
-9.84013e-07
3.4126e-06
-1.02128e-06
3.28856e-06
-1.02968e-06
3.13076e-06
-1.01814e-06
2.94285e-06
-9.93765e-07
2.72917e-06
-9.61628e-07
2.4942e-06
-9.25395e-07
2.24187e-06
-8.88105e-07
1.97519e-06
-8.5299e-07
1.69639e-06
-8.24224e-07
1.40731e-06
-8.07297e-07
1.11021e-06
-8.08616e-07
8.08856e-07
-8.34229e-07
5.09505e-07
-8.87881e-07
2.2124e-07
-9.68927e-07
-4.48682e-08
-1.07133e-06
-2.77988e-07
-1.18517e-06
-4.71158e-07
-1.30062e-06
-6.23747e-07
-7.41044e-07
-1.41114e-06
-3.60939e-07
3.66803e-06
-6.14888e-07
3.74886e-06
-7.96221e-07
3.71891e-06
-9.19959e-07
3.62244e-06
-9.97321e-07
3.48994e-06
-1.03776e-06
3.32897e-06
-1.0499e-06
3.14288e-06
-1.04145e-06
2.93438e-06
-1.01879e-06
2.70649e-06
-9.86965e-07
2.46236e-06
-9.50041e-07
2.20493e-06
-9.11627e-07
1.93676e-06
-8.75373e-07
1.66013e-06
-8.45367e-07
1.37732e-06
-8.26238e-07
1.0911e-06
-8.22765e-07
8.05405e-07
-8.38987e-07
5.25753e-07
-8.7698e-07
2.59259e-07
-9.35737e-07
1.39129e-08
-1.01077e-06
-2.02937e-07
-1.09527e-06
-3.86648e-07
-1.18237e-06
-5.36642e-07
-6.56293e-07
-1.26713e-06
-3.62393e-07
4.03035e-06
-6.16333e-07
4.00275e-06
-7.92812e-07
3.89536e-06
-9.12844e-07
3.74245e-06
-9.88433e-07
3.56552e-06
-1.0288e-06
3.36933e-06
-1.04188e-06
3.15593e-06
-1.03458e-06
2.92706e-06
-1.01276e-06
2.68465e-06
-9.81328e-07
2.4309e-06
-9.44429e-07
2.168e-06
-9.05821e-07
1.89812e-06
-8.69156e-07
1.62343e-06
-8.38171e-07
1.3463e-06
-8.16676e-07
1.06957e-06
-8.08228e-07
7.96924e-07
-8.15534e-07
5.33023e-07
-8.39712e-07
2.83398e-07
-8.79707e-07
5.38622e-08
-9.32209e-07
-1.50488e-07
-9.92446e-07
-3.26472e-07
-1.05554e-06
-4.73615e-07
-5.94166e-07
-1.11775e-06
-3.56511e-07
4.38683e-06
-6.03494e-07
4.24974e-06
-7.71088e-07
4.06296e-06
-8.84663e-07
3.85603e-06
-9.56201e-07
3.63705e-06
-9.94528e-07
3.40764e-06
-1.00698e-06
3.16837e-06
-9.99858e-07
2.91991e-06
-9.78571e-07
2.66334e-06
-9.47746e-07
2.40004e-06
-9.11415e-07
2.13163e-06
-8.73221e-07
1.85989e-06
-8.36587e-07
1.58675e-06
-8.04803e-07
1.31446e-06
-7.80964e-07
1.04568e-06
-7.67729e-07
7.83626e-07
-7.66934e-07
5.32159e-07
-7.79158e-07
2.95546e-07
-8.03434e-07
7.80562e-08
-8.373e-07
-1.16709e-07
-8.77332e-07
-2.86532e-07
-9.19983e-07
-4.3106e-07
-5.51884e-07
-9.62366e-07
-3.38671e-07
4.7255e-06
-5.71202e-07
4.4823e-06
-7.28407e-07
4.22019e-06
-8.34074e-07
3.96171e-06
-9.00218e-07
3.7032e-06
-9.35376e-07
3.4428e-06
-9.46403e-07
3.17939e-06
-9.39074e-07
2.91257e-06
-9.18336e-07
2.64259e-06
-8.88466e-07
2.37015e-06
-8.5322e-07
2.09636e-06
-8.1597e-07
1.8226e-06
-7.79796e-07
1.55054e-06
-7.47522e-07
1.28214e-06
-7.21646e-07
1.01974e-06
-7.04172e-07
7.66085e-07
-6.96362e-07
5.24276e-07
-6.98495e-07
2.97601e-07
-7.09735e-07
8.92136e-08
-7.28223e-07
-9.83083e-08
-7.51434e-07
-2.6341e-07
-7.76716e-07
-4.05869e-07
-5.26901e-07
-8.01793e-07
-3.0927e-07
5.0348e-06
-5.21545e-07
4.69462e-06
-6.66011e-07
4.36468e-06
-7.62044e-07
4.05776e-06
-8.21506e-07
3.76268e-06
-8.5263e-07
3.47393e-06
-8.61768e-07
3.18853e-06
-8.54135e-07
2.90494e-06
-8.34159e-07
2.6226e-06
-8.05677e-07
2.34166e-06
-7.72062e-07
2.06273e-06
-7.36318e-07
1.78683e-06
-7.0113e-07
1.51532e-06
-6.68872e-07
1.24984e-06
-6.41549e-07
9.92371e-07
-6.20677e-07
7.45163e-07
-6.07138e-07
5.10681e-07
-6.01045e-07
2.91447e-07
-6.0169e-07
8.97946e-08
-6.07641e-07
-9.24254e-08
-6.16984e-07
-2.54137e-07
-6.27675e-07
-3.95248e-07
-5.16772e-07
-6.37877e-07
-2.7398e-07
5.3088e-06
-4.61147e-07
4.88182e-06
-5.87965e-07
4.49152e-06
-6.7132e-07
4.14113e-06
-7.2229e-07
3.81366e-06
-7.48427e-07
3.50008e-06
-7.55305e-07
3.19541e-06
-7.47397e-07
2.89703e-06
-7.28492e-07
2.6037e-06
-7.01888e-07
2.31505e-06
-6.70494e-07
2.03133e-06
-6.36887e-07
1.75322e-06
-6.03334e-07
1.48175e-06
-5.71787e-07
1.21827e-06
-5.43835e-07
9.64394e-07
-5.20627e-07
7.21925e-07
-5.02781e-07
4.92803e-07
-4.90317e-07
2.78946e-07
-4.82639e-07
8.20763e-08
-4.78619e-07
-9.64878e-08
-4.76769e-07
-2.56032e-07
-4.75465e-07
-3.96598e-07
-5.19098e-07
-4.73189e-07
-2.3565e-07
5.54448e-06
-3.93323e-07
5.03951e-06
-4.97631e-07
4.59584e-06
-5.64734e-07
4.20825e-06
-6.05201e-07
3.85413e-06
-6.25429e-07
3.52031e-06
-6.29778e-07
3.19977e-06
-6.21719e-07
2.88898e-06
-6.04259e-07
2.58625e-06
-5.80067e-07
2.29087e-06
-5.5153e-07
2.0028e-06
-5.20759e-07
1.72245e-06
-4.89598e-07
1.45059e-06
-4.59603e-07
1.18827e-06
-4.32007e-07
9.36789e-07
-4.07668e-07
6.97574e-07
-3.87014e-07
4.72134e-07
-3.70008e-07
2.61923e-07
-3.56149e-07
6.8198e-08
-3.44532e-07
-1.08126e-07
-3.33969e-07
-2.66618e-07
-3.23141e-07
-4.07451e-07
-5.31503e-07
-3.10763e-07
-1.95865e-07
5.74036e-06
-3.20304e-07
5.16396e-06
-3.97364e-07
4.67291e-06
-4.44667e-07
4.25556e-06
-4.72885e-07
3.88236e-06
-4.86604e-07
3.53404e-06
-4.88379e-07
3.20155e-06
-4.8042e-07
2.88103e-06
-4.64839e-07
2.57067e-06
-4.43632e-07
2.26966e-06
-4.18623e-07
1.97779e-06
-3.91445e-07
1.69527e-06
-3.63516e-07
1.42266e-06
-3.36018e-07
1.16078e-06
-3.09866e-07
9.10638e-07
-2.85679e-07
6.73387e-07
-2.63739e-07
4.50194e-07
-2.43974e-07
2.42157e-07
-2.25961e-07
5.01818e-08
-2.08965e-07
-1.25126e-07
-1.92019e-07
-2.83569e-07
-1.74027e-07
-4.25447e-07
-5.51649e-07
-1.53887e-07
-1.55863e-07
5.89623e-06
-2.43806e-07
5.2519e-06
-2.88727e-07
4.71783e-06
-3.12992e-07
4.27982e-06
-3.28006e-07
3.89737e-06
-3.35224e-07
3.54126e-06
-3.34676e-07
3.201e-06
-3.27185e-07
2.87354e-06
-3.13971e-07
2.55746e-06
-2.96346e-07
2.25204e-06
-2.7557e-07
1.95702e-06
-2.52786e-07
1.6725e-06
-2.28986e-07
1.39887e-06
-2.0499e-07
1.13679e-06
-1.81425e-07
8.8708e-07
-1.58699e-07
6.50669e-07
-1.36977e-07
4.28481e-07
-1.16165e-07
2.21354e-07
-9.59081e-08
2.99345e-08
-7.56066e-08
-1.45416e-07
-5.44679e-08
-3.04696e-07
-3.15692e-08
-4.48333e-07
-5.77256e-07
-5.94974e-09
-1.14526e-07
6.01075e-06
-1.63522e-07
5.30088e-06
-1.71774e-07
4.72607e-06
-1.70991e-07
4.27903e-06
-1.73824e-07
3.9002e-06
-1.75071e-07
3.5425e-06
-1.7258e-07
3.19851e-06
-1.65947e-07
2.8669e-06
-1.55591e-07
2.5471e-06
-1.42169e-07
2.23862e-06
-1.26365e-07
1.94122e-06
-1.08817e-07
1.65495e-06
-9.00831e-08
1.38014e-06
-7.06297e-08
1.11734e-06
-5.08083e-08
8.67271e-07
-3.08379e-08
6.30713e-07
-1.07847e-08
4.08446e-07
9.45633e-09
2.01133e-07
3.01773e-08
9.23452e-09
5.18547e-08
-1.6707e-07
7.51371e-08
-3.27953e-07
1.00806e-07
-4.73975e-07
-6.06128e-07
1.29708e-07
-5.75836e-08
6.06833e-06
-6.4044e-08
5.30732e-06
-4.42127e-08
4.70623e-06
-2.43733e-08
4.25918e-06
-1.49287e-08
3.89074e-06
-1.04778e-08
3.53804e-06
-6.10959e-09
3.19413e-06
-5.98969e-10
2.86139e-06
6.40182e-09
2.5401e-06
1.49446e-08
2.23008e-06
2.49723e-08
1.9312e-06
3.63866e-08
1.64354e-06
4.90751e-08
1.36746e-06
6.29293e-08
1.1035e-06
7.78627e-08
8.52355e-07
9.38304e-08
6.14766e-07
1.1085e-07
3.91451e-07
1.29026e-07
1.82985e-07
1.48574e-07
-1.02839e-08
1.69857e-07
-1.88319e-07
1.93388e-07
-3.51449e-07
2.1983e-07
-5.00378e-07
-6.36192e-07
2.49937e-07
2.90879e-08
6.03923e-06
6.04454e-08
5.27593e-06
9.69799e-08
4.66967e-06
1.26561e-07
4.22957e-06
1.45514e-07
3.87177e-06
1.55577e-07
3.52795e-06
1.61673e-07
3.18802e-06
1.6558e-07
2.85747e-06
1.6849e-07
2.53718e-06
1.71271e-07
2.22729e-06
1.74565e-07
1.9279e-06
1.78848e-07
1.63927e-06
1.84465e-07
1.36186e-06
1.91658e-07
1.09633e-06
2.00593e-07
8.4344e-07
2.11386e-07
6.04e-07
2.2412e-07
3.78748e-07
2.3888e-07
1.6826e-07
2.55794e-07
-2.71606e-08
2.75092e-07
-2.07576e-07
2.97153e-07
-3.73467e-07
3.22533e-07
-5.25712e-07
-6.65526e-07
3.51916e-07
1.3335e-07
5.90586e-06
2.01051e-07
5.20819e-06
2.5189e-07
4.61879e-06
2.85874e-07
4.19556e-06
3.08879e-07
3.84874e-06
3.23082e-07
3.51373e-06
3.29421e-07
3.18166e-06
3.30258e-07
2.85661e-06
3.27682e-07
2.53974e-06
3.23404e-07
2.23157e-06
3.18766e-07
1.93254e-06
3.14799e-07
1.64324e-06
3.12273e-07
1.3644e-06
3.11756e-07
1.09686e-06
3.13643e-07
8.41577e-07
3.1819e-07
5.99482e-07
3.25529e-07
3.71443e-07
3.35701e-07
1.58125e-07
3.48716e-07
-4.01345e-08
3.64641e-07
-2.23457e-07
3.83711e-07
-3.9249e-07
4.06381e-07
-5.48335e-07
-6.9239e-07
4.33297e-07
2.38238e-07
5.6676e-06
3.54184e-07
5.0922e-06
4.1713e-07
4.55581e-06
4.53923e-07
4.15873e-06
4.79269e-07
3.82336e-06
4.93484e-07
3.49948e-06
4.96583e-07
3.17854e-06
4.9154e-07
2.86164e-06
4.81259e-07
2.55001e-06
4.68162e-07
2.24466e-06
4.54166e-07
1.94654e-06
4.4074e-07
1.65667e-06
4.29001e-07
1.37615e-06
4.19778e-07
1.10611e-06
4.13661e-07
8.47718e-07
4.11021e-07
6.02151e-07
4.12022e-07
3.70475e-07
4.16637e-07
1.53547e-07
4.24712e-07
-4.81697e-08
4.36105e-07
-2.34807e-07
4.50876e-07
-4.07217e-07
4.69401e-07
-5.66815e-07
-7.1526e-07
4.92318e-07
3.35584e-07
5.33199e-06
5.06732e-07
4.921e-06
5.90531e-07
4.47196e-06
6.34012e-07
4.11521e-06
6.58487e-07
3.79885e-06
6.6675e-07
3.49119e-06
6.61635e-07
3.18362e-06
6.46965e-07
2.87629e-06
6.26252e-07
2.57071e-06
6.02361e-07
2.26854e-06
5.77535e-07
1.97136e-06
5.53498e-07
1.68072e-06
5.31575e-07
1.39808e-06
5.12771e-07
1.12493e-06
4.97825e-07
8.62685e-07
4.87209e-07
6.12792e-07
4.81111e-07
3.76603e-07
4.79416e-07
1.55275e-07
4.81757e-07
-5.04753e-08
4.87701e-07
-2.40714e-07
4.97093e-07
-4.16571e-07
5.10256e-07
-5.7994e-07
-7.32847e-07
5.27882e-07
4.36936e-07
4.89502e-06
6.63584e-07
4.69429e-06
7.75462e-07
4.36004e-06
8.2562e-07
4.06501e-06
8.42852e-07
3.78158e-06
8.39084e-07
3.49493e-06
8.20746e-07
3.20194e-06
7.92789e-07
2.90422e-06
7.59111e-07
2.60437e-06
7.22706e-07
2.30493e-06
6.8586e-07
2.00821e-06
6.50329e-07
1.71625e-06
6.1749e-07
1.43093e-06
5.88432e-07
1.154e-06
5.63999e-07
8.87135e-07
5.44767e-07
6.32045e-07
5.30973e-07
3.90421e-07
5.22425e-07
1.6385e-07
5.18487e-07
-4.65093e-08
5.18311e-07
-2.40509e-07
5.21464e-07
-4.19696e-07
5.28277e-07
-5.86724e-07
-7.44127e-07
5.39586e-07
5.65806e-07
4.32918e-06
8.48592e-07
4.41145e-06
9.76592e-07
4.232e-06
1.0222e-06
4.01937e-06
1.02492e-06
3.77882e-06
1.00364e-06
3.51618e-06
9.68076e-07
3.23747e-06
9.24158e-07
2.94812e-06
8.75855e-07
2.65266e-06
8.25961e-07
2.35482e-06
7.76527e-07
2.05763e-06
7.29124e-07
1.76365e-06
6.85026e-07
1.47503e-06
6.45313e-07
1.19371e-06
6.10908e-07
9.2155e-07
5.82525e-07
6.60441e-07
5.60532e-07
4.12431e-07
5.44735e-07
1.79665e-07
5.34202e-07
-3.5957e-08
5.27466e-07
-2.33752e-07
5.23714e-07
-4.15924e-07
5.23417e-07
-5.86408e-07
-7.48386e-07
5.27693e-07
7.40029e-07
3.58912e-06
1.07248e-06
4.07895e-06
1.19391e-06
4.11054e-06
1.2178e-06
3.99544e-06
1.19629e-06
3.80031e-06
1.15234e-06
3.5601e-06
1.0969e-06
3.29289e-06
1.03583e-06
3.00916e-06
9.7259e-07
2.71589e-06
9.09358e-07
2.41804e-06
8.47668e-07
2.11932e-06
7.88705e-07
1.82261e-06
7.33503e-07
1.53023e-06
6.83052e-07
1.24417e-06
6.38336e-07
9.66271e-07
6.00272e-07
6.98512e-07
5.69515e-07
4.43198e-07
5.46074e-07
2.03117e-07
5.28793e-07
-1.86649e-08
5.15239e-07
-2.20187e-07
5.04065e-07
-4.0474e-07
4.96145e-07
-5.78479e-07
-7.45299e-07
4.93066e-07
9.70195e-07
2.6189e-06
1.33446e-06
3.71465e-06
1.41736e-06
4.02761e-06
1.4003e-06
4.01247e-06
1.34569e-06
3.85489e-06
1.27589e-06
3.62988e-06
1.2002e-06
3.36856e-06
1.12292e-06
3.08643e-06
1.04617e-06
2.79263e-06
9.71128e-07
2.49307e-06
8.98573e-07
2.19186e-06
8.29159e-07
1.89202e-06
7.63577e-07
1.59581e-06
7.02647e-07
1.3051e-06
6.47385e-07
1.02153e-06
5.98969e-07
7.46929e-07
5.58565e-07
4.83605e-07
5.2678e-07
2.34906e-07
5.02595e-07
5.5244e-09
4.82034e-07
-1.99621e-07
4.63014e-07
-3.85717e-07
4.4729e-07
-5.62752e-07
-7.35109e-07
4.37101e-07
1.27076e-06
1.34812e-06
1.61964e-06
3.36574e-06
1.62341e-06
4.02382e-06
1.5499e-06
4.08596e-06
1.4586e-06
3.94617e-06
1.36438e-06
3.72409e-06
1.27171e-06
3.46121e-06
1.18185e-06
3.17628e-06
1.09499e-06
2.87948e-06
1.01108e-06
2.57697e-06
9.30084e-07
2.27285e-06
8.52103e-07
1.96999e-06
7.7744e-07
1.67047e-06
7.06674e-07
1.37586e-06
6.40754e-07
1.08745e-06
5.81083e-07
8.06599e-07
5.29517e-07
5.3517e-07
4.87913e-07
2.76509e-07
4.56242e-07
3.71949e-08
4.28312e-07
-1.71692e-07
4.01065e-07
-3.5847e-07
3.77907e-07
-5.39596e-07
-7.1893e-07
3.61725e-07
1.50425e-06
-1.56155e-07
1.85111e-06
3.01886e-06
1.76701e-06
4.1079e-06
1.63993e-06
4.21303e-06
1.51978e-06
4.0663e-06
1.40985e-06
3.83401e-06
1.30801e-06
3.56303e-06
1.21194e-06
3.27234e-06
1.12e-06
2.9714e-06
1.03118e-06
2.66579e-06
9.44873e-07
2.35915e-06
8.60779e-07
2.05408e-06
7.78861e-07
1.75238e-06
6.99384e-07
1.45533e-06
6.23031e-07
1.1638e-06
5.51126e-07
8.78501e-07
4.8602e-07
6.00273e-07
4.31497e-07
3.3103e-07
3.90782e-07
7.79072e-08
3.54344e-07
-1.35256e-07
3.18465e-07
-3.22594e-07
2.89326e-07
-5.10459e-07
-6.99235e-07
2.69626e-07
1.54432e-06
-1.70049e-06
2.04939e-06
2.51378e-06
1.84257e-06
4.31472e-06
1.65996e-06
4.39563e-06
1.52546e-06
4.20079e-06
1.41396e-06
3.9455e-06
1.31333e-06
3.66366e-06
1.21827e-06
3.3674e-06
1.12637e-06
3.06329e-06
1.03647e-06
2.75568e-06
9.47908e-07
2.44772e-06
8.60271e-07
2.14171e-06
7.73313e-07
1.83934e-06
6.86938e-07
1.5417e-06
6.01293e-07
1.24944e-06
5.16977e-07
9.62814e-07
4.35627e-07
6.81621e-07
3.61995e-07
4.0466e-07
3.06475e-07
1.33424e-07
2.5848e-07
-8.72642e-08
2.14139e-07
-2.78255e-07
1.83452e-07
-4.79776e-07
-6.80818e-07
1.65032e-07
8.96303e-07
1.68238e-06
1.70322e-06
1.5973e-06
1.49454e-06
1.39868e-06
1.30621e-06
1.21544e-06
1.12561e-06
1.03631e-06
9.47235e-07
8.58075e-07
7.68485e-07
6.78055e-07
5.86311e-07
4.92713e-07
3.9622e-07
2.94712e-07
1.95953e-07
1.22639e-07
8.37103e-08
6.42057e-08
5.44584e-08
-1.21584e-06
-9.82859e-07
-3.2098e-07
-8.94869e-07
5.70036e-07
-8.91018e-07
-9.68593e-07
1.53863e-06
-7.55552e-07
-1.43627e-06
-2.45818e-07
-1.40459e-06
2.64997e-07
-1.40183e-06
-1.42391e-06
7.20323e-07
-6.20664e-07
-1.81188e-06
-1.76698e-07
-1.84855e-06
2.58233e-07
-1.83673e-06
-1.78404e-06
6.18397e-07
-6.35354e-07
-2.29534e-06
5.99403e-08
-2.54386e-06
5.66654e-07
-2.34363e-06
-2.04472e-06
8.27117e-07
-7.0674e-07
-3.22719e-06
3.64523e-07
-3.61489e-06
6.39245e-07
-2.61817e-06
-1.89229e-06
4.86842e-07
-2.83776e-06
-3.06202e-06
-3.91097e-06
-2.54187e-06
-4.83341e-06
-1.69583e-06
-1.74657e-06
-4.97919e-06
-3.88477e-06
-1.9963e-06
-5.2734e-06
-1.15325e-06
-5.61164e-06
-1.35751e-06
-2.10814e-06
-5.25007e-06
-3.12503e-06
-1.83537e-06
-2.96785e-06
-1.31037e-06
-2.94642e-06
-1.37888e-06
-1.9008e-06
-3.1537e-06
-3.07673e-06
-1.76442e-06
-2.8553e-06
-1.53184e-06
-2.68748e-06
-1.54677e-06
-1.74662e-06
-2.84168e-06
-3.03213e-06
-1.60008e-06
-3.06188e-06
-1.5021e-06
-3.11467e-06
-1.49403e-06
-1.56536e-06
-3.29599e-06
-2.90549e-06
-1.37728e-06
-3.0753e-06
-1.3323e-06
-3.24928e-06
-1.32008e-06
-1.34104e-06
-3.47365e-06
-2.72748e-06
-1.14479e-06
-2.93674e-06
-1.12308e-06
-3.14343e-06
-1.11343e-06
-1.11812e-06
-3.3664e-06
-2.52501e-06
-9.4396e-07
-2.71349e-06
-9.34652e-07
-2.8965e-06
-9.3047e-07
-9.33745e-07
-3.0809e-06
-2.31731e-06
-7.87009e-07
-2.46559e-06
-7.86415e-07
-2.60706e-06
-7.89022e-07
-7.96749e-07
-2.74405e-06
-2.11855e-06
-6.66021e-07
-2.2325e-06
-6.72449e-07
-2.34012e-06
-6.81364e-07
-6.94249e-07
-2.44258e-06
-1.93683e-06
-5.70482e-07
-2.02687e-06
-5.82325e-07
-2.11224e-06
-5.95924e-07
-6.12381e-07
-2.19404e-06
-1.7707e-06
-4.93553e-07
-1.84378e-06
-5.09142e-07
-1.91388e-06
-5.25734e-07
-5.44077e-07
-1.98212e-06
-1.61412e-06
-4.31396e-07
-1.67381e-06
-4.49378e-07
-1.73178e-06
-4.67699e-07
-4.86859e-07
-1.78896e-06
-1.46066e-06
-3.81837e-07
-1.50874e-06
-4.0127e-07
-1.55589e-06
-4.20534e-07
-4.39972e-07
-1.60277e-06
-1.30555e-06
-3.43453e-07
-1.34309e-06
-3.63748e-07
-1.38012e-06
-3.83523e-07
-4.03015e-07
-1.41709e-06
-1.14614e-06
-3.1513e-07
-1.17397e-06
-3.35965e-07
-1.20148e-06
-3.56052e-07
-3.75564e-07
-1.22896e-06
-9.81711e-07
-2.95866e-07
-1.00063e-06
-3.171e-07
-1.01928e-06
-3.37452e-07
-3.5705e-07
-1.03783e-06
-8.13063e-07
-2.84668e-07
-8.23934e-07
-3.06279e-07
-8.34493e-07
-3.26937e-07
-3.46743e-07
-8.44835e-07
-6.42079e-07
-2.8052e-07
-6.45841e-07
-3.02558e-07
-6.49203e-07
-3.23614e-07
-3.43768e-07
-6.52209e-07
-4.71373e-07
-2.82372e-07
-4.69035e-07
-3.04926e-07
-4.66183e-07
-3.26494e-07
-3.47143e-07
-4.62832e-07
-3.04007e-07
-2.89145e-07
-2.96626e-07
-3.12324e-07
-2.88611e-07
-3.34527e-07
-3.5581e-07
-2.79959e-07
-1.43284e-07
-2.99749e-07
-1.31947e-07
-3.23665e-07
-1.19857e-07
-3.46623e-07
-3.68672e-07
-1.06998e-07
7.41597e-09
-3.13099e-07
2.16201e-08
-3.37861e-07
3.66912e-08
-3.61687e-07
-3.84624e-07
5.26498e-08
1.44781e-07
-3.28143e-07
1.60787e-07
-3.53848e-07
1.77763e-07
-3.78646e-07
-4.02581e-07
1.95735e-07
2.65709e-07
-3.43878e-07
2.825e-07
-3.70613e-07
3.00352e-07
-3.96474e-07
-4.21503e-07
3.19296e-07
3.67453e-07
-3.59373e-07
3.84081e-07
-3.87212e-07
4.01848e-07
-4.14215e-07
-4.40423e-07
4.20792e-07
4.47751e-07
-3.73786e-07
4.63357e-07
-4.02789e-07
4.8017e-07
-4.31001e-07
-4.58466e-07
4.98236e-07
5.04947e-07
-3.8638e-07
5.18779e-07
-4.16596e-07
5.3388e-07
-4.46079e-07
-4.74869e-07
5.50302e-07
5.38064e-07
-3.96534e-07
5.49498e-07
-4.28011e-07
5.62259e-07
-4.58821e-07
-4.89004e-07
5.76408e-07
5.46841e-07
-4.0377e-07
5.55403e-07
-4.36559e-07
5.65352e-07
-4.68759e-07
-5.00404e-07
5.76762e-07
5.31712e-07
-4.07778e-07
5.37108e-07
-4.41947e-07
5.43968e-07
-4.75612e-07
-5.08796e-07
5.52366e-07
4.9376e-07
-4.08467e-07
4.95933e-07
-4.44117e-07
4.99665e-07
-4.79343e-07
-5.14149e-07
5.05019e-07
4.34683e-07
-4.06049e-07
4.33885e-07
-4.4332e-07
4.34758e-07
-4.80216e-07
-5.16717e-07
4.37325e-07
3.5684e-07
-4.01168e-07
3.53735e-07
-4.40217e-07
3.52386e-07
-4.7887e-07
-5.17088e-07
3.52755e-07
2.6349e-07
-3.95035e-07
2.59229e-07
-4.35958e-07
2.56703e-07
-4.76347e-07
-5.16165e-07
2.55778e-07
1.59417e-07
-3.89423e-07
1.5554e-07
-4.32082e-07
1.53134e-07
-4.73943e-07
-5.15016e-07
1.51983e-07
5.18005e-08
5.00478e-08
4.89902e-08
4.84755e-08
1.35498e-06
-3.23669e-06
1.44338e-06
-3.21374e-06
1.65594e-06
-2.98039e-06
1.88127e-06
-2.58719e-06
2.11241e-06
-2.07902e-06
2.31222e-06
-1.4732e-06
2.38531e-06
-9.5069e-07
2.22947e-06
-5.50496e-07
1.84834e-06
-2.21981e-07
1.51742e-06
1.36408e-07
1.86659e-06
8.17929e-07
2.75785e-06
1.52225e-06
3.49688e-06
1.70809e-06
2.86658e-06
1.27739e-06
1.05585e-06
7.55391e-07
-8.73944e-07
8.43007e-07
-1.32699e-06
2.67959e-06
-1.39414e-06
4.32368e-06
4.76833e-06
1.00498e-06
-3.52135e-06
1.14358e-06
-3.35235e-06
1.24531e-06
-3.08213e-06
1.35902e-06
-2.70091e-06
1.51277e-06
-2.23276e-06
1.74884e-06
-1.70928e-06
1.99931e-06
-1.20116e-06
2.13816e-06
-6.89348e-07
2.11175e-06
-1.95575e-07
2.0129e-06
2.35257e-07
2.12492e-06
7.05916e-07
2.42078e-06
1.22639e-06
2.46686e-06
1.66201e-06
1.69006e-06
2.05419e-06
5.21212e-08
2.39334e-06
-1.72597e-06
2.62111e-06
-2.17353e-06
3.12715e-06
-1.4647e-06
3.61486e-06
3.30362e-06
8.75378e-07
-3.7783e-06
9.29655e-07
-3.40661e-06
8.84451e-07
-3.03691e-06
8.61809e-07
-2.67825e-06
9.84053e-07
-2.355e-06
1.27225e-06
-1.99747e-06
1.64304e-06
-1.57194e-06
2.02548e-06
-1.07178e-06
2.34734e-06
-5.17432e-07
2.4247e-06
1.57892e-07
2.34664e-06
7.83976e-07
2.22337e-06
1.34966e-06
1.86986e-06
2.01551e-06
1.14481e-06
2.77923e-06
5.5669e-08
3.48247e-06
-1.03307e-06
3.70983e-06
-1.07306e-06
3.16713e-06
-1.23301e-07
2.6651e-06
3.18032e-06
6.59995e-07
-3.61126e-06
6.76223e-07
-3.42296e-06
5.87549e-07
-2.94827e-06
8.71516e-09
-2.09942e-06
2.4941e-07
-2.59571e-06
1.07635e-06
-2.82442e-06
1.32386e-06
-1.81948e-06
1.63695e-06
-1.38489e-06
1.8896e-06
-7.70097e-07
2.02014e-06
2.73521e-08
1.90183e-06
9.02293e-07
1.82299e-06
1.42851e-06
1.3991e-06
2.43942e-06
5.95308e-07
3.58304e-06
-1.76826e-07
4.25462e-06
-3.71929e-07
3.90496e-06
7.22595e-07
2.07262e-06
1.4488e-06
1.9389e-06
4.62908e-06
-1.26458e-06
-1.85963e-06
-1.47757e-06
-3.20987e-06
-2.2429e-06
-2.18293e-06
-4.57334e-06
2.31001e-07
-3.35964e-06
-3.80941e-06
-8.16823e-07
-5.36721e-06
3.31868e-07
-2.96815e-06
1.06681e-06
-2.11983e-06
1.76625e-06
-1.46953e-06
2.22084e-06
-4.27256e-07
2.64814e-06
4.74958e-07
3.26024e-06
8.16374e-07
3.24922e-06
2.4504e-06
2.84635e-06
3.98588e-06
3.78931e-06
3.31164e-06
5.95425e-06
1.73999e-06
7.9051e-06
1.21748e-07
7.67952e-06
2.1645e-06
1.23086e-05
-3.30957e-06
-3.52938e-06
-2.01275e-06
-4.50661e-06
-7.9707e-07
-3.39858e-06
9.70896e-07
-1.53695e-06
1.28403e-06
-4.12256e-06
-2.69895e-07
-3.8133e-06
-3.33239e-07
-2.90482e-06
-1.22051e-07
-2.33103e-06
8.63249e-08
-1.67792e-06
6.2447e-07
-9.65408e-07
1.32605e-06
-2.26629e-07
1.74396e-06
3.98466e-07
2.39619e-06
1.79816e-06
3.09177e-06
3.29028e-06
4.01606e-06
2.38732e-06
4.3639e-06
1.39213e-06
2.31481e-06
2.1708e-06
1.21706e-06
3.26226e-06
1.35256e-05
-2.94195e-06
-5.83763e-06
-2.32034e-06
-5.12829e-06
-1.27142e-06
-4.44755e-06
1.76727e-06
-4.57567e-06
2.01489e-06
-4.37019e-06
1.04251e-08
-1.80882e-06
-1.5244e-06
-1.36999e-06
-1.93296e-06
-1.92245e-06
-1.80274e-06
-1.80812e-06
-1.23592e-06
-1.5322e-06
-5.62294e-07
-9.00214e-07
-2.55748e-07
9.19613e-08
6.97955e-07
8.44488e-07
2.23065e-06
1.7576e-06
2.38075e-06
2.2372e-06
5.0316e-07
3.26967e-06
-2.94858e-06
5.62248e-06
-5.24723e-06
5.56089e-06
8.27835e-06
-3.02156e-06
-5.96964e-06
-3.13707e-06
-5.01273e-06
-2.8078e-06
-4.7768e-06
-1.96822e-06
-5.41524e-06
-2.96321e-06
-3.37521e-06
-3.61714e-06
-1.15493e-06
-4.28578e-06
-7.01422e-07
-4.67455e-06
-1.53378e-06
-4.16743e-06
-2.31533e-06
-3.20747e-06
-2.49224e-06
-2.05209e-06
-2.05568e-06
-7.39122e-07
-1.22108e-06
8.05762e-08
2.47339e-08
6.90974e-07
1.14717e-06
6.73823e-07
2.25432e-06
1.8163e-08
3.9253e-06
-8.10625e-07
6.45123e-06
-1.92322e-06
6.67347e-06
6.3551e-06
-3.89387e-06
-4.9174e-06
-4.19013e-06
-4.71651e-06
-4.32679e-06
-4.64017e-06
-5.22419e-06
-4.51787e-06
-5.72737e-06
-2.87208e-06
-5.90977e-06
-9.72586e-07
-6.02948e-06
-5.81763e-07
-5.82248e-06
-1.74083e-06
-5.10857e-06
-3.02928e-06
-4.35118e-06
-3.24966e-06
-3.40694e-06
-2.99995e-06
-2.26466e-06
-2.36339e-06
-1.484e-06
-7.55951e-07
-7.99815e-07
4.6297e-07
-4.20888e-07
1.87539e-06
-1.03528e-07
3.60791e-06
4.63402e-07
5.88427e-06
4.98218e-07
6.63862e-06
6.8533e-06
-4.16447e-06
-4.04899e-06
-4.80843e-06
-4.07264e-06
-5.33775e-06
-4.11092e-06
-6.01836e-06
-3.83729e-06
-6.40767e-06
-2.4828e-06
-6.37995e-06
-1.00031e-06
-6.18906e-06
-7.7265e-07
-5.63659e-06
-2.29328e-06
-5.20468e-06
-3.46114e-06
-5.06015e-06
-3.39414e-06
-4.80629e-06
-3.25377e-06
-4.30025e-06
-2.86942e-06
-3.38173e-06
-1.67448e-06
-2.49362e-06
-4.25156e-07
-1.72781e-06
1.10956e-06
-8.12544e-07
2.6926e-06
3.20665e-07
4.75102e-06
7.65197e-07
6.19405e-06
7.61847e-06
-4.22134e-06
-3.30139e-06
-4.90434e-06
-3.38972e-06
-5.41964e-06
-3.59568e-06
-5.85537e-06
-3.4016e-06
-5.97295e-06
-2.36524e-06
-5.79782e-06
-1.17547e-06
-5.43357e-06
-1.13691e-06
-5.09194e-06
-2.6349e-06
-5.25758e-06
-3.29547e-06
-5.66671e-06
-2.98499e-06
-5.79531e-06
-3.12515e-06
-5.53672e-06
-3.12802e-06
-4.88318e-06
-2.32804e-06
-4.28439e-06
-1.02399e-06
-3.5805e-06
4.05635e-07
-2.54059e-06
1.65265e-06
-1.21226e-06
3.42265e-06
-3.62767e-07
5.34451e-06
7.25569e-06
-3.98124e-06
-2.6866e-06
-4.56462e-06
-2.80637e-06
-4.97542e-06
-3.1849e-06
-5.27054e-06
-3.10651e-06
-5.25141e-06
-2.3844e-06
-4.93584e-06
-1.49107e-06
-4.58969e-06
-1.4831e-06
-4.79228e-06
-2.43234e-06
-5.34745e-06
-2.74032e-06
-5.82408e-06
-2.5084e-06
-5.92665e-06
-3.0226e-06
-5.80633e-06
-3.24837e-06
-5.74517e-06
-2.38925e-06
-5.75554e-06
-1.01367e-06
-5.55465e-06
2.04699e-07
-5.09336e-06
1.19133e-06
-4.10601e-06
2.43526e-06
-2.49359e-06
3.73206e-06
4.76209e-06
-3.53191e-06
-2.23561e-06
-3.95476e-06
-2.38352e-06
-4.35457e-06
-2.78508e-06
-4.60868e-06
-2.85239e-06
-4.61037e-06
-2.38272e-06
-4.37675e-06
-1.72469e-06
-4.22615e-06
-1.63373e-06
-4.60823e-06
-2.05029e-06
-5.09165e-06
-2.25695e-06
-5.33871e-06
-2.26138e-06
-5.60016e-06
-2.76119e-06
-5.94887e-06
-2.8997e-06
-6.24838e-06
-2.08977e-06
-6.48211e-06
-7.79982e-07
-6.64508e-06
3.67632e-07
-6.73774e-06
1.28396e-06
-6.098e-06
1.79549e-06
-3.88683e-06
1.52087e-06
8.75239e-07
-3.0521e-06
-1.92754e-06
-3.34294e-06
-2.09264e-06
-3.72502e-06
-2.40297e-06
-4.03064e-06
-2.54674e-06
-4.1525e-06
-2.26084e-06
-4.1068e-06
-1.77037e-06
-4.09404e-06
-1.64649e-06
-4.3216e-06
-1.82273e-06
-4.62352e-06
-1.95505e-06
-4.8273e-06
-2.05762e-06
-5.25435e-06
-2.33418e-06
-5.82857e-06
-2.3255e-06
-6.238e-06
-1.68036e-06
-6.37789e-06
-6.40119e-07
-6.38774e-06
3.77459e-07
-6.23021e-06
1.12641e-06
-5.37237e-06
9.37625e-07
-3.34636e-06
-5.05169e-07
-2.47114e-06
-2.66777e-06
-1.70232e-06
-2.89616e-06
-1.8642e-06
-3.20856e-06
-2.09052e-06
-3.5586e-06
-2.19667e-06
-3.78444e-06
-2.03497e-06
-3.81496e-06
-1.73983e-06
-3.85139e-06
-1.61004e-06
-4.01194e-06
-1.66217e-06
-4.22715e-06
-1.73984e-06
-4.46087e-06
-1.82391e-06
-4.84382e-06
-1.95125e-06
-5.30163e-06
-1.86772e-06
-5.59525e-06
-1.38676e-06
-5.59052e-06
-6.44879e-07
-5.27714e-06
6.40559e-08
-4.59945e-06
4.48697e-07
-3.53155e-06
-1.30313e-07
-2.0945e-06
-1.94225e-06
-4.56567e-06
-2.37851e-06
-1.51779e-06
-2.58218e-06
-1.66047e-06
-2.84899e-06
-1.82368e-06
-3.14451e-06
-1.90112e-06
-3.36464e-06
-1.81481e-06
-3.46532e-06
-1.63914e-06
-3.54046e-06
-1.53489e-06
-3.6704e-06
-1.53222e-06
-3.84212e-06
-1.56812e-06
-4.0488e-06
-1.61724e-06
-4.33627e-06
-1.66379e-06
-4.63215e-06
-1.57185e-06
-4.7632e-06
-1.25574e-06
-4.59679e-06
-8.11314e-07
-4.07845e-06
-4.54322e-07
-3.17202e-06
-4.5777e-07
-2.07915e-06
-1.22323e-06
-1.03201e-06
-2.98944e-06
-5.59771e-06
-2.14104e-06
-1.35882e-06
-2.3199e-06
-1.48157e-06
-2.54065e-06
-1.6029e-06
-2.77882e-06
-1.66294e-06
-2.97254e-06
-1.62108e-06
-3.09284e-06
-1.51883e-06
-3.18595e-06
-1.44178e-06
-3.29793e-06
-1.42024e-06
-3.43377e-06
-1.4323e-06
-3.593e-06
-1.45804e-06
-3.78259e-06
-1.47423e-06
-3.94045e-06
-1.41402e-06
-3.94679e-06
-1.24944e-06
-3.6995e-06
-1.05865e-06
-3.15015e-06
-1.00372e-06
-2.31321e-06
-1.29476e-06
-1.35369e-06
-2.18281e-06
-5.06553e-07
-3.83663e-06
-6.10429e-06
-1.92454e-06
-1.22322e-06
-2.07581e-06
-1.33027e-06
-2.2541e-06
-1.4246e-06
-2.44256e-06
-1.47448e-06
-2.6035e-06
-1.46016e-06
-2.71875e-06
-1.4036e-06
-2.80993e-06
-1.35063e-06
-2.90308e-06
-1.32713e-06
-3.00496e-06
-1.33045e-06
-3.11495e-06
-1.34809e-06
-3.22516e-06
-1.36407e-06
-3.28851e-06
-1.35072e-06
-3.22683e-06
-1.31118e-06
-2.97249e-06
-1.31306e-06
-2.49706e-06
-1.47921e-06
-1.82679e-06
-1.96509e-06
-1.07354e-06
-2.93612e-06
-4.01294e-07
-4.50894e-06
-6.50562e-06
-1.71485e-06
-1.11113e-06
-1.83787e-06
-1.20726e-06
-1.97711e-06
-1.28538e-06
-2.12156e-06
-1.33005e-06
-2.24916e-06
-1.33259e-06
-2.34801e-06
-1.30478e-06
-2.42567e-06
-1.27301e-06
-2.49655e-06
-1.25629e-06
-2.5665e-06
-1.26055e-06
-2.63418e-06
-1.28047e-06
-2.68889e-06
-1.30942e-06
-2.69811e-06
-1.34156e-06
-2.61515e-06
-1.3942e-06
-2.4013e-06
-1.52697e-06
-2.0456e-06
-1.83498e-06
-1.57189e-06
-2.43887e-06
-1.03809e-06
-3.46998e-06
-4.91564e-07
-5.05552e-06
-6.99721e-06
-1.5057e-06
-1.02254e-06
-1.60119e-06
-1.1118e-06
-1.70515e-06
-1.18144e-06
-1.81083e-06
-1.2244e-06
-1.9058e-06
-1.23766e-06
-1.98148e-06
-1.22915e-06
-2.03972e-06
-1.21481e-06
-2.08716e-06
-1.2089e-06
-2.12881e-06
-1.21896e-06
-2.16344e-06
-1.24589e-06
-2.18261e-06
-1.29031e-06
-2.16686e-06
-1.35738e-06
-2.09154e-06
-1.46958e-06
-1.94075e-06
-1.67781e-06
-1.71783e-06
-2.05795e-06
-1.44541e-06
-2.71135e-06
-1.14335e-06
-3.7721e-06
-7.34578e-07
-5.46435e-06
-7.73182e-06
-1.29465e-06
-9.56883e-07
-1.36391e-06
-1.04257e-06
-1.4368e-06
-1.10858e-06
-1.50886e-06
-1.15237e-06
-1.57258e-06
-1.17398e-06
-1.62242e-06
-1.17936e-06
-1.65806e-06
-1.17922e-06
-1.68278e-06
-1.18422e-06
-1.69986e-06
-1.20194e-06
-1.70893e-06
-1.23687e-06
-1.70543e-06
-1.29387e-06
-1.68015e-06
-1.38271e-06
-1.62365e-06
-1.52614e-06
-1.53628e-06
-1.76522e-06
-1.43357e-06
-2.16072e-06
-1.34436e-06
-2.8006e-06
-1.28181e-06
-3.83469e-06
-1.09231e-06
-5.6539e-06
-8.82414e-06
-1.08173e-06
-9.13012e-07
-1.12669e-06
-9.97659e-07
-1.17203e-06
-1.06328e-06
-1.21469e-06
-1.10976e-06
-1.25002e-06
-1.13868e-06
-1.27442e-06
-1.155e-06
-1.28719e-06
-1.16649e-06
-1.29003e-06
-1.18143e-06
-1.2851e-06
-1.20691e-06
-1.27317e-06
-1.24885e-06
-1.25297e-06
-1.31411e-06
-1.22192e-06
-1.4138e-06
-1.18027e-06
-1.56782e-06
-1.13703e-06
-1.80851e-06
-1.11401e-06
-2.18378e-06
-1.14454e-06
-2.77011e-06
-1.24876e-06
-3.73051e-06
-1.27304e-06
-5.62966e-06
-1.00972e-05
-8.68643e-07
-8.89242e-07
-8.91571e-07
-9.74778e-07
-9.1265e-07
-1.04225e-06
-9.29689e-07
-1.09276e-06
-9.39756e-07
-1.12865e-06
-9.40555e-07
-1.15424e-06
-9.3151e-07
-1.17557e-06
-9.13648e-07
-1.19932e-06
-8.88667e-07
-1.23193e-06
-8.57901e-07
-1.27965e-06
-8.22112e-07
-1.34993e-06
-7.82376e-07
-1.45357e-06
-7.42741e-07
-1.60749e-06
-7.13672e-07
-1.83761e-06
-7.1403e-07
-2.18345e-06
-7.68683e-07
-2.71549e-06
-8.88186e-07
-3.61103e-06
-9.72749e-07
-5.54513e-06
-1.107e-05
-6.58008e-07
-8.83481e-07
-6.6143e-07
-9.71399e-07
-6.61422e-07
-1.04229e-06
-6.5636e-07
-1.09786e-06
-6.44346e-07
-1.1407e-06
-6.23953e-07
-1.17466e-06
-5.94851e-07
-1.2047e-06
-5.57819e-07
-1.23638e-06
-5.1429e-07
-1.27548e-06
-4.65808e-07
-1.32816e-06
-4.13935e-07
-1.40183e-06
-3.60816e-07
-1.50671e-06
-3.10558e-07
-1.65777e-06
-2.70645e-07
-1.87754e-06
-2.52015e-07
-2.2021e-06
-2.66425e-07
-2.70111e-06
-3.21162e-07
-3.55632e-06
-4.09394e-07
-5.45692e-06
-1.14794e-05
-4.52998e-07
-8.93349e-07
-4.39604e-07
-9.84831e-07
-4.21607e-07
-1.06033e-06
-3.97764e-07
-1.12173e-06
-3.66815e-07
-1.17168e-06
-3.27906e-07
-1.21359e-06
-2.80942e-07
-1.25169e-06
-2.26626e-07
-1.29072e-06
-1.66219e-07
-1.33591e-06
-1.01219e-07
-1.39318e-06
-3.32408e-08
-1.46983e-06
3.57807e-08
-1.57575e-06
1.03168e-07
-1.72518e-06
1.65146e-07
-1.93954e-06
2.17052e-07
-2.25403e-06
2.52846e-07
-2.73692e-06
2.58468e-07
-3.56197e-06
1.59942e-07
-5.35843e-06
-1.13194e-05
-2.57045e-07
-9.16288e-07
-2.29608e-07
-1.01229e-06
-1.96659e-07
-1.0933e-06
-1.57213e-07
-1.1612e-06
-1.10416e-07
-1.21849e-06
-5.57965e-08
-1.26823e-06
6.53938e-09
-1.31404e-06
7.58717e-08
-1.36007e-06
1.51024e-07
-1.41108e-06
2.30578e-07
-1.47275e-06
3.13053e-07
-1.55232e-06
3.97004e-07
-1.65972e-06
4.81042e-07
-1.80924e-06
5.63981e-07
-2.0225e-06
6.44874e-07
-2.33495e-06
7.21176e-07
-2.81325e-06
7.75172e-07
-3.616e-06
6.71692e-07
-5.25498e-06
-1.06478e-05
-7.36456e-08
-9.49653e-07
-3.49642e-08
-1.05099e-06
9.96742e-09
-1.13824e-06
6.19558e-08
-1.2132e-06
1.21584e-07
-1.27813e-06
1.89055e-07
-1.33572e-06
2.64078e-07
-1.38908e-06
3.45841e-07
-1.44185e-06
4.33106e-07
-1.49836e-06
5.2438e-07
-1.56404e-06
6.18102e-07
-1.64606e-06
7.1284e-07
-1.75448e-06
8.07506e-07
-1.90392e-06
9.0159e-07
-2.11661e-06
9.95127e-07
-2.42851e-06
1.08655e-06
-2.9047e-06
1.15731e-06
-3.68678e-06
1.08537e-06
-5.18306e-06
-9.56242e-06
9.37849e-08
-9.90787e-07
1.40941e-07
-1.09814e-06
1.94975e-07
-1.19227e-06
2.56565e-07
-1.27479e-06
3.26105e-07
-1.34767e-06
4.03593e-07
-1.41321e-06
4.88547e-07
-1.47403e-06
5.79974e-07
-1.53328e-06
6.76414e-07
-1.59481e-06
7.76034e-07
-1.66367e-06
8.76753e-07
-1.7468e-06
9.76373e-07
-1.85412e-06
1.07268e-06
-2.00025e-06
1.16334e-06
-2.2073e-06
1.2452e-06
-2.51039e-06
1.31069e-06
-2.97023e-06
1.3327e-06
-3.70882e-06
1.20151e-06
-5.05191e-06
-8.36092e-06
2.42048e-07
-1.03709e-06
2.94991e-07
-1.15106e-06
3.55366e-07
-1.25263e-06
4.2376e-07
-1.34317e-06
5.00427e-07
-1.42433e-06
5.85194e-07
-1.49797e-06
6.77382e-07
-1.56622e-06
7.75747e-07
-1.63165e-06
8.78459e-07
-1.69753e-06
9.83098e-07
-1.76832e-06
1.08666e-06
-1.85037e-06
1.18549e-06
-1.95298e-06
1.27515e-06
-2.08992e-06
1.3497e-06
-2.28188e-06
1.39985e-06
-2.56057e-06
1.40712e-06
-2.97752e-06
1.3257e-06
-3.62744e-06
1.01814e-06
-4.7444e-06
-7.3428e-06
3.68294e-07
-1.08606e-06
4.24467e-07
-1.2072e-06
4.88583e-07
-1.31672e-06
5.61159e-07
-1.41573e-06
6.42346e-07
-1.50551e-06
7.31832e-07
-1.58745e-06
8.28747e-07
-1.66314e-06
9.31566e-07
-1.73447e-06
1.03801e-06
-1.80399e-06
1.14496e-06
-1.87528e-06
1.24826e-06
-1.95369e-06
1.34256e-06
-2.0473e-06
1.42091e-06
-2.1683e-06
1.47393e-06
-2.33492e-06
1.48767e-06
-2.57435e-06
1.43825e-06
-2.92813e-06
1.27696e-06
-3.46619e-06
8.8556e-07
-4.35304e-06
-6.45727e-06
4.7015e-07
-1.13539e-06
5.27185e-07
-1.26421e-06
5.92639e-07
-1.38215e-06
6.66986e-07
-1.49006e-06
7.50306e-07
-1.58881e-06
8.42183e-07
-1.67932e-06
9.41592e-07
-1.76254e-06
1.04676e-06
-1.83964e-06
1.15498e-06
-1.91222e-06
1.26243e-06
-1.98274e-06
1.36386e-06
-2.05513e-06
1.45227e-06
-2.13574e-06
1.51851e-06
-2.23456e-06
1.55056e-06
-2.36701e-06
1.53252e-06
-2.55634e-06
1.44201e-06
-2.83766e-06
1.24335e-06
-3.26758e-06
8.61547e-07
-3.97129e-06
-5.59575e-06
5.45854e-07
-1.18299e-06
6.01613e-07
-1.31994e-06
6.66244e-07
-1.44676e-06
7.40194e-07
-1.56399e-06
8.23501e-07
-1.67211e-06
9.15696e-07
-1.77151e-06
1.01567e-06
-1.86251e-06
1.12147e-06
-1.94546e-06
1.23013e-06
-2.02088e-06
1.33724e-06
-2.08987e-06
1.43667e-06
-2.15458e-06
1.52e-06
-2.2191e-06
1.57611e-06
-2.2907e-06
1.59067e-06
-2.38161e-06
1.54599e-06
-2.5117e-06
1.42094e-06
-2.71265e-06
1.19001e-06
-3.03669e-06
8.12135e-07
-3.59346e-06
-4.78364e-06
5.94357e-07
-1.22702e-06
6.46986e-07
-1.37254e-06
7.08909e-07
-1.50866e-06
7.8055e-07
-1.63562e-06
8.61941e-07
-1.75349e-06
9.52614e-07
-1.86218e-06
1.05147e-06
-1.96137e-06
1.15656e-06
-2.05055e-06
1.26479e-06
-2.12914e-06
1.37155e-06
-2.19665e-06
1.47013e-06
-2.25318e-06
1.55109e-06
-2.3001e-06
1.60162e-06
-2.34126e-06
1.60493e-06
-2.38496e-06
1.54011e-06
-2.44692e-06
1.38261e-06
-2.5552e-06
1.10516e-06
-2.75929e-06
6.73878e-07
-3.16223e-06
-4.10979e-06
6.1541e-07
-1.266e-06
6.63382e-07
-1.42049e-06
7.21013e-07
-1.56628e-06
7.88703e-07
-1.7033e-06
8.66492e-07
-1.83128e-06
9.53982e-07
-1.94967e-06
1.0502e-06
-2.05759e-06
1.15337e-06
-2.15374e-06
1.26061e-06
-2.2364e-06
1.36746e-06
-2.30353e-06
1.4672e-06
-2.35296e-06
1.55007e-06
-2.38299e-06
1.60222e-06
-2.39345e-06
1.60484e-06
-2.38762e-06
1.53349e-06
-2.37562e-06
1.35844e-06
-2.3802e-06
1.04689e-06
-2.44779e-06
5.66908e-07
-2.6823e-06
-3.54291e-06
6.09611e-07
-1.29884e-06
6.51771e-07
-1.46264e-06
7.03853e-07
-1.61836e-06
7.66205e-07
-1.76565e-06
8.3889e-07
-1.90397e-06
9.21628e-07
-2.03242e-06
1.01368e-06
-2.14966e-06
1.11367e-06
-2.25374e-06
1.21921e-06
-2.34197e-06
1.32651e-06
-2.41084e-06
1.42955e-06
-2.45603e-06
1.51916e-06
-2.47264e-06
1.5817e-06
-2.45603e-06
1.59756e-06
-2.40353e-06
1.54e-06
-2.3181e-06
1.37527e-06
-2.21551e-06
1.06703e-06
-2.13961e-06
5.88771e-07
-2.2041e-06
-2.95417e-06
5.78423e-07
-1.32489e-06
6.14032e-07
-1.49825e-06
6.59645e-07
-1.66397e-06
7.15522e-07
-1.82153e-06
7.81738e-07
-1.97019e-06
8.58166e-07
-2.10886e-06
9.44396e-07
-2.2359e-06
1.03958e-06
-2.34894e-06
1.14217e-06
-2.44458e-06
1.24948e-06
-2.51818e-06
1.35695e-06
-2.56354e-06
1.45714e-06
-2.57286e-06
1.53802e-06
-2.53695e-06
1.58095e-06
-2.4465e-06
1.55815e-06
-2.29535e-06
1.43161e-06
-2.08902e-06
1.15733e-06
-1.86537e-06
6.97171e-07
-1.74399e-06
-2.25702e-06
5.24176e-07
-1.34404e-06
5.52941e-07
-1.52701e-06
5.91515e-07
-1.70255e-06
6.40011e-07
-1.87003e-06
6.985e-07
-2.02869e-06
7.67008e-07
-2.17738e-06
8.45486e-07
-2.3144e-06
9.33717e-07
-2.43719e-06
1.03114e-06
-2.54204e-06
1.13656e-06
-2.62362e-06
1.24752e-06
-2.67453e-06
1.35933e-06
-2.6847e-06
1.46326e-06
-2.64092e-06
1.54362e-06
-2.52689e-06
1.57333e-06
-2.3251e-06
1.50884e-06
-2.02458e-06
1.28942e-06
-1.646e-06
8.40403e-07
-1.29502e-06
-1.41664e-06
4.50069e-07
-1.35679e-06
4.72153e-07
-1.5491e-06
5.03443e-07
-1.73384e-06
5.4387e-07
-1.91047e-06
5.93469e-07
-2.0783e-06
6.52394e-07
-2.23632e-06
7.20918e-07
-2.38294e-06
7.99419e-07
-2.51571e-06
8.8834e-07
-2.63098e-06
9.88059e-07
-2.72336e-06
1.09857e-06
-2.78507e-06
1.21877e-06
-2.80492e-06
1.34481e-06
-2.76699e-06
1.46676e-06
-2.64888e-06
1.56187e-06
-2.42025e-06
1.58311e-06
-2.04586e-06
1.44717e-06
-1.5101e-06
1.02315e-06
-8.71041e-07
-3.93513e-07
3.60169e-07
-1.36421e-06
3.76139e-07
-1.56508e-06
4.0018e-07
-1.75789e-06
4.32041e-07
-1.94234e-06
4.71708e-07
-2.11797e-06
5.19404e-07
-2.28402e-06
5.75616e-07
-2.43916e-06
6.41145e-07
-2.58126e-06
7.17195e-07
-2.70705e-06
8.05476e-07
-2.81166e-06
9.08252e-07
-2.88787e-06
1.02817e-06
-2.92487e-06
1.16741e-06
-2.90625e-06
1.32496e-06
-2.80645e-06
1.48902e-06
-2.58434e-06
1.61851e-06
-2.17538e-06
1.6108e-06
-1.50241e-06
1.25436e-06
-5.1464e-07
8.60833e-07
2.59408e-07
-1.36784e-06
2.70093e-07
-1.57576e-06
2.87094e-07
-1.7749e-06
3.10054e-07
-1.9653e-06
3.3892e-07
-2.14685e-06
3.73917e-07
-2.31903e-06
4.15577e-07
-2.48083e-06
4.6483e-07
-2.63052e-06
5.2318e-07
-2.76541e-06
5.92985e-07
-2.88148e-06
6.77879e-07
-2.97278e-06
7.83299e-07
-3.03031e-06
9.1691e-07
-3.03988e-06
1.08818e-06
-2.97775e-06
1.30428e-06
-2.80047e-06
1.55037e-06
-2.42149e-06
1.72916e-06
-1.68122e-06
1.54771e-06
-3.33211e-07
2.40853e-06
1.53538e-07
-1.3694e-06
1.59752e-07
-1.58198e-06
1.69942e-07
-1.78509e-06
1.83792e-07
-1.97916e-06
2.01247e-07
-2.16431e-06
2.22469e-07
-2.34026e-06
2.47858e-07
-2.50623e-06
2.78136e-07
-2.66081e-06
3.14516e-07
-2.8018e-06
3.59023e-07
-2.926e-06
4.15049e-07
-3.02882e-06
4.88325e-07
-3.1036e-06
5.8845e-07
-3.14002e-06
7.31221e-07
-3.12053e-06
9.42287e-07
-3.01155e-06
1.25699e-06
-2.73621e-06
1.65944e-06
-2.08368e-06
1.80056e-06
-4.74351e-07
4.20909e-06
4.89596e-08
5.10925e-08
5.4537e-08
5.91615e-08
6.4943e-08
7.19384e-08
8.02905e-08
9.02611e-08
1.02305e-07
1.1722e-07
1.36445e-07
1.62694e-07
2.01277e-07
2.62741e-07
3.67912e-07
5.60887e-07
9.49584e-07
1.47823e-06
)
;

boundaryField
{
    leftWall
    {
        type            calculated;
        value           uniform 0;
    }
    rightWall
    {
        type            calculated;
        value           uniform 0;
    }
    lowerWall
    {
        type            calculated;
        value           uniform 0;
    }
    atmosphere
    {
        type            calculated;
        value           nonuniform List<scalar> 
46
(
-2.5968e-06
1.7277e-06
4.29387e-06
4.50155e-06
4.30354e-06
4.04136e-06
3.75612e-06
3.45817e-06
3.15312e-06
2.84498e-06
2.53679e-06
2.23087e-06
1.92893e-06
1.63213e-06
1.34119e-06
1.05641e-06
7.78112e-07
5.06166e-07
2.32182e-07
-1.39522e-08
-2.39327e-07
-4.60273e-07
-6.71073e-07
-3.86766e-07
-4.3033e-07
-4.72886e-07
-5.14502e-07
-1.36988e-06
-1.58412e-06
-1.78854e-06
-1.98378e-06
-2.17009e-06
-2.34726e-06
-2.51458e-06
-2.67078e-06
-2.81385e-06
-2.94092e-06
-3.04805e-06
-3.12985e-06
-3.17861e-06
-3.182e-06
-3.11672e-06
-2.9292e-06
-2.47239e-06
-1.00301e-06
5.68732e-06
)
;
    }
    defaultFaces
    {
        type            empty;
        value           nonuniform List<scalar> 0();
    }
}


// ************************************************************************* //
