/*--------------------------------*- C++ -*----------------------------------*\
  =========                 |
  \\      /  F ield         | OpenFOAM: The Open Source CFD Toolbox
   \\    /   O peration     | Website:  https://openfoam.org
    \\  /    A nd           | Version:  9
     \\/     M anipulation  |
\*---------------------------------------------------------------------------*/
FoamFile
{
    format      ascii;
    class       volVectorField;
    location    "0.09";
    object      U;
}
// * * * * * * * * * * * * * * * * * * * * * * * * * * * * * * * * * * * * * //

dimensions      [0 1 -1 0 0 0 0];

internalField   nonuniform List<vector> 
2268
(
(0.00556149 -0.00515314 0)
(0.036187 -0.0130866 0)
(0.08896 -0.0177859 0)
(0.149977 -0.0200773 0)
(0.216754 -0.0211871 0)
(0.287458 -0.0218455 0)
(0.361434 -0.0225484 0)
(0.43912 -0.0237259 0)
(0.523064 -0.0256734 0)
(0.615188 -0.0286586 0)
(0.719978 -0.033468 0)
(0.842207 -0.0404615 0)
(0.984761 -0.0484831 0)
(1.14437 -0.051285 0)
(1.29491 -0.0373768 0)
(1.38244 -0.0106555 0)
(1.3852 -0.00618646 0)
(1.36738 -0.0467184 0)
(1.38521 -0.101307 0)
(1.42337 -0.176715 0)
(1.22277 -0.0414802 0)
(0.593345 0.0968198 0)
(0.130906 0.0881865 0)
(0.0150723 -0.0144241 0)
(0.0533331 -0.0317096 0)
(0.105999 -0.041187 0)
(0.164785 -0.046635 0)
(0.228759 -0.0500505 0)
(0.29705 -0.052567 0)
(0.369355 -0.0551523 0)
(0.446236 -0.0587335 0)
(0.529436 -0.0640412 0)
(0.621166 -0.0717892 0)
(0.724376 -0.0827629 0)
(0.841476 -0.0966397 0)
(0.97329 -0.11055 0)
(1.11465 -0.11381 0)
(1.24449 -0.0880129 0)
(1.33385 -0.0366354 0)
(1.3843 0.000345449 0)
(1.41647 0.00246405 0)
(1.45618 0.0276421 0)
(1.62908 0.191204 0)
(1.35809 0.338612 0)
(0.677547 0.377849 0)
(0.18983 0.273479 0)
(0.0229024 -0.0325929 0)
(0.0665347 -0.0542453 0)
(0.119259 -0.0659494 0)
(0.175951 -0.0737659 0)
(0.237031 -0.0793641 0)
(0.30243 -0.0839184 0)
(0.372205 -0.088664 0)
(0.446978 -0.0948413 0)
(0.528092 -0.103517 0)
(0.617359 -0.115622 0)
(0.716687 -0.131804 0)
(0.826969 -0.151217 0)
(0.947784 -0.169493 0)
(1.07346 -0.1726 0)
(1.18541 -0.139024 0)
(1.26997 -0.0746761 0)
(1.33783 -0.024981 0)
(1.38755 -0.0168952 0)
(1.33949 -0.0919834 0)
(1.21774 0.144749 0)
(0.959327 0.528972 0)
(0.547446 0.60418 0)
(0.188868 0.469359 0)
(0.0277858 -0.0548658 0)
(0.0760646 -0.0790044 0)
(0.129582 -0.0914724 0)
(0.184955 -0.100908 0)
(0.243738 -0.108386 0)
(0.306542 -0.114929 0)
(0.373766 -0.121887 0)
(0.446088 -0.130698 0)
(0.524583 -0.142642 0)
(0.610596 -0.158738 0)
(0.705248 -0.179398 0)
(0.808387 -0.203119 0)
(0.918901 -0.224052 0)
(1.03054 -0.225728 0)
(1.12587 -0.185896 0)
(1.20627 -0.111701 0)
(1.28098 -0.0456369 0)
(1.33114 0.00390182 0)
(1.19281 -0.00706735 0)
(0.906957 0.246469 0)
(0.665323 0.639167 0)
(0.439326 0.748084 0)
(0.179833 0.639505 0)
(0.0302153 -0.0795249 0)
(0.082249 -0.105099 0)
(0.137011 -0.117203 0)
(0.191778 -0.127588 0)
(0.2489 -0.136638 0)
(0.309525 -0.145078 0)
(0.374351 -0.154246 0)
(0.44412 -0.165665 0)
(0.519711 -0.180714 0)
(0.602053 -0.200381 0)
(0.691635 -0.224747 0)
(0.787558 -0.251604 0)
(0.888313 -0.273706 0)
(0.986419 -0.273121 0)
(1.06666 -0.228401 0)
(1.14249 -0.147788 0)
(1.21272 -0.0618221 0)
(1.24347 0.027226 0)
(1.06908 0.113327 0)
(0.743056 0.385918 0)
(0.529681 0.723957 0)
(0.392792 0.840661 0)
(0.180968 0.783413 0)
(0.0311796 -0.105594 0)
(0.0858216 -0.132163 0)
(0.141859 -0.143122 0)
(0.196505 -0.153834 0)
(0.252511 -0.164081 0)
(0.311387 -0.174218 0)
(0.374065 -0.185469 0)
(0.441343 -0.199344 0)
(0.513954 -0.217214 0)
(0.592478 -0.23994 0)
(0.676906 -0.267207 0)
(0.765811 -0.296079 0)
(0.857396 -0.317956 0)
(0.942215 -0.31443 0)
(1.00947 -0.266484 0)
(1.07782 -0.183191 0)
(1.135 -0.0664132 0)
(1.18621 0.0621976 0)
(0.973852 0.236202 0)
(0.674556 0.50906 0)
(0.495475 0.792099 0)
(0.397138 0.91155 0)
(0.197573 0.923169 0)
(0.0314538 -0.132443 0)
(0.0875325 -0.159915 0)
(0.14456 -0.169313 0)
(0.199338 -0.179867 0)
(0.254645 -0.190937 0)
(0.312168 -0.202513 0)
(0.372987 -0.215645 0)
(0.437937 -0.231753 0)
(0.507636 -0.252118 0)
(0.582394 -0.277397 0)
(0.661822 -0.306845 0)
(0.744195 -0.336764 0)
(0.827414 -0.357174 0)
(0.899751 -0.350176 0)
(0.956629 -0.300205 0)
(1.01577 -0.215492 0)
(1.07031 -0.0822195 0)
(1.1208 0.10911 0)
(0.896187 0.344991 0)
(0.652875 0.610726 0)
(0.5114 0.849405 0)
(0.442141 0.974229 0)
(0.238905 1.06909 0)
(0.0314847 -0.15972 0)
(0.0879528 -0.18819 0)
(0.145485 -0.195829 0)
(0.200438 -0.205872 0)
(0.255301 -0.217426 0)
(0.311771 -0.230163 0)
(0.37099 -0.244934 0)
(0.433794 -0.26302 0)
(0.500713 -0.285546 0)
(0.571853 -0.312918 0)
(0.646576 -0.343943 0)
(0.723136 -0.374137 0)
(0.798938 -0.392219 0)
(0.859975 -0.381555 0)
(0.909357 -0.330225 0)
(0.960183 -0.242559 0)
(1.02775 -0.0929777 0)
(1.04216 0.157791 0)
(0.83432 0.435722 0)
(0.651455 0.689769 0)
(0.54946 0.892954 0)
(0.51986 1.02707 0)
(0.272769 1.26345 0)
(0.00246205 -0.00376606 0)
(0.032804 -0.0119769 0)
(0.0795184 -0.0112573 0)
(0.114118 -0.00751175 0)
(0.134771 -0.00396986 0)
(0.143982 -0.00120333 0)
(0.144438 0.000724022 0)
(0.139166 0.00192149 0)
(0.130401 0.00263571 0)
(0.11947 0.00307006 0)
(0.10721 0.00333732 0)
(0.0941212 0.00350993 0)
(0.0804661 0.00364111 0)
(0.0663604 0.00376214 0)
(0.0518686 0.00387621 0)
(0.0371664 0.0039268 0)
(0.0228427 0.00372465 0)
(0.0100163 0.00287266 0)
(0.0020299 0.0014631 0)
(0.00878521 -0.00979941 0)
(0.0432752 -0.0284755 0)
(0.0900538 -0.0265541 0)
(0.122357 -0.0177998 0)
(0.140762 -0.00946099 0)
(0.148521 -0.00294811 0)
(0.148616 0.00164557 0)
(0.143364 0.00463531 0)
(0.134504 0.00650391 0)
(0.123363 0.00765783 0)
(0.110819 0.00836982 0)
(0.0974102 0.00882609 0)
(0.083436 0.00915827 0)
(0.0690575 0.0094347 0)
(0.0544118 0.00963889 0)
(0.0397599 0.00961187 0)
(0.0256544 0.00897723 0)
(0.012995 0.007074 0)
(0.00375273 0.00374625 0)
(0.0128734 -0.0206169 0)
(0.0518493 -0.0477233 0)
(0.100186 -0.0422553 0)
(0.13001 -0.0275421 0)
(0.145362 -0.0142903 0)
(0.150914 -0.00418359 0)
(0.149548 0.00293899 0)
(0.143386 0.00767303 0)
(0.134048 0.0106918 0)
(0.122704 0.012565 0)
(0.110131 0.013717 0)
(0.0968115 0.0144462 0)
(0.0830252 0.0149548 0)
(0.068948 0.0153385 0)
(0.0547607 0.0155542 0)
(0.0407515 0.0153674 0)
(0.0273624 0.0143168 0)
(0.0152235 0.0117389 0)
(0.00527794 0.00759415 0)
(0.014267 -0.0340615 0)
(0.0603731 -0.0701029 0)
(0.112325 -0.0585808 0)
(0.13973 -0.0364507 0)
(0.151493 -0.0180926 0)
(0.154303 -0.00460101 0)
(0.151124 0.00483232 0)
(0.14385 0.01113 0)
(0.133886 0.0151633 0)
(0.122232 0.0176667 0)
(0.109558 0.0191997 0)
(0.0962856 0.0201579 0)
(0.0826703 0.0207999 0)
(0.0688927 0.0212385 0)
(0.0551493 0.0214078 0)
(0.041707 0.021029 0)
(0.0288702 0.0196221 0)
(0.0170179 0.0166228 0)
(0.00642902 0.0122024 0)
(0.0154187 -0.0463204 0)
(0.0723892 -0.0960429 0)
(0.127986 -0.0753249 0)
(0.152095 -0.0440262 0)
(0.159491 -0.0204673 0)
(0.15903 -0.00397061 0)
(0.153679 0.00741323 0)
(0.145048 0.0150135 0)
(0.134282 0.0198868 0)
(0.12219 0.0229054 0)
(0.109322 0.02474 0)
(0.0960275 0.0258661 0)
(0.0825322 0.0265865 0)
(0.0690068 0.0270249 0)
(0.0556363 0.0271002 0)
(0.0426346 0.0265189 0)
(0.0301662 0.0248314 0)
(0.018394 0.0216313 0)
(0.00718092 0.0172796 0)
(0.0312972 -0.0594954 0)
(0.0953649 -0.124842 0)
(0.149102 -0.0913925 0)
(0.167503 -0.0496309 0)
(0.169413 -0.0210662 0)
(0.165118 -0.00209045 0)
(0.157257 0.0108005 0)
(0.147038 0.0193925 0)
(0.135302 0.0248987 0)
(0.122647 0.0282954 0)
(0.109488 0.0303375 0)
(0.0960975 0.0315611 0)
(0.082657 0.0323008 0)
(0.0693139 0.0326877 0)
(0.0562208 0.0326361 0)
(0.043521 0.0318618 0)
(0.0312545 0.0299788 0)
(0.0194138 0.0267627 0)
(0.00763072 0.0227139 0)
(0.0974351 -0.101745 0)
(0.139744 -0.15448 0)
(0.177077 -0.103508 0)
(0.186068 -0.0521933 0)
(0.181222 -0.0195182 0)
(0.172512 0.00123113 0)
(0.161832 0.0151164 0)
(0.149818 0.0243541 0)
(0.136961 0.0302655 0)
(0.12363 0.0338896 0)
(0.11009 0.036036 0)
(0.096525 0.0372814 0)
(0.0830659 0.0379815 0)
(0.0698225 0.0382728 0)
(0.0569004 0.0380742 0)
(0.0443666 0.0371286 0)
(0.0321601 0.0351302 0)
(0.0201514 0.0320335 0)
(0.00788684 0.0284024 0)
(0.229713 -0.187858 0)
(0.211076 -0.180267 0)
(0.211427 -0.10699 0)
(0.207293 -0.0501882 0)
(0.194684 -0.0153621 0)
(0.181038 0.00621825 0)
(0.167273 0.0205063 0)
(0.153301 0.0300028 0)
(0.139205 0.0360677 0)
(0.125102 0.039754 0)
(0.111102 0.0418924 0)
(0.0972914 0.0430792 0)
(0.0837409 0.0436799 0)
(0.0705136 0.0438354 0)
(0.0576593 0.0434773 0)
(0.0451703 0.0423869 0)
(0.0329115 0.0403447 0)
(0.0206773 0.0374555 0)
(0.00803575 0.034257 0)
(0.0310596 -0.201636 0)
(0.0867982 -0.232609 0)
(0.144133 -0.23767 0)
(0.199049 -0.246592 0)
(0.253262 -0.258413 0)
(0.308262 -0.272471 0)
(0.365141 -0.28933 0)
(0.424688 -0.309998 0)
(0.487307 -0.335286 0)
(0.552891 -0.365148 0)
(0.620642 -0.397687 0)
(0.689157 -0.427305 0)
(0.754476 -0.441558 0)
(0.800506 -0.425566 0)
(0.842495 -0.372521 0)
(0.883949 -0.279841 0)
(0.993567 -0.0829817 0)
(0.924434 0.235493 0)
(0.758809 0.541651 0)
(0.659021 0.769472 0)
(0.62763 0.922597 0)
(0.700879 1.03311 0)
(0.79136 1.30709 0)
(0.0296246 -0.256852 0)
(0.0826168 -0.291313 0)
(0.137506 -0.293601 0)
(0.190593 -0.300925 0)
(0.242817 -0.3124 0)
(0.295163 -0.327231 0)
(0.348448 -0.345755 0)
(0.403267 -0.368638 0)
(0.459865 -0.396236 0)
(0.518013 -0.427895 0)
(0.576992 -0.460872 0)
(0.635853 -0.488534 0)
(0.68803 -0.497927 0)
(0.721338 -0.475939 0)
(0.759445 -0.41998 0)
(0.794744 -0.325 0)
(0.881695 -0.0367758 0)
(0.763903 0.322989 0)
(0.663985 0.619198 0)
(0.633961 0.804049 0)
(0.652305 0.894343 0)
(0.72619 0.928088 0)
(0.878146 0.950415 0)
(0.0278245 -0.309048 0)
(0.0770971 -0.345995 0)
(0.12817 -0.346466 0)
(0.178079 -0.352625 0)
(0.227253 -0.363595 0)
(0.276229 -0.378614 0)
(0.325507 -0.397925 0)
(0.375458 -0.421943 0)
(0.426168 -0.450643 0)
(0.477357 -0.482856 0)
(0.528478 -0.515171 0)
(0.578821 -0.540252 0)
(0.618886 -0.54513 0)
(0.645387 -0.518811 0)
(0.67977 -0.457838 0)
(0.721799 -0.347657 0)
(0.727382 0.0220978 0)
(0.619272 0.385819 0)
(0.569764 0.651449 0)
(0.570334 0.796048 0)
(0.59792 0.841504 0)
(0.645338 0.820398 0)
(0.739387 0.740646 0)
(0.0258715 -0.357738 0)
(0.0710419 -0.396074 0)
(0.117674 -0.395339 0)
(0.163629 -0.400698 0)
(0.209027 -0.411152 0)
(0.254093 -0.42602 0)
(0.299075 -0.445514 0)
(0.344136 -0.469874 0)
(0.38923 -0.498787 0)
(0.434061 -0.530676 0)
(0.478267 -0.561604 0)
(0.521016 -0.583744 0)
(0.550357 -0.584767 0)
(0.574182 -0.555803 0)
(0.601657 -0.489327 0)
(0.662296 -0.314049 0)
(0.592353 0.0862665 0)
(0.508968 0.428634 0)
(0.486338 0.662158 0)
(0.496345 0.777758 0)
(0.523053 0.802167 0)
(0.560235 0.766294 0)
(0.61518 0.684198 0)
(0.023844 -0.402677 0)
(0.0648344 -0.44136 0)
(0.106866 -0.439813 0)
(0.148551 -0.444625 0)
(0.189808 -0.454597 0)
(0.230672 -0.469128 0)
(0.271217 -0.488418 0)
(0.311457 -0.512588 0)
(0.351246 -0.541107 0)
(0.390298 -0.572093 0)
(0.428422 -0.601217 0)
(0.464242 -0.620308 0)
(0.485072 -0.617984 0)
(0.508226 -0.587325 0)
(0.529283 -0.519455 0)
(0.604002 -0.241565 0)
(0.497602 0.143747 0)
(0.429225 0.462616 0)
(0.415241 0.666648 0)
(0.426253 0.760145 0)
(0.450535 0.772774 0)
(0.481572 0.732749 0)
(0.515157 0.654479 0)
(0.0217834 -0.443777 0)
(0.0586488 -0.481909 0)
(0.096153 -0.479825 0)
(0.133532 -0.48424 0)
(0.17055 -0.493752 0)
(0.207134 -0.507835 0)
(0.243254 -0.52668 0)
(0.27882 -0.550314 0)
(0.313627 -0.578044 0)
(0.347412 -0.607768 0)
(0.380109 -0.634881 0)
(0.409477 -0.650958 0)
(0.42436 -0.646022 0)
(0.446741 -0.613046 0)
(0.466774 -0.548745 0)
(0.522629 -0.199017 0)
(0.418367 0.197388 0)
(0.360715 0.493391 0)
(0.350133 0.669535 0)
(0.361005 0.743596 0)
(0.383148 0.746852 0)
(0.409434 0.70485 0)
(0.433705 0.631322 0)
(0.0197186 -0.48103 0)
(0.0525732 -0.517892 0)
(0.0857223 -0.515479 0)
(0.1189 -0.519574 0)
(0.151742 -0.528629 0)
(0.184112 -0.542191 0)
(0.215923 -0.560439 0)
(0.247025 -0.583319 0)
(0.277179 -0.610016 0)
(0.30616 -0.638265 0)
(0.333973 -0.663298 0)
(0.357547 -0.676593 0)
(0.368303 -0.669315 0)
(0.389212 -0.633275 0)
(0.408712 -0.567217 0)
(0.435299 -0.142843 0)
(0.338908 0.250399 0)
(0.293525 0.519862 0)
(0.287779 0.669677 0)
(0.30011 0.727068 0)
(0.321342 0.723253 0)
(0.344857 0.681286 0)
(0.365388 0.613705 0)
(0.017673 -0.514479 0)
(0.0466643 -0.549518 0)
(0.0756694 -0.546942 0)
(0.104811 -0.550757 0)
(0.133615 -0.559345 0)
(0.161917 -0.572335 0)
(0.189596 -0.589889 0)
(0.216474 -0.611886 0)
(0.242303 -0.637415 0)
(0.266907 -0.664096 0)
(0.29033 -0.687078 0)
(0.308802 -0.697885 0)
(0.316971 -0.688637 0)
(0.335367 -0.649586 0)
(0.355262 -0.572172 0)
(0.337134 -0.0825691 0)
(0.25711 0.296326 0)
(0.227537 0.53788 0)
(0.228745 0.664954 0)
(0.243685 0.70944 0)
(0.2648 0.70103 0)
(0.286658 0.660276 0)
(0.305212 0.59827 0)
(0.0156707 -0.544158 0)
(0.040973 -0.576997 0)
(0.0660549 -0.574399 0)
(0.0913434 -0.577955 0)
(0.116281 -0.586066 0)
(0.140693 -0.59845 0)
(0.164443 -0.615253 0)
(0.187343 -0.636301 0)
(0.209156 -0.660608 0)
(0.229767 -0.685723 0)
(0.249242 -0.706783 0)
(0.263302 -0.715451 0)
(0.270024 -0.704625 0)
(0.284997 -0.66324 0)
(0.30344 -0.550687 0)
(0.229405 -0.0247851 0)
(0.177639 0.32897 0)
(0.166663 0.544659 0)
(0.175043 0.654479 0)
(0.192229 0.69035 0)
(0.213053 0.67959 0)
(0.233505 0.64071 0)
(0.25065 0.583701 0)
(0.0137333 -0.5702 0)
(0.035536 -0.600601 0)
(0.0569158 -0.598077 0)
(0.0785403 -0.601368 0)
(0.0997978 -0.608987 0)
(0.120515 -0.620743 0)
(0.140549 -0.636768 0)
(0.159713 -0.656843 0)
(0.177793 -0.679937 0)
(0.194744 -0.70357 0)
(0.210666 -0.722924 0)
(0.221008 -0.729846 0)
(0.227132 -0.717784 0)
(0.238226 -0.675883 0)
(0.251625 -0.48256 0)
(0.141994 0.0230987 0)
(0.115248 0.346136 0)
(0.117162 0.541606 0)
(0.129078 0.640108 0)
(0.146307 0.670925 0)
(0.165792 0.659303 0)
(0.184596 0.622492 0)
(0.200509 0.569829 0)
(0.0119375 -0.59304 0)
(0.0303945 -0.620688 0)
(0.0482865 -0.618225 0)
(0.0664435 -0.62121 0)
(0.0842213 -0.628316 0)
(0.101456 -0.639428 0)
(0.118002 -0.654663 0)
(0.133673 -0.673767 0)
(0.148284 -0.695693 0)
(0.16186 -0.717989 0)
(0.174573 -0.735955 0)
(0.181877 -0.741627 0)
(0.188057 -0.728571 0)
(0.196129 -0.688661 0)
(0.207088 -0.370362 0)
(0.100248 0.0618013 0)
(0.0794248 0.35517 0)
(0.0816605 0.535754 0)
(0.0910508 0.626264 0)
(0.105401 0.653345 0)
(0.122337 0.641014 0)
(0.139206 0.605802 0)
(0.153999 0.556609 0)
(0.0104837 -0.612514 0)
(0.0257015 -0.637101 0)
(0.040239 -0.634796 0)
(0.0551354 -0.637535 0)
(0.0696605 -0.644165 0)
(0.083662 -0.654654 0)
(0.0969861 -0.669106 0)
(0.109444 -0.687251 0)
(0.120865 -0.708063 0)
(0.131328 -0.729192 0)
(0.141107 -0.746178 0)
(0.145991 -0.751298 0)
(0.152509 -0.737553 0)
(0.159419 -0.70013 0)
(0.174085 -0.29369 0)
(0.087743 0.0928685 0)
(0.0607127 0.366725 0)
(0.0544373 0.5348 0)
(0.0573384 0.616992 0)
(0.0672768 0.639316 0)
(0.0812827 0.625225 0)
(0.096376 0.590605 0)
(0.110375 0.543853 0)
(0.00885269 -0.627824 0)
(0.0213298 -0.649489 0)
(0.0326555 -0.64778 0)
(0.0446485 -0.650518 0)
(0.0562857 -0.65679 0)
(0.0674194 -0.666714 0)
(0.0778961 -0.680419 0)
(0.0875242 -0.697639 0)
(0.0961319 -0.717393 0)
(0.103801 -0.737507 0)
(0.110898 -0.753907 0)
(0.113925 -0.759314 0)
(0.120358 -0.745733 0)
(0.126997 -0.710505 0)
(0.147717 -0.25109 0)
(0.0761356 0.127158 0)
(0.0414878 0.387047 0)
(0.0259474 0.541726 0)
(0.0226728 0.613307 0)
(0.0289479 0.628877 0)
(0.0408807 0.611554 0)
(0.0550072 0.576405 0)
(0.0688801 0.531134 0)
(0.00420656 -0.642263 0)
(0.0160364 -0.660916 0)
(0.0250738 -0.659369 0)
(0.0349722 -0.66175 0)
(0.0443981 -0.66748 0)
(0.0532511 -0.676769 0)
(0.0614412 -0.689726 0)
(0.0688109 -0.706056 0)
(0.0751931 -0.724801 0)
(0.0806334 -0.743969 0)
(0.0855527 -0.759956 0)
(0.0874429 -0.766191 0)
(0.0928037 -0.754205 0)
(0.0989779 -0.722838 0)
(0.12263 -0.211942 0)
(0.0530813 0.167714 0)
(0.0115084 0.415486 0)
(-0.0104174 0.554821 0)
(-0.0169989 0.613439 0)
(-0.0120398 0.620494 0)
(-0.00036612 0.598752 0)
(0.014147 0.562234 0)
(0.0288599 0.517769 0)
(-0.00419391 -0.655858 0)
(0.00991266 -0.674076 0)
(0.0184696 -0.671001 0)
(0.0270317 -0.672074 0)
(0.0349713 -0.676844 0)
(0.042255 -0.685305 0)
(0.0489018 -0.6974 0)
(0.0548112 -0.712733 0)
(0.0598444 -0.73033 0)
(0.0640387 -0.748381 0)
(0.0679594 -0.763836 0)
(0.0699824 -0.770998 0)
(0.0744864 -0.761989 0)
(0.0785201 -0.736925 0)
(0.0824744 -0.170521 0)
(0.0113189 0.214753 0)
(-0.0350402 0.449313 0)
(-0.0588135 0.57048 0)
(-0.0642775 0.614116 0)
(-0.0572455 0.611611 0)
(-0.0433897 0.58495 0)
(-0.0267912 0.546775 0)
(-0.0100896 0.502883 0)
(0.00388485 -0.643749 0)
(0.0100189 -0.674876 0)
(0.0171476 -0.67215 0)
(0.0234821 -0.673885 0)
(0.0301085 -0.67877 0)
(0.0365189 -0.686909 0)
(0.0425804 -0.69828 0)
(0.0480964 -0.712535 0)
(0.0528629 -0.72882 0)
(0.0568361 -0.745637 0)
(0.0607487 -0.760825 0)
(0.0636013 -0.769365 0)
(0.0698992 -0.763357 0)
(0.0714018 -0.737238 0)
(-0.00176846 -0.114132 0)
(-0.0621117 0.268025 0)
(-0.104615 0.483241 0)
(-0.12242 0.58303 0)
(-0.120566 0.610809 0)
(-0.107186 0.598973 0)
(-0.0883306 0.567896 0)
(-0.0678186 0.528512 0)
(-0.0479764 0.485492 0)
(0.0880669 -0.631107 0)
(0.0236717 -0.659685 0)
(0.0242216 -0.662985 0)
(0.0259058 -0.668705 0)
(0.0313214 -0.675248 0)
(0.0378034 -0.684208 0)
(0.044573 -0.695996 0)
(0.0510759 -0.710472 0)
(0.0567328 -0.727073 0)
(0.0608615 -0.744481 0)
(0.0632389 -0.761375 0)
(0.0622145 -0.772173 0)
(0.0614424 -0.755703 0)
(0.0603852 -0.67951 0)
(-0.149893 -0.037123 0)
(-0.177994 0.320368 0)
(-0.20025 0.506878 0)
(-0.200827 0.584089 0)
(-0.184722 0.597879 0)
(-0.160735 0.578937 0)
(-0.134269 0.545277 0)
(-0.108255 0.505999 0)
(-0.0843216 0.464729 0)
(0.411082 -0.776136 0)
(0.0308004 -0.636298 0)
(0.0378812 -0.680663 0)
(0.0320202 -0.686491 0)
(0.0385083 -0.691491 0)
(0.0474245 -0.699323 0)
(0.0565089 -0.710838 0)
(0.0651096 -0.725117 0)
(0.0719674 -0.741248 0)
(0.0758072 -0.757355 0)
(0.0739036 -0.771421 0)
(0.0535457 -0.78761 0)
(-0.0207661 -0.745335 0)
(-0.111686 -0.477324 0)
(-0.316695 0.0475378 0)
(-0.325439 0.353501 0)
(-0.313826 0.506335 0)
(-0.287192 0.564876 0)
(-0.251834 0.570061 0)
(-0.21459 0.548397 0)
(-0.179017 0.515264 0)
(-0.146659 0.478172 0)
(-0.11819 0.44001 0)
(0.0799215 -0.985261 0)
(-0.0205471 -0.485181 0)
(0.0378587 -0.672774 0)
(0.0155 -0.70103 0)
(0.0121359 -0.717265 0)
(0.00849345 -0.729769 0)
(0.00381523 -0.741365 0)
(-0.00485756 -0.753387 0)
(-0.0175855 -0.763765 0)
(-0.0378334 -0.768387 0)
(-0.0728552 -0.755889 0)
(-0.135605 -0.71741 0)
(-0.224802 -0.657956 0)
(-0.410168 -0.287918 0)
(-0.494034 0.103612 0)
(-0.469311 0.345247 0)
(-0.422118 0.471453 0)
(-0.367746 0.520874 0)
(-0.313565 0.525139 0)
(-0.263614 0.506231 0)
(-0.219386 0.477298 0)
(-0.181036 0.444785 0)
(-0.148332 0.411276 0)
(-0.151935 -0.870167 0)
(-0.0847911 -0.533783 0)
(-0.0414878 -0.653836 0)
(-0.0536455 -0.684377 0)
(-0.066878 -0.696979 0)
(-0.0841864 -0.704916 0)
(-0.104586 -0.711366 0)
(-0.129046 -0.716845 0)
(-0.159765 -0.718814 0)
(-0.200706 -0.710585 0)
(-0.257884 -0.679671 0)
(-0.342866 -0.605739 0)
(-0.464731 -0.454683 0)
(-0.580494 -0.18632 0)
(-0.60625 0.0977406 0)
(-0.563006 0.295758 0)
(-0.497236 0.407905 0)
(-0.42705 0.45676 0)
(-0.360989 0.466194 0)
(-0.302467 0.454377 0)
(-0.252107 0.432618 0)
(-0.209363 0.406678 0)
(-0.173489 0.379137 0)
(-0.0713745 -0.704292 0)
(-0.0830833 -0.646322 0)
(-0.0698923 -0.656283 0)
(-0.0942838 -0.661728 0)
(-0.120438 -0.66646 0)
(-0.1507 -0.670894 0)
(-0.184874 -0.674475 0)
(-0.224111 -0.675438 0)
(-0.270782 -0.66951 0)
(-0.327872 -0.648872 0)
(-0.3986 -0.601911 0)
(-0.485716 -0.513168 0)
(-0.582055 -0.363174 0)
(-0.649042 -0.146088 0)
(-0.651216 0.0715054 0)
(-0.603264 0.233738 0)
(-0.533757 0.333797 0)
(-0.459594 0.383709 0)
(-0.389803 0.400131 0)
(-0.328078 0.397114 0)
(-0.27509 0.383915 0)
(-0.230263 0.365597 0)
(-0.192766 0.344769 0)
(-0.0280863 -0.650221 0)
(-0.0665821 -0.632256 0)
(-0.087619 -0.632668 0)
(-0.11948 -0.632548 0)
(-0.153878 -0.633312 0)
(-0.192145 -0.633832 0)
(-0.23481 -0.632607 0)
(-0.283045 -0.627024 0)
(-0.338436 -0.612317 0)
(-0.402169 -0.581149 0)
(-0.474061 -0.524149 0)
(-0.550802 -0.431393 0)
(-0.620363 -0.295909 0)
(-0.658514 -0.125008 0)
(-0.64962 0.0423476 0)
(-0.603324 0.173724 0)
(-0.538058 0.261381 0)
(-0.467634 0.311139 0)
(-0.400394 0.333707 0)
(-0.340148 0.339073 0)
(-0.287883 0.334315 0)
(-0.243327 0.323658 0)
(-0.20585 0.309618 0)
(-0.0268288 -0.605515 0)
(-0.0629954 -0.601285 0)
(-0.0957035 -0.59901 0)
(-0.131983 -0.596481 0)
(-0.170667 -0.594033 0)
(-0.212756 -0.590567 0)
(-0.259037 -0.584364 0)
(-0.310403 -0.572672 0)
(-0.367511 -0.551154 0)
(-0.429985 -0.513903 0)
(-0.495468 -0.454366 0)
(-0.558365 -0.367202 0)
(-0.607908 -0.251513 0)
(-0.629739 -0.116912 0)
(-0.616852 0.0134239 0)
(-0.575811 0.119974 0)
(-0.518847 0.196236 0)
(-0.456505 0.244653 0)
(-0.395801 0.271667 0)
(-0.340336 0.283925 0)
(-0.291372 0.286524 0)
(-0.24903 0.282812 0)
(-0.212998 0.27508 0)
(-0.0234346 -0.558441 0)
(-0.0608704 -0.564237 0)
(-0.0971811 -0.561505 0)
(-0.135176 -0.557398 0)
(-0.175112 -0.552322 0)
(-0.217802 -0.545367 0)
(-0.263945 -0.534909 0)
(-0.314037 -0.518492 0)
(-0.367997 -0.492646 0)
(-0.424539 -0.453119 0)
(-0.480509 -0.395803 0)
(-0.530354 -0.318299 0)
(-0.565966 -0.222142 0)
(-0.578915 -0.115482 0)
(-0.566071 -0.0125725 0)
(-0.53199 0.0745416 0)
(-0.484867 0.140867 0)
(-0.43241 0.187057 0)
(-0.380165 0.216714 0)
(-0.331308 0.234015 0)
(-0.287244 0.242446 0)
(-0.248433 0.24454 0)
(-0.214885 0.242278 0)
(-0.0214472 -0.519849 0)
(-0.057786 -0.526302 0)
(-0.0946329 -0.523253 0)
(-0.132314 -0.518029 0)
(-0.171417 -0.510987 0)
(-0.212527 -0.501374 0)
(-0.256103 -0.487803 0)
(-0.302278 -0.468299 0)
(-0.350535 -0.440332 0)
(-0.399265 -0.401105 0)
(-0.445408 -0.348298 0)
(-0.484374 -0.281172 0)
(-0.510497 -0.201878 0)
(-0.51882 -0.116504 0)
(-0.507966 -0.0340015 0)
(-0.481068 0.0380077 0)
(-0.443603 0.0958089 0)
(-0.401041 0.139163 0)
(-0.357594 0.169889 0)
(-0.315926 0.190454 0)
(-0.277449 0.203129 0)
(-0.242852 0.209754 0)
(-0.212404 0.21197 0)
(-0.0200719 -0.482256 0)
(-0.0544983 -0.489202 0)
(-0.0898919 -0.486004 0)
(-0.125882 -0.48004 0)
(-0.162848 -0.471683 0)
(-0.201113 -0.460314 0)
(-0.240876 -0.444819 0)
(-0.281997 -0.423724 0)
(-0.323767 -0.395315 0)
(-0.364625 -0.357904 0)
(-0.402 -0.310345 0)
(-0.432434 -0.252734 0)
(-0.452123 -0.187118 0)
(-0.458127 -0.117825 0)
(-0.449857 -0.0505721 0)
(-0.429421 0.00970395 0)
(-0.400453 0.0602565 0)
(-0.366758 0.100454 0)
(-0.331452 0.131053 0)
(-0.296695 0.153403 0)
(-0.263806 0.168908 0)
(-0.23359 0.178856 0)
(-0.206487 0.184561 0)
(-0.018638 -0.447695 0)
(-0.0506918 -0.454233 0)
(-0.0838595 -0.45087 0)
(-0.117441 -0.444445 0)
(-0.151613 -0.43532 0)
(-0.186476 -0.422991 0)
(-0.22202 -0.406591 0)
(-0.257946 -0.385073 0)
(-0.29351 -0.357352 0)
(-0.327361 -0.322508 0)
(-0.357508 -0.280111 0)
(-0.381477 -0.230628 0)
(-0.396771 -0.175783 0)
(-0.40163 -0.118601 0)
(-0.395806 -0.0628098 0)
(-0.380694 -0.0116791 0)
(-0.35869 0.0327498 0)
(-0.332401 0.0697199 0)
(-0.304105 0.0993931 0)
(-0.27551 0.12242 0)
(-0.24779 0.13962 0)
(-0.221773 0.151863 0)
(-0.19799 0.160174 0)
(-0.0171114 -0.415699 0)
(-0.0465755 -0.421781 0)
(-0.0771456 -0.418321 0)
(-0.107994 -0.411685 0)
(-0.139126 -0.402237 0)
(-0.170473 -0.389575 0)
(-0.201889 -0.373041 0)
(-0.233002 -0.351916 0)
(-0.263116 -0.325561 0)
(-0.291138 -0.293553 0)
(-0.315586 -0.255871 0)
(-0.334744 -0.213113 0)
(-0.346991 -0.166661 0)
(-0.35126 -0.118642 0)
(-0.34745 -0.0715439 0)
(-0.336474 -0.0275933 0)
(-0.319909 0.0116851 0)
(-0.299533 0.0455377 0)
(-0.277002 0.0738203 0)
(-0.253649 0.0967702 0)
(-0.230482 0.114824 0)
(-0.20829 0.12855 0)
(-0.187635 0.138732 0)
(-0.0155185 -0.386465 0)
(-0.042321 -0.392034 0)
(-0.0701751 -0.388529 0)
(-0.098199 -0.381883 0)
(-0.126274 -0.372448 0)
(-0.154225 -0.359907 0)
(-0.181831 -0.343764 0)
(-0.208705 -0.323542 0)
(-0.234237 -0.298899 0)
(-0.257565 -0.269717 0)
(-0.277613 -0.236191 0)
(-0.293205 -0.198934 0)
(-0.303289 -0.159039 0)
(-0.30721 -0.118027 0)
(-0.30493 -0.0776093 0)
(-0.297047 -0.0393467 0)
(-0.284604 -0.0043951 0)
(-0.268825 0.0265606 0)
(-0.250908 0.053238 0)
(-0.231891 0.0756419 0)
(-0.212616 0.0939682 0)
(-0.193803 0.108571 0)
(-0.175997 0.120045 0)
(-0.0139678 -0.36002 0)
(-0.0381404 -0.365054 0)
(-0.0632725 -0.361541 0)
(-0.0884927 -0.355027 0)
(-0.113602 -0.345833 0)
(-0.138373 -0.333706 0)
(-0.162553 -0.318274 0)
(-0.18577 -0.299228 0)
(-0.207505 -0.276417 0)
(-0.227091 -0.2499 0)
(-0.243746 -0.219973 0)
(-0.256666 -0.187213 0)
(-0.265165 -0.152491 0)
(-0.268832 -0.116919 0)
(-0.267657 -0.0817162 0)
(-0.262037 -0.0480105 0)
(-0.252675 -0.016691 0)
(-0.240422 0.011646 0)
(-0.226152 0.0366722 0)
(-0.210668 0.0582706 0)
(-0.194668 0.0764904 0)
(-0.178781 0.0915396 0)
(-0.163517 0.103866 0)
(-0.0125175 -0.336292 0)
(-0.0341549 -0.340833 0)
(-0.0566242 -0.337349 0)
(-0.0791223 -0.331046 0)
(-0.101412 -0.322221 0)
(-0.12325 -0.310669 0)
(-0.144376 -0.29611 0)
(-0.164449 -0.278345 0)
(-0.183032 -0.257341 0)
(-0.199609 -0.233251 0)
(-0.213612 -0.206413 0)
(-0.224485 -0.177348 0)
(-0.231772 -0.146757 0)
(-0.235212 -0.11548 0)
(-0.234808 -0.0844137 0)
(-0.230832 -0.0543985 0)
(-0.223764 -0.0261295 0)
(-0.21421 -0.000115566 0)
(-0.202812 0.023316 0)
(-0.190195 0.0439919 0)
(-0.176925 0.0618752 0)
(-0.163548 0.0770761 0)
(-0.150524 0.0899319 0)
(-0.011145 -0.315144 0)
(-0.0303581 -0.319287 0)
(-0.0502733 -0.315867 0)
(-0.0701797 -0.30981 0)
(-0.0898321 -0.301407 0)
(-0.10899 -0.290498 0)
(-0.127399 -0.276861 0)
(-0.144753 -0.260372 0)
(-0.160689 -0.241067 0)
(-0.174806 -0.219143 0)
(-0.186686 -0.194942 0)
(-0.195939 -0.16893 0)
(-0.202257 -0.14168 0)
(-0.20547 -0.113845 0)
(-0.20559 -0.0861059 0)
(-0.202804 -0.0591082 0)
(-0.197454 -0.0334043 0)
(-0.189974 -0.00942488 0)
(-0.180845 0.0125246 0)
(-0.170551 0.0322519 0)
(-0.159555 0.0496727 0)
(-0.14832 0.0648326 0)
(-0.137252 0.0779879 0)
(-0.00979328 -0.296461 0)
(-0.0266793 -0.300283 0)
(-0.044186 -0.296941 0)
(-0.0616709 -0.291131 0)
(-0.0788922 -0.283161 0)
(-0.0956163 -0.272901 0)
(-0.111604 -0.260172 0)
(-0.126586 -0.244894 0)
(-0.140263 -0.227136 0)
(-0.152322 -0.207115 0)
(-0.162454 -0.18516 0)
(-0.17038 -0.161683 0)
(-0.175887 -0.137161 0)
(-0.178866 -0.112117 0)
(-0.179326 -0.0870853 0)
(-0.177406 -0.0625735 0)
(-0.17335 -0.0390288 0)
(-0.167477 -0.0168158 0)
(-0.160151 0.00378979 0)
(-0.151747 0.0225974 0)
(-0.142643 0.0395001 0)
(-0.133231 0.0545017 0)
(-0.123869 0.0677978 0)
(-0.00843214 -0.280175 0)
(-0.0230747 -0.283664 0)
(-0.0383383 -0.280372 0)
(-0.0535895 -0.274791 0)
(-0.0685873 -0.267242 0)
(-0.083103 -0.257612 0)
(-0.0969191 -0.245744 0)
(-0.109805 -0.231579 0)
(-0.121519 -0.215203 0)
(-0.131817 -0.196836 0)
(-0.140468 -0.176784 0)
(-0.147269 -0.155417 0)
(-0.152071 -0.133139 0)
(-0.154801 -0.110378 0)
(-0.155471 -0.0875646 0)
(-0.15418 -0.0651106 0)
(-0.151108 -0.0433839 0)
(-0.146492 -0.0226946 0)
(-0.140606 -0.00328736 0)
(-0.133745 0.0146605 0)
(-0.126219 0.0310363 0)
(-0.118361 0.045817 0)
(-0.110483 0.0591508 0)
(-0.00708041 -0.266247 0)
(-0.0195708 -0.269277 0)
(-0.0327608 -0.265963 0)
(-0.0459556 -0.260583 0)
(-0.0589113 -0.253439 0)
(-0.0714059 -0.244407 0)
(-0.0832504 -0.233336 0)
(-0.094256 -0.220173 0)
(-0.104231 -0.205011 0)
(-0.112986 -0.188064 0)
(-0.120346 -0.169619 0)
(-0.126163 -0.150007 0)
(-0.130332 -0.129577 0)
(-0.1328 -0.108689 0)
(-0.133581 -0.0877001 0)
(-0.132749 -0.0669518 0)
(-0.130433 -0.0467538 0)
(-0.126809 -0.027372 0)
(-0.122085 -0.00902104 0)
(-0.11649 0.00814191 0)
(-0.11028 0.0240129 0)
(-0.103748 0.0385513 0)
(-0.0971666 0.0518638 0)
(-0.00576076 -0.254682 0)
(-0.0162308 -0.256997 0)
(-0.0275239 -0.253554 0)
(-0.0388065 -0.248346 0)
(-0.0498545 -0.241592 0)
(-0.0604659 -0.233122 0)
(-0.070489 -0.222769 0)
(-0.079777 -0.210488 0)
(-0.0881807 -0.196371 0)
(-0.0955535 -0.180628 0)
(-0.101762 -0.163527 0)
(-0.106695 -0.145366 0)
(-0.110277 -0.126454 0)
(-0.112473 -0.1071 0)
(-0.113294 -0.0876075 0)
(-0.112794 -0.0682684 0)
(-0.111068 -0.04935 0)
(-0.108242 -0.0310845 0)
(-0.104466 -0.0136583 0)
(-0.099915 0.002798 0)
(-0.0948067 0.0182058 0)
(-0.089409 0.0325135 0)
(-0.0839663 0.0457818 0)
(-0.00436556 -0.24537 0)
(-0.0130519 -0.246664 0)
(-0.0226842 -0.243013 0)
(-0.0321561 -0.237977 0)
(-0.0413764 -0.2316 0)
(-0.0501938 -0.223641 0)
(-0.0585031 -0.213916 0)
(-0.0661963 -0.202384 0)
(-0.0731568 -0.189145 0)
(-0.0792681 -0.174402 0)
(-0.084426 -0.158408 0)
(-0.088547 -0.141436 0)
(-0.0915756 -0.123758 0)
(-0.0934886 -0.105648 0)
(-0.0942961 -0.087371 0)
(-0.0940399 -0.0691839 0)
(-0.0927872 -0.0513258 0)
(-0.0906221 -0.0340063 0)
(-0.0876403 -0.0173889 0)
(-0.0839606 -0.00156835 0)
(-0.0797767 0.0134294 0)
(-0.0753579 0.0275469 0)
(-0.0709306 0.0407797 0)
(-0.00268956 -0.237762 0)
(-0.00998367 -0.237736 0)
(-0.0182717 -0.234117 0)
(-0.0259637 -0.229386 0)
(-0.0333813 -0.223393 0)
(-0.040458 -0.215877 0)
(-0.0471357 -0.206668 0)
(-0.0533324 -0.195744 0)
(-0.0589508 -0.183217 0)
(-0.0638934 -0.169284 0)
(-0.0680759 -0.154184 0)
(-0.071435 -0.138166 0)
(-0.0739312 -0.121476 0)
(-0.075551 -0.104356 0)
(-0.0763066 -0.0870461 0)
(-0.0762322 -0.0697798 0)
(-0.0753768 -0.0527809 0)
(-0.0737916 -0.0362518 0)
(-0.0715144 -0.0203467 0)
(-0.0685883 -0.00511493 0)
(-0.0651937 0.00952889 0)
(-0.0616396 0.0235295 0)
(-0.0581467 0.0367653 0)
(-0.00149273 -0.232713 0)
(-0.00748487 -0.229224 0)
(-0.0144503 -0.226597 0)
(-0.0201861 -0.222544 0)
(-0.0257415 -0.216941 0)
(-0.0311055 -0.209759 0)
(-0.0362217 -0.200928 0)
(-0.0410056 -0.190464 0)
(-0.0453625 -0.178488 0)
(-0.0492051 -0.165191 0)
(-0.0524645 -0.150794 0)
(-0.0550938 -0.135521 0)
(-0.0570676 -0.119596 0)
(-0.0583821 -0.10324 0)
(-0.0590539 -0.0866696 0)
(-0.0591174 -0.0701054 0)
(-0.0586167 -0.0537679 0)
(-0.0575864 -0.0378747 0)
(-0.0560066 -0.0226058 0)
(-0.0537952 -0.00797107 0)
(-0.051124 0.00637174 0)
(-0.0483834 0.0203776 0)
(-0.0458065 0.0336841 0)
(-0.00531776 -0.233503 0)
(-0.00686157 -0.222035 0)
(-0.0116804 -0.221262 0)
(-0.0148861 -0.217907 0)
(-0.018373 -0.212456 0)
(-0.022018 -0.205386 0)
(-0.0256274 -0.196751 0)
(-0.0290587 -0.186586 0)
(-0.0322048 -0.175002 0)
(-0.034986 -0.162171 0)
(-0.0373482 -0.148288 0)
(-0.0392599 -0.133559 0)
(-0.0407083 -0.118187 0)
(-0.0416983 -0.102373 0)
(-0.0422527 -0.0863178 0)
(-0.042413 -0.0702283 0)
(-0.0422387 -0.0543276 0)
(-0.0417868 -0.0388727 0)
(-0.0410071 -0.0241385 0)
(-0.0395978 -0.0101717 0)
(-0.0377589 0.00392044 0)
(-0.035898 0.0181115 0)
(-0.0343165 0.0315446 0)
(-0.0252252 -0.229036 0)
(-0.00792598 -0.223325 0)
(-0.00989169 -0.221 0)
(-0.00993705 -0.216425 0)
(-0.0111913 -0.210334 0)
(-0.0131284 -0.20301 0)
(-0.0152586 -0.194357 0)
(-0.0173484 -0.184327 0)
(-0.0192827 -0.172977 0)
(-0.0209961 -0.160439 0)
(-0.0224521 -0.146883 0)
(-0.0236332 -0.132494 0)
(-0.0245362 -0.117459 0)
(-0.0251706 -0.101963 0)
(-0.0255615 -0.0861898 0)
(-0.0257577 -0.0703243 0)
(-0.0258486 -0.0545755 0)
(-0.0259728 -0.0392199 0)
(-0.0261587 -0.0246616 0)
(-0.0258202 -0.0112337 0)
(-0.0255971 0.00275389 0)
(-0.0249148 0.0171998 0)
(-0.0245186 0.030541 0)
(-0.059985 -0.187023 0)
(-0.00494247 -0.239836 0)
(-0.00603448 -0.22503 0)
(-0.00408239 -0.216443 0)
(-0.00385353 -0.20891 0)
(-0.00433298 -0.201069 0)
(-0.00501638 -0.192291 0)
(-0.00572389 -0.182323 0)
(-0.0063876 -0.171128 0)
(-0.0069765 -0.158792 0)
(-0.00747675 -0.145461 0)
(-0.0078835 -0.131306 0)
(-0.00819744 -0.116502 0)
(-0.00842485 -0.101221 0)
(-0.00858094 -0.0856217 0)
(-0.00869908 -0.0698485 0)
(-0.00885696 -0.0540318 0)
(-0.00923009 -0.0383256 0)
(-0.0100619 -0.0230599 0)
(-0.0109216 -0.00929954 0)
(-0.0162012 0.00429314 0)
(-0.0173404 0.018412 0)
(-0.0182008 0.0307975 0)
(0.912794 0.893348 0)
(0.670002 0.477416 0)
(0.439253 0.159456 0)
(0.393878 -0.036428 0)
(1.02507 0.752631 0)
(0.998582 0.495982 0)
(0.918981 0.255107 0)
(0.837863 0.0827529 0)
(0.822219 0.609208 0)
(0.84849 0.489429 0)
(0.829507 0.366686 0)
(0.775648 0.263805 0)
(0.651573 0.58613 0)
(0.661872 0.508914 0)
(0.653277 0.429684 0)
(0.628251 0.357914 0)
(0.530961 0.570413 0)
(0.534304 0.510548 0)
(0.530199 0.452164 0)
(0.518614 0.39929 0)
(0.443898 0.558817 0)
(0.446507 0.509881 0)
(0.444867 0.46341 0)
(0.438752 0.421649 0)
(0.374131 0.550045 0)
(0.376901 0.508248 0)
(0.376696 0.469288 0)
(0.373436 0.434744 0)
(0.313464 0.541393 0)
(0.316552 0.504812 0)
(0.317391 0.471316 0)
(0.315976 0.442072 0)
(0.258727 0.53243 0)
(0.262137 0.499991 0)
(0.263766 0.470736 0)
(0.263658 0.445561 0)
(0.20852 0.523222 0)
(0.212214 0.494128 0)
(0.214473 0.468227 0)
(0.21537 0.446226 0)
(0.162032 0.513783 0)
(0.166011 0.487375 0)
(0.168833 0.464133 0)
(0.170584 0.444618 0)
(0.118615 0.503994 0)
(0.122949 0.479717 0)
(0.126352 0.458577 0)
(0.12891 0.441014 0)
(0.0776582 0.493565 0)
(0.0824996 0.470975 0)
(0.0865761 0.451508 0)
(0.0899715 0.435489 0)
(0.0386369 0.482026 0)
(0.0442048 0.460814 0)
(0.0491092 0.442721 0)
(0.0534321 0.427969 0)
(0.00122172 0.468767 0)
(0.00777765 0.448782 0)
(0.0137016 0.431911 0)
(0.0190777 0.418277 0)
(-0.0346054 0.453102 0)
(-0.0268045 0.434366 0)
(-0.0196794 0.418715 0)
(-0.0131288 0.406186 0)
(-0.0684993 0.43446 0)
(-0.059273 0.417147 0)
(-0.0508248 0.402841 0)
(-0.0430249 0.391507 0)
(-0.0997839 0.412491 0)
(-0.0890853 0.396909 0)
(-0.0793017 0.384179 0)
(-0.0702687 0.374216 0)
(-0.127563 0.387231 0)
(-0.115523 0.373734 0)
(-0.104532 0.36285 0)
(-0.0943929 0.354465 0)
(-0.150931 0.359182 0)
(-0.137862 0.348075 0)
(-0.125933 0.339268 0)
(-0.11493 0.332642 0)
(-0.169232 0.329251 0)
(-0.155572 0.320703 0)
(-0.143078 0.314102 0)
(-0.131533 0.309336 0)
(-0.182216 0.298555 0)
(-0.168441 0.292563 0)
(-0.155792 0.288162 0)
(-0.144063 0.285253 0)
(-0.190052 0.268191 0)
(-0.176602 0.264598 0)
(-0.16418 0.262266 0)
(-0.152604 0.261112 0)
(-0.193235 0.239078 0)
(-0.180457 0.237616 0)
(-0.168575 0.237131 0)
(-0.157433 0.23755 0)
(-0.192445 0.211874 0)
(-0.180577 0.212218 0)
(-0.169457 0.213305 0)
(-0.158959 0.215072 0)
(-0.188419 0.186972 0)
(-0.177594 0.188786 0)
(-0.167371 0.191157 0)
(-0.157651 0.194033 0)
(-0.181861 0.164542 0)
(-0.172126 0.16751 0)
(-0.162861 0.170895 0)
(-0.153992 0.174649 0)
(-0.173389 0.144585 0)
(-0.164731 0.148433 0)
(-0.15643 0.152592 0)
(-0.148431 0.157017 0)
(-0.163514 0.126998 0)
(-0.155882 0.131499 0)
(-0.148515 0.136231 0)
(-0.14137 0.141151 0)
(-0.152649 0.111616 0)
(-0.145971 0.116589 0)
(-0.139483 0.121731 0)
(-0.133154 0.127001 0)
(-0.141112 0.0982473 0)
(-0.135305 0.103551 0)
(-0.129631 0.108975 0)
(-0.124067 0.114484 0)
(-0.129145 0.0866931 0)
(-0.124125 0.0922208 0)
(-0.119195 0.0978318 0)
(-0.114339 0.103493 0)
(-0.116923 0.0767638 0)
(-0.112611 0.0824369 0)
(-0.108358 0.0881638 0)
(-0.104152 0.093914 0)
(-0.104573 0.0682855 0)
(-0.100897 0.0740479 0)
(-0.0972583 0.0798407 0)
(-0.093647 0.0856362 0)
(-0.0921822 0.0611044 0)
(-0.0890802 0.066918 0)
(-0.0859994 0.0727435 0)
(-0.0829339 0.0785553 0)
(-0.0798186 0.0550898 0)
(-0.0772372 0.0609311 0)
(-0.074668 0.0667686 0)
(-0.0721063 0.0725794 0)
(-0.0675501 0.0501362 0)
(-0.0654487 0.0559928 0)
(-0.0633543 0.0618314 0)
(-0.0612629 0.0676316 0)
(-0.0554876 0.0461662 0)
(-0.0538381 0.0520329 0)
(-0.0521922 0.0578668 0)
(-0.0505455 0.0636509 0)
(-0.0438518 0.0431329 0)
(-0.0426398 0.0490063 0)
(-0.041425 0.0548297 0)
(-0.0402031 0.0605917 0)
(-0.0330839 0.0410255 0)
(-0.032307 0.0468904 0)
(-0.0315084 0.0526871 0)
(-0.0306875 0.0584112 0)
(-0.0240321 0.0398906 0)
(-0.0236787 0.0456725 0)
(-0.0232647 0.0513893 0)
(-0.022802 0.0570306 0)
(-0.0182947 0.0397001 0)
(-0.0182373 0.0452332 0)
(-0.0180958 0.0507454 0)
(-0.0178919 0.0562036 0)
(0.436574 -0.19341 0)
(0.33423 -0.168434 0)
(0.272556 -0.0915084 0)
(0.243174 -0.0372927 0)
(0.217376 -0.00403065 0)
(0.195444 0.0168512 0)
(0.176567 0.0307191 0)
(0.159384 0.0399593 0)
(0.143247 0.0458411 0)
(0.127858 0.0493509 0)
(0.113066 0.0512935 0)
(0.0988001 0.05226 0)
(0.0850275 0.0526148 0)
(0.0717279 0.0525049 0)
(0.0588578 0.0518921 0)
(0.0463022 0.0506347 0)
(0.0338468 0.0486496 0)
(0.02123 0.0461839 0)
(0.0081556 0.043553 0)
(0.687306 -0.0469634 0)
(0.480398 -0.0570624 0)
(0.355866 -0.0213571 0)
(0.29036 0.00618047 0)
(0.246529 0.0254748 0)
(0.213898 0.0395176 0)
(0.188262 0.049668 0)
(0.166791 0.0566695 0)
(0.147929 0.0611073 0)
(0.130829 0.0636076 0)
(0.114995 0.0647774 0)
(0.100129 0.0651043 0)
(0.0860458 0.0649073 0)
(0.0725981 0.0643333 0)
(0.0596277 0.0633928 0)
(0.0469219 0.0620411 0)
(0.0342214 0.0603095 0)
(0.0212818 0.0584307 0)
(0.00804761 0.0562259 0)
(0.654993 0.146555 0)
(0.497037 0.0819284 0)
(0.386531 0.0656617 0)
(0.315513 0.0625309 0)
(0.264885 0.0645273 0)
(0.226559 0.0687182 0)
(0.196517 0.0729963 0)
(0.171916 0.0762878 0)
(0.150947 0.0782715 0)
(0.132488 0.079073 0)
(0.11582 0.0790061 0)
(0.100479 0.0783902 0)
(0.0861451 0.0774601 0)
(0.072568 0.0763414 0)
(0.0595054 0.0750717 0)
(0.0466946 0.0736597 0)
(0.033879 0.0721689 0)
(0.0208747 0.0707386 0)
(0.00780001 0.0687475 0)
(0.566273 0.2596 0)
(0.467561 0.179942 0)
(0.384103 0.139145 0)
(0.320666 0.117118 0)
(0.27111 0.10582 0)
(0.231687 0.100817 0)
(0.199954 0.0987963 0)
(0.173817 0.0977457 0)
(0.151691 0.0967002 0)
(0.13245 0.0953514 0)
(0.115308 0.0937212 0)
(0.0997136 0.0919437 0)
(0.0852701 0.0901511 0)
(0.0716591 0.0884289 0)
(0.0585935 0.0868143 0)
(0.0457984 0.0853255 0)
(0.033045 0.0840016 0)
(0.0202084 0.0828623 0)
(0.00749502 0.080921 0)
(0.487118 0.322545 0)
(0.425207 0.24648 0)
(0.364243 0.197083 0)
(0.311558 0.165155 0)
(0.266869 0.145082 0)
(0.229414 0.132834 0)
(0.198236 0.125155 0)
(0.1721 0.119835 0)
(0.149835 0.115629 0)
(0.130484 0.111954 0)
(0.11331 0.108605 0)
(0.0977612 0.105553 0)
(0.0834162 0.102829 0)
(0.0699332 0.100468 0)
(0.0570145 0.0984853 0)
(0.0443975 0.0968763 0)
(0.0318871 0.095627 0)
(0.0193986 0.0946418 0)
(0.00716499 0.0926388 0)
(0.420947 0.360007 0)
(0.380261 0.291919 0)
(0.335578 0.241675 0)
(0.293099 0.205554 0)
(0.254596 0.180265 0)
(0.220814 0.16282 0)
(0.191753 0.150547 0)
(0.166851 0.14146 0)
(0.145356 0.134299 0)
(0.126543 0.128362 0)
(0.109796 0.123302 0)
(0.0946207 0.118968 0)
(0.0806199 0.115306 0)
(0.0674641 0.1123 0)
(0.0548711 0.109931 0)
(0.0426037 0.108156 0)
(0.0304981 0.106901 0)
(0.0184918 0.105971 0)
(0.00681528 0.103842 0)
(0.362858 0.383785 0)
(0.335285 0.323855 0)
(0.302361 0.275879 0)
(0.268726 0.23868 0)
(0.2366 0.210598 0)
(0.207295 0.18967 0)
(0.181302 0.173929 0)
(0.158502 0.161768 0)
(0.138483 0.152061 0)
(0.120754 0.144098 0)
(0.104848 0.137461 0)
(0.0903613 0.131925 0)
(0.0769524 0.127374 0)
(0.0643289 0.123748 0)
(0.0522408 0.120992 0)
(0.0404831 0.119021 0)
(0.0289194 0.117704 0)
(0.0174993 0.116768 0)
(0.00644218 0.114482 0)
(0.309875 0.399192 0)
(0.291094 0.346576 0)
(0.266982 0.301921 0)
(0.240885 0.265247 0)
(0.214853 0.23594 0)
(0.190271 0.212862 0)
(0.167825 0.194677 0)
(0.147654 0.180178 0)
(0.129596 0.168428 0)
(0.113362 0.158771 0)
(0.0986317 0.150777 0)
(0.0851052 0.144181 0)
(0.0725106 0.138834 0)
(0.0606071 0.134643 0)
(0.049186 0.131521 0)
(0.0380772 0.129346 0)
(0.0271695 0.127939 0)
(0.0164215 0.126965 0)
(0.00604196 0.124511 0)
(0.260646 0.40892 0)
(0.248247 0.362528 0)
(0.231033 0.321363 0)
(0.21137 0.285999 0)
(0.190941 0.256471 0)
(0.170993 0.232246 0)
(0.152238 0.212492 0)
(0.134949 0.19635 0)
(0.119137 0.183076 0)
(0.104671 0.172098 0)
(0.0913617 0.163008 0)
(0.0790068 0.155536 0)
(0.0674083 0.149517 0)
(0.0563819 0.144839 0)
(0.045764 0.141393 0)
(0.0354197 0.139027 0)
(0.0252623 0.137523 0)
(0.0152599 0.136499 0)
(0.0056134 0.133878 0)
(0.214687 0.414442 0)
(0.207239 0.373217 0)
(0.19562 0.335343 0)
(0.181463 0.301644 0)
(0.166067 0.27254 0)
(0.150471 0.247914 0)
(0.135332 0.227306 0)
(0.120983 0.210131 0)
(0.107544 0.195821 0)
(0.0950007 0.183894 0)
(0.0832701 0.173984 0)
(0.072236 0.165836 0)
(0.0617696 0.159287 0)
(0.051742 0.154217 0)
(0.0420341 0.150505 0)
(0.0325462 0.147977 0)
(0.0232154 0.146387 0)
(0.0140208 0.145314 0)
(0.00515803 0.142536 0)
(0.171812 0.416625 0)
(0.168416 0.379638 0)
(0.161455 0.344736 0)
(0.152024 0.312835 0)
(0.141087 0.284572 0)
(0.129469 0.260093 0)
(0.117746 0.239197 0)
(0.106268 0.221505 0)
(0.0952143 0.206589 0)
(0.0846551 0.194059 0)
(0.0745873 0.183597 0)
(0.0649661 0.174977 0)
(0.0557231 0.168046 0)
(0.0467804 0.162689 0)
(0.0380607 0.158779 0)
(0.029498 0.156129 0)
(0.0210527 0.154475 0)
(0.0127161 0.153364 0)
(0.00467968 0.150442 0)
(0.131844 0.415984 0)
(0.131923 0.382472 0)
(0.128933 0.350219 0)
(0.123583 0.32015 0)
(0.116571 0.292999 0)
(0.108539 0.26907 0)
(0.0999759 0.248326 0)
(0.0912221 0.230537 0)
(0.0824927 0.215386 0)
(0.0739102 0.20256 0)
(0.0655305 0.191795 0)
(0.0573652 0.182896 0)
(0.0493969 0.175731 0)
(0.0415921 0.170194 0)
(0.033912 0.16616 0)
(0.0263214 0.163436 0)
(0.0188033 0.161744 0)
(0.0113617 0.16061 0)
(0.00418384 0.157562 0)
(0.0945536 0.412804 0)
(0.0977492 0.382187 0)
(0.098231 0.352318 0)
(0.0964439 0.32408 0)
(0.0928918 0.298228 0)
(0.0880703 0.275144 0)
(0.0823946 0.254894 0)
(0.0761843 0.237345 0)
(0.0696703 0.222267 0)
(0.0630087 0.209413 0)
(0.0562976 0.198568 0)
(0.0495916 0.18957 0)
(0.0429148 0.18231 0)
(0.0362719 0.176699 0)
(0.0296579 0.172614 0)
(0.0230659 0.169864 0)
(0.0164997 0.168165 0)
(0.00997607 0.167026 0)
(0.00367702 0.163872 0)
(0.0597093 0.407208 0)
(0.0658172 0.379094 0)
(0.0694123 0.35143 0)
(0.0707799 0.325027 0)
(0.0702933 0.300615 0)
(0.0683437 0.278601 0)
(0.0652876 0.25911 0)
(0.0614241 0.242072 0)
(0.0569894 0.227323 0)
(0.0521605 0.214669 0)
(0.0470648 0.203939 0)
(0.0417898 0.195004 0)
(0.0363929 0.187779 0)
(0.0309107 0.18219 0)
(0.0253676 0.178126 0)
(0.0197816 0.175399 0)
(0.0141759 0.173724 0)
(0.00857891 0.172599 0)
(0.00316623 0.169358 0)
(0.0271556 0.399211 0)
(0.036061 0.373394 0)
(0.0425064 0.347854 0)
(0.0467021 0.323319 0)
(0.0489472 0.300467 0)
(0.0495664 0.279705 0)
(0.0488758 0.261182 0)
(0.0471583 0.244875 0)
(0.0446511 0.230666 0)
(0.0415445 0.218405 0)
(0.0379866 0.207958 0)
(0.0340898 0.199228 0)
(0.0299378 0.192153 0)
(0.0255938 0.186677 0)
(0.021107 0.1827 0)
(0.0165176 0.180042 0)
(0.0118655 0.17842 0)
(0.00718989 0.177326 0)
(0.0026585 0.174019 0)
(-0.00314171 0.388782 0)
(0.00847716 0.365229 0)
(0.0175581 0.341828 0)
(0.024305 0.319229 0)
(0.0289892 0.298055 0)
(0.0319017 0.278696 0)
(0.0333353 0.261315 0)
(0.0335628 0.245917 0)
(0.0328219 0.23242 0)
(0.0313121 0.220712 0)
(0.0291964 0.210692 0)
(0.0266058 0.202291 0)
(0.023645 0.195468 0)
(0.0203988 0.190185 0)
(0.0169374 0.186355 0)
(0.0133197 0.183807 0)
(0.00960025 0.182265 0)
(0.00582781 0.181219 0)
(0.00216054 0.177866 0)
(-0.0310828 0.375892 0)
(-0.0168642 0.354723 0)
(-0.00535502 0.333564 0)
(0.00368588 0.313002 0)
(0.0105376 0.293623 0)
(0.0154843 0.275802 0)
(0.0188088 0.259705 0)
(0.0207808 0.245361 0)
(0.0216392 0.232719 0)
(0.0215902 0.221698 0)
(0.0208077 0.212225 0)
(0.0194368 0.204257 0)
(0.0175985 0.197773 0)
(0.015395 0.192752 0)
(0.0129139 0.189121 0)
(0.0102298 0.18672 0)
(0.0074096 0.185283 0)
(0.00450999 0.1843 0)
(0.00167854 0.180919 0)
(-0.0564333 0.360615 0)
(-0.0398098 0.342037 0)
(-0.0261192 0.323269 0)
(-0.0150519 0.304872 0)
(-0.00629851 0.287409 0)
(0.00042803 0.27124 0)
(0.00541333 0.256546 0)
(0.00892909 0.243376 0)
(0.0112154 0.231704 0)
(0.0124835 0.221477 0)
(0.0129154 0.21265 0)
(0.0126665 0.205201 0)
(0.0118701 0.19913 0)
(0.0106424 0.19443 0)
(0.00908493 0.191042 0)
(0.0072851 0.18882 0)
(0.00531972 0.187508 0)
(0.00325172 0.186602 0)
(0.00121783 0.183209 0)
(-0.0788728 0.343149 0)
(-0.0601587 0.327403 0)
(-0.0445931 0.311195 0)
(-0.0317955 0.29509 0)
(-0.0214224 0.279646 0)
(-0.0131734 0.265229 0)
(-0.0067567 0.252035 0)
(-0.0018996 0.240131 0)
(0.00163981 0.229519 0)
(0.00407598 0.220172 0)
(0.00559679 0.212069 0)
(0.00636382 0.20521 0)
(0.00651981 0.199611 0)
(0.00619186 0.195279 0)
(0.0054919 0.19217 0)
(0.00451757 0.190153 0)
(0.00335336 0.188984 0)
(0.00206581 0.188165 0)
(0.000782497 0.184774 0)
(-0.0980812 0.323845 0)
(-0.0777095 0.311145 0)
(-0.0606428 0.297638 0)
(-0.0464467 0.283927 0)
(-0.0347508 0.270585 0)
(-0.0252434 0.257993 0)
(-0.0176288 0.246366 0)
(-0.011635 0.235796 0)
(-0.00701949 0.226311 0)
(-0.00356719 0.217909 0)
(-0.00108771 0.21059 0)
(0.000583698 0.204374 0)
(0.00159584 0.199293 0)
(0.00208453 0.195367 0)
(0.00216885 0.192566 0)
(0.00195398 0.190775 0)
(0.00152998 0.189762 0)
(0.000962108 0.189042 0)
(0.000374109 0.185658 0)
(-0.113823 0.303194 0)
(-0.0923144 0.293661 0)
(-0.074172 0.282938 0)
(-0.0589362 0.27168 0)
(-0.0462269 0.260484 0)
(-0.0357305 0.249758 0)
(-0.0271534 0.239739 0)
(-0.0202274 0.230546 0)
(-0.0147133 0.222231 0)
(-0.0103985 0.214816 0)
(-0.00709442 0.208324 0)
(-0.00463362 0.202789 0)
(-0.00286429 0.198259 0)
(-0.00164741 0.194767 0)
(-0.000857516 0.192296 0)
(-0.000384493 0.190744 0)
(-0.000133701 0.189898 0)
(-5.33781e-05 0.189282 0)
(-1.09435e-05 0.185926 0)
(-0.126004 0.281767 0)
(-0.103916 0.275403 0)
(-0.0851452 0.267463 0)
(-0.0692392 0.258655 0)
(-0.055829 0.249608 0)
(-0.0446121 0.240753 0)
(-0.035305 0.232354 0)
(-0.0276489 0.224554 0)
(-0.0214121 0.217429 0)
(-0.0163882 0.211025 0)
(-0.0123926 0.205384 0)
(-0.00925897 0.200555 0)
(-0.0068353 0.196598 0)
(-0.0049812 0.193557 0)
(-0.00356835 0.19143 0)
(-0.00248361 0.190128 0)
(-0.00163132 0.189458 0)
(-0.000965499 0.188978 0)
(-0.000352717 0.185591 0)
(-0.134689 0.260148 0)
(-0.112563 0.256827 0)
(-0.0935987 0.251583 0)
(-0.0773817 0.245162 0)
(-0.063574 0.238217 0)
(-0.0518962 0.231203 0)
(-0.0420839 0.224404 0)
(-0.0338932 0.217987 0)
(-0.0271048 0.212053 0)
(-0.0215218 0.206665 0)
(-0.0169661 0.201883 0)
(-0.0132758 0.19777 0)
(-0.0103011 0.194396 0)
(-0.00790242 0.191817 0)
(-0.00595107 0.19004 0)
(-0.004333 0.188995 0)
(-0.00295255 0.188506 0)
(-0.0017684 0.188176 0)
(-0.000653891 0.184733 0)
(-0.140086 0.238869 0)
(-0.1184 0.238361 0)
(-0.0996371 0.235646 0)
(-0.0834401 0.231492 0)
(-0.0695166 0.226561 0)
(-0.057621 0.221321 0)
(-0.0475149 0.216075 0)
(-0.038975 0.21101 0)
(-0.0317981 0.206244 0)
(-0.0257998 0.20186 0)
(-0.0208116 0.197931 0)
(-0.0166783 0.194532 0)
(-0.0132545 0.191743 0)
(-0.0104037 0.189626 0)
(-0.0079988 0.188202 0)
(-0.00592672 0.187414 0)
(-0.0040931 0.187107 0)
(-0.00245704 0.186925 0)
(-0.000907868 0.183439 0)
(-0.142504 0.218368 0)
(-0.12165 0.220368 0)
(-0.103423 0.219962 0)
(-0.0875339 0.217908 0)
(-0.0737455 0.214865 0)
(-0.0618516 0.211305 0)
(-0.0516452 0.207541 0)
(-0.0429275 0.203775 0)
(-0.0355144 0.200139 0)
(-0.0292367 0.196732 0)
(-0.0239375 0.193637 0)
(-0.0194705 0.19094 0)
(-0.0156968 0.188726 0)
(-0.0124845 0.187066 0)
(-0.00971005 0.18599 0)
(-0.00726293 0.185455 0)
(-0.00505119 0.185328 0)
(-0.00303205 0.185285 0)
(-0.00111585 0.181777 0)
(-0.142313 0.198972 0)
(-0.122583 0.203141 0)
(-0.105157 0.204786 0)
(-0.0898151 0.204636 0)
(-0.0763756 0.203329 0)
(-0.0646753 0.201332 0)
(-0.0545407 0.198959 0)
(-0.0457999 0.196421 0)
(-0.0382901 0.193863 0)
(-0.0318589 0.191392 0)
(-0.0263626 0.189102 0)
(-0.0216654 0.187084 0)
(-0.0176366 0.185429 0)
(-0.0141504 0.184214 0)
(-0.0110884 0.183476 0)
(-0.00834377 0.183189 0)
(-0.00582811 0.183235 0)
(-0.00349646 0.183324 0)
(-0.00128182 0.179812 0)
(-0.139901 0.180904 0)
(-0.121493 0.186894 0)
(-0.105065 0.190319 0)
(-0.0904566 0.19186 0)
(-0.0775407 0.192122 0)
(-0.0661955 0.191554 0)
(-0.0562816 0.190467 0)
(-0.0476543 0.189076 0)
(-0.0401729 0.18753 0)
(-0.0337026 0.185945 0)
(-0.0281145 0.18442 0)
(-0.0232838 0.183051 0)
(-0.0190893 0.181932 0)
(-0.0154129 0.181145 0)
(-0.012142 0.180733 0)
(-0.00917505 0.180682 0)
(-0.00642785 0.180894 0)
(-0.00385382 0.181104 0)
(-0.00140839 0.177611 0)
(-0.135644 0.164289 0)
(-0.118676 0.17177 0)
(-0.103377 0.176708 0)
(-0.0896407 0.179724 0)
(-0.0773848 0.181379 0)
(-0.0665264 0.182099 0)
(-0.0569582 0.182186 0)
(-0.048562 0.18185 0)
(-0.041219 0.181244 0)
(-0.0348124 0.180486 0)
(-0.0292278 0.179681 0)
(-0.0243527 0.178924 0)
(-0.0200761 0.178313 0)
(-0.016288 0.177931 0)
(-0.0128831 0.177828 0)
(-0.00976567 0.178003 0)
(-0.00685664 0.17837 0)
(-0.00410837 0.178689 0)
(-0.00149751 0.175236 0)
(-0.129887 0.14918 0)
(-0.114412 0.157851 0)
(-0.100322 0.164052 0)
(-0.0875502 0.168333 0)
(-0.0760555 0.171208 0)
(-0.0657871 0.173073 0)
(-0.0566666 0.174215 0)
(-0.0486007 0.174838 0)
(-0.041491 0.175093 0)
(-0.0352384 0.1751 0)
(-0.0297428 0.174962 0)
(-0.0249044 0.174777 0)
(-0.0206222 0.174641 0)
(-0.0167956 0.174639 0)
(-0.013327 0.174827 0)
(-0.0101271 0.175212 0)
(-0.00712254 0.175724 0)
(-0.00426525 0.176142 0)
(-0.00155124 0.172745 0)
(-0.122935 0.135572 0)
(-0.108955 0.145173 0)
(-0.0961097 0.152408 0)
(-0.0843608 0.157759 0)
(-0.0736977 0.161687 0)
(-0.0640971 0.164557 0)
(-0.0555053 0.166637 0)
(-0.0478511 0.168121 0)
(-0.0410553 0.169156 0)
(-0.0350348 0.16986 0)
(-0.0297039 0.170336 0)
(-0.0249746 0.170678 0)
(-0.0207567 0.170982 0)
(-0.0169589 0.171332 0)
(-0.0134917 0.17179 0)
(-0.010273 0.172369 0)
(-0.00723507 0.173015 0)
(-0.00433034 0.17352 0)
(-0.00157184 0.170193 0)
(-0.115047 0.123424 0)
(-0.102532 0.133733 0)
(-0.0909348 0.141803 0)
(-0.0802367 0.148045 0)
(-0.0704501 0.152872 0)
(-0.0615728 0.156613 0)
(-0.0535719 0.159516 0)
(-0.046395 0.161765 0)
(-0.0399798 0.163499 0)
(-0.0342582 0.164832 0)
(-0.0291576 0.165864 0)
(-0.0246018 0.166688 0)
(-0.020511 0.167394 0)
(-0.0168031 0.168067 0)
(-0.0133972 0.168772 0)
(-0.0102183 0.16953 0)
(-0.00720489 0.170297 0)
(-0.00431013 0.170877 0)
(-0.00156173 0.167634 0)
(-0.106442 0.11267 0)
(-0.0953382 0.123506 0)
(-0.0849686 0.132239 0)
(-0.0753273 0.139215 0)
(-0.0664417 0.144798 0)
(-0.0583251 0.149286 0)
(-0.0509609 0.152904 0)
(-0.0443126 0.155824 0)
(-0.0383325 0.158177 0)
(-0.0329659 0.160071 0)
(-0.0281522 0.161603 0)
(-0.0238262 0.16286 0)
(-0.0199181 0.16393 0)
(-0.0163551 0.164897 0)
(-0.0130648 0.165826 0)
(-0.00997938 0.166745 0)
(-0.00704348 0.16762 0)
(-0.00421155 0.168266 0)
(-0.00152347 0.165114 0)
(-0.0972948 0.103231 0)
(-0.0875374 0.11445 0)
(-0.0783609 0.123701 0)
(-0.0697666 0.131273 0)
(-0.0617909 0.137486 0)
(-0.0544576 0.142606 0)
(-0.0477626 0.146838 0)
(-0.0416819 0.150339 0)
(-0.0361804 0.153234 0)
(-0.031215 0.155624 0)
(-0.026736 0.157599 0)
(-0.0226884 0.159242 0)
(-0.0190119 0.160639 0)
(-0.0156428 0.161868 0)
(-0.0125167 0.162997 0)
(-0.0095733 0.164061 0)
(-0.006763 0.165032 0)
(-0.00404192 0.165731 0)
(-0.0014597 0.162678 0)
(-0.0877499 0.0950226 0)
(-0.0792681 0.106514 0)
(-0.0712416 0.116164 0)
(-0.063674 0.124214 0)
(-0.0566059 0.130945 0)
(-0.050067 0.136592 0)
(-0.0440623 0.141344 0)
(-0.0385778 0.145344 0)
(-0.0335888 0.148707 0)
(-0.029062 0.151528 0)
(-0.0249575 0.153892 0)
(-0.0212296 0.155876 0)
(-0.0178271 0.15756 0)
(-0.0146947 0.159022 0)
(-0.011776 0.160328 0)
(-0.00901779 0.161519 0)
(-0.00637613 0.162572 0)
(-0.00380892 0.163314 0)
(-0.00137319 0.160364 0)
(-0.0779233 0.0879654 0)
(-0.070648 0.0996433 0)
(-0.063725 0.109595 0)
(-0.0571576 0.118024 0)
(-0.0509864 0.125173 0)
(-0.0452442 0.131256 0)
(-0.0399418 0.136442 0)
(-0.0350731 0.140863 0)
(-0.0306216 0.144625 0)
(-0.0265628 0.147816 0)
(-0.0228651 0.150515 0)
(-0.0194913 0.152795 0)
(-0.0163987 0.15473 0)
(-0.0135399 0.156394 0)
(-0.0108664 0.157856 0)
(-0.00833127 0.159156 0)
(-0.00589614 0.160279 0)
(-0.00352067 0.161053 0)
(-0.00126692 0.158207 0)
(-0.067918 0.0819847 0)
(-0.0617845 0.0937858 0)
(-0.0559183 0.103962 0)
(-0.0503205 0.112682 0)
(-0.0450296 0.120164 0)
(-0.0400788 0.126598 0)
(-0.0354827 0.132141 0)
(-0.0312412 0.136911 0)
(-0.0273444 0.141008 0)
(-0.023775 0.144512 0)
(-0.0205091 0.147496 0)
(-0.0175169 0.150029 0)
(-0.0147634 0.152179 0)
(-0.0122092 0.154017 0)
(-0.00981263 0.155611 0)
(-0.00753319 0.157003 0)
(-0.00533715 0.158184 0)
(-0.00318592 0.158981 0)
(-0.00114413 0.156237 0)
(-0.0578434 0.0770153 0)
(-0.0527932 0.0888918 0)
(-0.0479373 0.0992264 0)
(-0.0432749 0.108165 0)
(-0.0388413 0.115904 0)
(-0.0346688 0.122616 0)
(-0.0307746 0.128444 0)
(-0.0271629 0.133499 0)
(-0.0238294 0.13787 0)
(-0.0207627 0.141633 0)
(-0.0179453 0.144855 0)
(-0.0153546 0.147599 0)
(-0.0129625 0.149931 0)
(-0.0107369 0.151916 0)
(-0.00864273 0.15362 0)
(-0.00664529 0.155089 0)
(-0.00471486 0.156315 0)
(-0.0028144 0.157122 0)
(-0.00100852 0.154477 0)
(-0.0478519 0.0730024 0)
(-0.0438291 0.084915 0)
(-0.0399336 0.0953529 0)
(-0.036165 0.104446 0)
(-0.032556 0.112375 0)
(-0.0291381 0.119299 0)
(-0.0259302 0.125349 0)
(-0.0229399 0.130627 0)
(-0.0201673 0.135217 0)
(-0.0176059 0.139189 0)
(-0.0152441 0.142605 0)
(-0.013065 0.145523 0)
(-0.0110475 0.148004 0)
(-0.00916582 0.15011 0)
(-0.0073914 0.151905 0)
(-0.00569445 0.153435 0)
(-0.00404851 0.154692 0)
(-0.00241794 0.1555 0)
(-0.000864388 0.152945 0)
(-0.0381963 0.0699 0)
(-0.0351385 0.0818116 0)
(-0.0321408 0.0923019 0)
(-0.0292081 0.101493 0)
(-0.0263732 0.109551 0)
(-0.023668 0.116628 0)
(-0.0211131 0.122842 0)
(-0.0187187 0.128291 0)
(-0.0164883 0.13305 0)
(-0.0144197 0.137185 0)
(-0.0125057 0.140754 0)
(-0.010735 0.14381 0)
(-0.0090921 0.14641 0)
(-0.00755763 0.148613 0)
(-0.00610861 0.15048 0)
(-0.00471956 0.152055 0)
(-0.00336617 0.153332 0)
(-0.00201395 0.154128 0)
(-0.000717784 0.15165 0)
(-0.0293185 0.0676504 0)
(-0.0271376 0.0795119 0)
(-0.0249442 0.0900022 0)
(-0.0227568 0.0992376 0)
(-0.0206134 0.107374 0)
(-0.0185482 0.114552 0)
(-0.0165833 0.120882 0)
(-0.0147313 0.126454 0)
(-0.0129983 0.131338 0)
(-0.011385 0.135596 0)
(-0.00988817 0.139282 0)
(-0.00850075 0.142445 0)
(-0.00721247 0.145138 0)
(-0.00600942 0.147418 0)
(-0.00487369 0.149342 0)
(-0.00378339 0.15095 0)
(-0.00271513 0.152235 0)
(-0.00163477 0.153009 0)
(-0.000582585 0.150586 0)
(-0.0219834 0.0661268 0)
(-0.0205238 0.077847 0)
(-0.018977 0.0882688 0)
(-0.0173858 0.0974951 0)
(-0.0157969 0.105665 0)
(-0.0142474 0.112904 0)
(-0.0127613 0.119313 0)
(-0.0113528 0.124975 0)
(-0.0100295 0.129953 0)
(-0.00879419 0.134306 0)
(-0.00764603 0.138083 0)
(-0.00658132 0.141332 0)
(-0.00559361 0.144103 0)
(-0.0046734 0.146447 0)
(-0.00380738 0.14842 0)
(-0.0029778 0.150058 0)
(-0.00216365 0.151349 0)
(-0.00133345 0.152101 0)
(-0.000489811 0.149725 0)
(-0.0174398 0.0649969 0)
(-0.0164051 0.0764735 0)
(-0.0152335 0.0867681 0)
(-0.0139936 0.0959491 0)
(-0.0127359 0.104128 0)
(-0.0114982 0.111412 0)
(-0.0103049 0.117888 0)
(-0.00917035 0.123629 0)
(-0.00810264 0.128694 0)
(-0.00710508 0.133134 0)
(-0.00617764 0.136996 0)
(-0.00531763 0.140326 0)
(-0.00451987 0.143167 0)
(-0.00377648 0.14557 0)
(-0.0030766 0.147583 0)
(-0.00240629 0.149236 0)
(-0.00174938 0.150509 0)
(-0.00108351 0.151183 0)
(-0.000394757 0.148707 0)
)
;

boundaryField
{
    leftWall
    {
        type            noSlip;
    }
    rightWall
    {
        type            noSlip;
    }
    lowerWall
    {
        type            noSlip;
    }
    atmosphere
    {
        type            pressureInletOutletVelocity;
        value           nonuniform List<vector> 
46
(
(0 -0.187023 0)
(0 -0.239836 0)
(0 -0.22503 0)
(0 -0.216443 0)
(0 -0.20891 0)
(0 -0.201069 0)
(0 -0.192291 0)
(0 -0.182323 0)
(0 -0.171128 0)
(0 -0.158792 0)
(0 -0.145461 0)
(0 -0.131306 0)
(0 -0.116502 0)
(0 -0.101221 0)
(0 -0.0856217 0)
(0 -0.0698485 0)
(0 -0.0540318 0)
(0 -0.0383256 0)
(0 -0.0230599 0)
(0 -0.00929954 0)
(-0.0162012 0.00429314 0)
(-0.0173404 0.018412 0)
(-0.0182008 0.0307975 0)
(-0.0182947 0.0397001 0)
(-0.0182373 0.0452332 0)
(-0.0180958 0.0507454 0)
(-0.0178919 0.0562036 0)
(-0.0174398 0.0649969 0)
(-0.0164051 0.0764735 0)
(-0.0152335 0.0867681 0)
(-0.0139936 0.0959491 0)
(-0.0127359 0.104128 0)
(-0.0114982 0.111412 0)
(-0.0103049 0.117888 0)
(-0.00917035 0.123629 0)
(-0.00810264 0.128694 0)
(-0.00710508 0.133134 0)
(-0.00617764 0.136996 0)
(-0.00531763 0.140326 0)
(-0.00451987 0.143167 0)
(-0.00377648 0.14557 0)
(-0.0030766 0.147583 0)
(-0.00240629 0.149236 0)
(-0.00174938 0.150509 0)
(-0.00108351 0.151183 0)
(-0.000394757 0.148707 0)
)
;
    }
    defaultFaces
    {
        type            empty;
    }
}


// ************************************************************************* //
